0.000000 1.000000 1.000000 : 1.000000 1.000000 1.000000
10.000000 0.978527 0.978527 : 0.978458 0.978487 0.978636
20.000000 0.964942 0.964942 : 0.965018 0.965004 0.964803
30.000000 0.945544 0.945545 : 0.945777 0.945691 0.945165
40.000000 0.923659 0.923659 : 0.924007 0.923869 0.923101
50.000000 0.901536 0.901533 : 0.902031 0.901890 0.900687
60.000000 0.880866 0.880859 : 0.881511 0.881321 0.879766
70.000000 0.867358 0.867343 : 0.868122 0.867943 0.866010
80.000000 0.847410 0.847386 : 0.848217 0.848093 0.845919
90.000000 0.834000 0.833967 : 0.834845 0.834766 0.832390
100.000000 0.818860 0.818816 : 0.819792 0.819783 0.817005
110.000000 0.805780 0.805726 : 0.806707 0.806776 0.803858
120.000000 0.795231 0.795167 : 0.796143 0.796307 0.793244
130.000000 0.783969 0.783897 : 0.784855 0.785106 0.781948
140.000000 0.771765 0.771686 : 0.772610 0.772953 0.769732
150.000000 0.759297 0.759211 : 0.760106 0.760546 0.757238
160.000000 0.748022 0.747933 : 0.748739 0.749262 0.746066
170.000000 0.735159 0.735062 : 0.735814 0.736405 0.733259
180.000000 0.724389 0.724285 : 0.724978 0.725621 0.722569
190.000000 0.711664 0.711547 : 0.712164 0.712861 0.709967
200.000000 0.699777 0.699649 : 0.700170 0.700900 0.698262
210.000000 0.689440 0.689298 : 0.689715 0.690519 0.688086
220.000000 0.677986 0.677828 : 0.678117 0.678985 0.676855
230.000000 0.667629 0.667457 : 0.667637 0.668539 0.666710
240.000000 0.656379 0.656193 : 0.656246 0.657195 0.655696
250.000000 0.647655 0.647454 : 0.647370 0.648361 0.647233
260.000000 0.637700 0.637485 : 0.637259 0.638299 0.637543
270.000000 0.628553 0.628322 : 0.627963 0.629001 0.628696
280.000000 0.619467 0.619220 : 0.618726 0.619797 0.619880
290.000000 0.610599 0.610336 : 0.609690 0.610787 0.611319
300.000000 0.602368 0.602087 : 0.601291 0.602400 0.603413
310.000000 0.593620 0.593323 : 0.592385 0.593507 0.594968
320.000000 0.585566 0.585251 : 0.584156 0.585310 0.587231
330.000000 0.577100 0.576768 : 0.575533 0.576699 0.579069
340.000000 0.569630 0.569280 : 0.567896 0.569058 0.571934
350.000000 0.561588 0.561219 : 0.559695 0.560856 0.564214
360.000000 0.554173 0.553785 : 0.552126 0.553277 0.557118
370.000000 0.546650 0.546237 : 0.544456 0.545566 0.549930
380.000000 0.539556 0.539117 : 0.537220 0.538295 0.543153
390.000000 0.532918 0.532452 : 0.530424 0.531477 0.536854
400.000000 0.525684 0.525187 : 0.523042 0.524053 0.529957
410.000000 0.519263 0.518738 : 0.516485 0.517448 0.523855
420.000000 0.512456 0.511901 : 0.509540 0.510442 0.517385
430.000000 0.506310 0.505728 : 0.503250 0.504096 0.511584
440.000000 0.500022 0.499415 : 0.496832 0.497609 0.505624
450.000000 0.493782 0.493150 : 0.490459 0.491172 0.499717
460.000000 0.488095 0.487440 : 0.484627 0.485290 0.494366
470.000000 0.482197 0.481519 : 0.478596 0.479208 0.488788
480.000000 0.476581 0.475878 : 0.472844 0.473407 0.483493
490.000000 0.470784 0.470056 : 0.466908 0.467431 0.478014
500.000000 0.465469 0.464715 : 0.461457 0.461938 0.473010
510.000000 0.459927 0.459149 : 0.455785 0.456229 0.467768
520.000000 0.454650 0.453845 : 0.450364 0.450781 0.462806
530.000000 0.449694 0.448862 : 0.445270 0.445649 0.458164
540.000000 0.444480 0.443623 : 0.439930 0.440268 0.453243
550.000000 0.439538 0.438658 : 0.434863 0.435146 0.448605
560.000000 0.434665 0.433762 : 0.429868 0.430101 0.444025
570.000000 0.430063 0.429142 : 0.425147 0.425331 0.439710
580.000000 0.425193 0.424254 : 0.420163 0.420299 0.435117
590.000000 0.420739 0.419782 : 0.415590 0.415680 0.430948
600.000000 0.416294 0.415318 : 0.411028 0.411080 0.426772
610.000000 0.411791 0.410791 : 0.406396 0.406437 0.422540
620.000000 0.407601 0.406580 : 0.402069 0.402102 0.418632
630.000000 0.403311 0.402261 : 0.397653 0.397667 0.414613
640.000000 0.399175 0.398102 : 0.393383 0.393392 0.410750
650.000000 0.395068 0.393965 : 0.389147 0.389143 0.406915
660.000000 0.391172 0.390040 : 0.385131 0.385107 0.403279
670.000000 0.387164 0.386008 : 0.381008 0.380958 0.399524
680.000000 0.383283 0.382101 : 0.377018 0.376939 0.395893
690.000000 0.379543 0.378341 : 0.373169 0.373069 0.392391
700.000000 0.375801 0.374577 : 0.369317 0.369199 0.388886
710.000000 0.372172 0.370928 : 0.365584 0.365430 0.385502
720.000000 0.368543 0.367280 : 0.361853 0.361674 0.382102
730.000000 0.365035 0.363751 : 0.358250 0.358039 0.378817
740.000000 0.361525 0.360220 : 0.354643 0.354404 0.375527
750.000000 0.358139 0.356812 : 0.351149 0.350897 0.372370
760.000000 0.354742 0.353396 : 0.347653 0.347394 0.369179
770.000000 0.351439 0.350072 : 0.344251 0.343984 0.366083
780.000000 0.348261 0.346873 : 0.340962 0.340703 0.363117
790.000000 0.345009 0.343597 : 0.337602 0.337365 0.360060
800.000000 0.341909 0.340478 : 0.334404 0.334166 0.357157
810.000000 0.338794 0.337346 : 0.331197 0.330962 0.354224
820.000000 0.335741 0.334278 : 0.328055 0.327816 0.351351
830.000000 0.332747 0.331268 : 0.324970 0.324732 0.348539
840.000000 0.329791 0.328295 : 0.321923 0.321680 0.345769
850.000000 0.326906 0.325394 : 0.318944 0.318702 0.343070
860.000000 0.324028 0.322494 : 0.315968 0.315732 0.340383
870.000000 0.321286 0.319730 : 0.313125 0.312903 0.337829
880.000000 0.318531 0.316955 : 0.310271 0.310060 0.335261
890.000000 0.315835 0.314238 : 0.307484 0.307271 0.332751
900.000000 0.313180 0.311564 : 0.304733 0.304545 0.330262
910.000000 0.310563 0.308924 : 0.302017 0.301858 0.327814
920.000000 0.308003 0.306342 : 0.299356 0.299222 0.325432
930.000000 0.305482 0.303796 : 0.296738 0.296629 0.323080
940.000000 0.302991 0.301282 : 0.294151 0.294081 0.320741
950.000000 0.300520 0.298785 : 0.291570 0.291561 0.318427
960.000000 0.298138 0.296378 : 0.289087 0.289116 0.316211
970.000000 0.295758 0.293974 : 0.286607 0.286689 0.313978
980.000000 0.293381 0.291575 : 0.284131 0.284259 0.311752
990.000000 0.291053 0.289223 : 0.281710 0.281869 0.309582
1000.000000 0.288766 0.286912 : 0.279336 0.279518 0.307444
1010.000000 0.286517 0.284644 : 0.277004 0.277202 0.305346
1020.000000 0.284286 0.282391 : 0.274700 0.274901 0.303257
1030.000000 0.282080 0.280169 : 0.272423 0.272628 0.301189
1040.000000 0.279908 0.277976 : 0.270175 0.270400 0.299150
1050.000000 0.277782 0.275831 : 0.267973 0.268207 0.297165
1060.000000 0.275665 0.273694 : 0.265793 0.266025 0.295178
1070.000000 0.273572 0.271583 : 0.263633 0.263871 0.293212
1080.000000 0.271537 0.269532 : 0.261525 0.261777 0.291308
1090.000000 0.269526 0.267501 : 0.259448 0.259712 0.289417
1100.000000 0.267537 0.265495 : 0.257393 0.257674 0.287545
1110.000000 0.265581 0.263519 : 0.255373 0.255671 0.285699
1120.000000 0.263659 0.261574 : 0.253404 0.253688 0.283886
1130.000000 0.261748 0.259635 : 0.251441 0.251726 0.282076
1140.000000 0.259877 0.257736 : 0.249532 0.249796 0.280303
1150.000000 0.258048 0.255878 : 0.247665 0.247908 0.278571
1160.000000 0.256221 0.254024 : 0.245799 0.246023 0.276840
1170.000000 0.254408 0.252184 : 0.243945 0.244155 0.275123
1180.000000 0.252643 0.250396 : 0.242135 0.242334 0.273459
1190.000000 0.250886 0.248613 : 0.240344 0.240517 0.271797
1200.000000 0.249144 0.246847 : 0.238547 0.238738 0.270146
1210.000000 0.247419 0.245101 : 0.236775 0.236971 0.268510
1220.000000 0.245713 0.243373 : 0.235017 0.235231 0.266890
1230.000000 0.244041 0.241684 : 0.233276 0.233544 0.265302
1240.000000 0.242382 0.240007 : 0.231550 0.231875 0.263722
1250.000000 0.240733 0.238338 : 0.229828 0.230208 0.262162
1260.000000 0.239113 0.236703 : 0.228141 0.228574 0.260624
1270.000000 0.237504 0.235077 : 0.226456 0.226965 0.259090
1280.000000 0.235924 0.233477 : 0.224805 0.225377 0.257589
1290.000000 0.234363 0.231897 : 0.223170 0.223807 0.256113
1300.000000 0.232831 0.230342 : 0.221570 0.222270 0.254654
1310.000000 0.231316 0.228802 : 0.219989 0.220741 0.253217
1320.000000 0.229815 0.227273 : 0.218423 0.219222 0.251800
1330.000000 0.228353 0.225784 : 0.216897 0.217748 0.250414
1340.000000 0.226891 0.224290 : 0.215377 0.216273 0.249024
1350.000000 0.225457 0.222824 : 0.213887 0.214822 0.247662
1360.000000 0.224052 0.221387 : 0.212423 0.213399 0.246333
1370.000000 0.222650 0.219948 : 0.210956 0.211991 0.245004
1380.000000 0.221265 0.218527 : 0.209501 0.210597 0.243698
1390.000000 0.219897 0.217118 : 0.208059 0.209226 0.242406
1400.000000 0.218548 0.215731 : 0.206624 0.207897 0.241122
1410.000000 0.217199 0.214342 : 0.205190 0.206567 0.239839
1420.000000 0.215867 0.212970 : 0.203770 0.205264 0.238568
1430.000000 0.214542 0.211614 : 0.202367 0.203967 0.237294
1440.000000 0.213229 0.210258 : 0.200975 0.202684 0.236027
1450.000000 0.211930 0.208929 : 0.199592 0.201419 0.234778
1460.000000 0.210640 0.207597 : 0.198230 0.200155 0.233535
1470.000000 0.209364 0.206282 : 0.196879 0.198910 0.232304
1480.000000 0.208109 0.204984 : 0.195543 0.197699 0.231084
1490.000000 0.206858 0.203692 : 0.194214 0.196488 0.229872
1500.000000 0.205620 0.202416 : 0.192886 0.195296 0.228679
1510.000000 0.204398 0.201152 : 0.191581 0.194125 0.227488
1520.000000 0.203191 0.199907 : 0.190293 0.192963 0.226317
1530.000000 0.202000 0.198671 : 0.189031 0.191816 0.225154
1540.000000 0.200811 0.197441 : 0.187771 0.190664 0.223997
1550.000000 0.199640 0.196228 : 0.186528 0.189534 0.222858
1560.000000 0.198484 0.195031 : 0.185321 0.188405 0.221725
1570.000000 0.197339 0.193846 : 0.184116 0.187288 0.220612
1580.000000 0.196209 0.192674 : 0.182927 0.186189 0.219510
1590.000000 0.195076 0.191504 : 0.181749 0.185067 0.218412
1600.000000 0.193974 0.190359 : 0.180614 0.183987 0.217321
1610.000000 0.192881 0.189226 : 0.179491 0.182912 0.216241
1620.000000 0.191798 0.188103 : 0.178370 0.181851 0.215172
1630.000000 0.190737 0.187002 : 0.177273 0.180813 0.214127
1640.000000 0.189683 0.185913 : 0.176165 0.179781 0.213102
1650.000000 0.188635 0.184831 : 0.175067 0.178765 0.212072
1660.000000 0.187598 0.183763 : 0.173967 0.177756 0.211071
1670.000000 0.186572 0.182707 : 0.172887 0.176763 0.210068
1680.000000 0.185549 0.181653 : 0.171797 0.175781 0.209067
1690.000000 0.184528 0.180605 : 0.170711 0.174809 0.208065
1700.000000 0.183523 0.179575 : 0.169652 0.173844 0.207074
1710.000000 0.182524 0.178548 : 0.168588 0.172897 0.206088
1720.000000 0.181525 0.177526 : 0.167532 0.171946 0.205097
1730.000000 0.180541 0.176519 : 0.166492 0.171009 0.204121
1740.000000 0.179564 0.175522 : 0.165467 0.170072 0.203154
1750.000000 0.178594 0.174528 : 0.164432 0.169150 0.202198
1760.000000 0.177633 0.173544 : 0.163410 0.168233 0.201257
1770.000000 0.176680 0.172571 : 0.162387 0.167325 0.200328
1780.000000 0.175748 0.171610 : 0.161386 0.166446 0.199413
1790.000000 0.174828 0.170663 : 0.160399 0.165578 0.198508
1800.000000 0.173908 0.169717 : 0.159410 0.164711 0.197603
1810.000000 0.173002 0.168782 : 0.158433 0.163866 0.196706
1820.000000 0.172111 0.167866 : 0.157465 0.163034 0.195834
1830.000000 0.171226 0.166955 : 0.156514 0.162216 0.194948
1840.000000 0.170349 0.166055 : 0.155549 0.161421 0.194078
1850.000000 0.169489 0.165169 : 0.154604 0.160642 0.193222
1860.000000 0.168631 0.164287 : 0.153661 0.159866 0.192365
1870.000000 0.167777 0.163413 : 0.152714 0.159097 0.191520
1880.000000 0.166927 0.162543 : 0.151775 0.158330 0.190675
1890.000000 0.166084 0.161683 : 0.150852 0.157552 0.189849
1900.000000 0.165242 0.160823 : 0.149926 0.156786 0.189014
1910.000000 0.164419 0.159979 : 0.149009 0.156030 0.188218
1920.000000 0.163599 0.159141 : 0.148115 0.155267 0.187414
1930.000000 0.162777 0.158301 : 0.147216 0.154502 0.186615
1940.000000 0.161975 0.157478 : 0.146340 0.153749 0.185835
1950.000000 0.161183 0.156664 : 0.145481 0.152998 0.185069
1960.000000 0.160399 0.155857 : 0.144631 0.152253 0.184312
1970.000000 0.159622 0.155058 : 0.143794 0.151517 0.183555
1980.000000 0.158856 0.154268 : 0.142950 0.150793 0.182825
1990.000000 0.158095 0.153483 : 0.142124 0.150068 0.182094
2000.000000 0.157342 0.152705 : 0.141290 0.149356 0.181379
