0.000000 1.000000 1.000000 : 1.000000 1.000000 1.000000
10.000000 0.992208 0.992208 : 0.992183 0.992194 0.992248
20.000000 0.987200 0.987200 : 0.987228 0.987223 0.987148
30.000000 0.979905 0.979905 : 0.979993 0.979960 0.979763
40.000000 0.971476 0.971476 : 0.971610 0.971556 0.971261
50.000000 0.962701 0.962701 : 0.962898 0.962839 0.962366
60.000000 0.954279 0.954278 : 0.954542 0.954462 0.953832
70.000000 0.948485 0.948483 : 0.948805 0.948725 0.947926
80.000000 0.939996 0.939993 : 0.940347 0.940285 0.939357
90.000000 0.934101 0.934096 : 0.934479 0.934431 0.933393
100.000000 0.927360 0.927352 : 0.927785 0.927765 0.926529
110.000000 0.921489 0.921480 : 0.921924 0.921937 0.920608
120.000000 0.916589 0.916578 : 0.917026 0.917082 0.915660
130.000000 0.911396 0.911383 : 0.911829 0.911928 0.910430
140.000000 0.905816 0.905802 : 0.906238 0.906386 0.904825
150.000000 0.900028 0.900012 : 0.900440 0.900641 0.899004
160.000000 0.894769 0.894752 : 0.895145 0.895395 0.893768
170.000000 0.888666 0.888647 : 0.889019 0.889313 0.887666
180.000000 0.883484 0.883463 : 0.883810 0.884141 0.882501
190.000000 0.877357 0.877333 : 0.877647 0.878017 0.876408
200.000000 0.871486 0.871458 : 0.871728 0.872130 0.870599
210.000000 0.866260 0.866229 : 0.866449 0.866900 0.865431
220.000000 0.860453 0.860418 : 0.860576 0.861072 0.859710
230.000000 0.855111 0.855073 : 0.855173 0.855706 0.854454
240.000000 0.849243 0.849201 : 0.849235 0.849812 0.848683
250.000000 0.844549 0.844503 : 0.844462 0.845085 0.844101
260.000000 0.839209 0.839160 : 0.839040 0.839715 0.838873
270.000000 0.834219 0.834165 : 0.833966 0.834675 0.834017
280.000000 0.829234 0.829176 : 0.828896 0.829652 0.829154
290.000000 0.824285 0.824223 : 0.823851 0.824657 0.824347
300.000000 0.819636 0.819569 : 0.819102 0.819951 0.819855
310.000000 0.814676 0.814604 : 0.814047 0.814939 0.815043
320.000000 0.810064 0.809986 : 0.809329 0.810272 0.810589
330.000000 0.805145 0.805062 : 0.804309 0.805299 0.805827
340.000000 0.800750 0.800662 : 0.799809 0.800835 0.801607
350.000000 0.796021 0.795926 : 0.794977 0.796039 0.797048
360.000000 0.791560 0.791457 : 0.790412 0.791508 0.792760
370.000000 0.787050 0.786939 : 0.785802 0.786915 0.788433
380.000000 0.782682 0.782562 : 0.781337 0.782468 0.784241
390.000000 0.778566 0.778436 : 0.777117 0.778270 0.780312
400.000000 0.774083 0.773943 : 0.772535 0.773700 0.776014
410.000000 0.770027 0.769876 : 0.768383 0.769561 0.772137
420.000000 0.765723 0.765562 : 0.763982 0.765167 0.768021
430.000000 0.761744 0.761573 : 0.759904 0.761093 0.764235
440.000000 0.757697 0.757516 : 0.755764 0.756954 0.760374
450.000000 0.753624 0.753434 : 0.751596 0.752787 0.756490
460.000000 0.749844 0.749644 : 0.747717 0.748912 0.752902
470.000000 0.745912 0.745703 : 0.743691 0.744889 0.749155
480.000000 0.742139 0.741922 : 0.739824 0.741026 0.745568
490.000000 0.738218 0.737991 : 0.735808 0.737013 0.741834
500.000000 0.734557 0.734320 : 0.732055 0.733260 0.738357
510.000000 0.730753 0.730505 : 0.728158 0.729369 0.734731
520.000000 0.727066 0.726807 : 0.724375 0.725593 0.731229
530.000000 0.723559 0.723290 : 0.720775 0.721997 0.727906
540.000000 0.719875 0.719595 : 0.717001 0.718225 0.724398
550.000000 0.716352 0.716062 : 0.713389 0.714613 0.721055
560.000000 0.712827 0.712526 : 0.709774 0.711001 0.717705
570.000000 0.709469 0.709159 : 0.706328 0.707559 0.714519
580.000000 0.705930 0.705611 : 0.702704 0.703936 0.711151
590.000000 0.702616 0.702288 : 0.699302 0.700540 0.708007
600.000000 0.699310 0.698973 : 0.695911 0.697156 0.704864
610.000000 0.695938 0.695591 : 0.692450 0.693708 0.701656
620.000000 0.692753 0.692396 : 0.689175 0.690447 0.698638
630.000000 0.689486 0.689118 : 0.685823 0.687104 0.695531
640.000000 0.686312 0.685933 : 0.682561 0.683857 0.692517
650.000000 0.683126 0.682736 : 0.679288 0.680596 0.689494
660.000000 0.680074 0.679673 : 0.676157 0.677470 0.686595
670.000000 0.676944 0.676534 : 0.672950 0.674267 0.683616
680.000000 0.673871 0.673449 : 0.669800 0.671121 0.680691
690.000000 0.670890 0.670459 : 0.666747 0.668071 0.677850
700.000000 0.667886 0.667446 : 0.663672 0.665001 0.674986
710.000000 0.664956 0.664506 : 0.660675 0.661998 0.672194
720.000000 0.662004 0.661546 : 0.657659 0.658980 0.669374
730.000000 0.659133 0.658666 : 0.654727 0.656043 0.666629
740.000000 0.656250 0.655773 : 0.651784 0.653095 0.663872
750.000000 0.653432 0.652946 : 0.648902 0.650213 0.661181
760.000000 0.650612 0.650115 : 0.646022 0.647335 0.658478
770.000000 0.647828 0.647322 : 0.643178 0.644495 0.655810
780.000000 0.645129 0.644613 : 0.640416 0.641741 0.653230
790.000000 0.642369 0.641842 : 0.637594 0.638930 0.650583
800.000000 0.639703 0.639167 : 0.634865 0.636213 0.648031
810.000000 0.637026 0.636481 : 0.632130 0.633486 0.645463
820.000000 0.634385 0.633832 : 0.629431 0.630796 0.642927
830.000000 0.631773 0.631212 : 0.626758 0.628137 0.640425
840.000000 0.629180 0.628610 : 0.624106 0.625491 0.637942
850.000000 0.626638 0.626061 : 0.621505 0.622901 0.635509
860.000000 0.624082 0.623497 : 0.618887 0.620294 0.633065
870.000000 0.621610 0.621017 : 0.616351 0.617773 0.630706
880.000000 0.619123 0.618523 : 0.613800 0.615237 0.628332
890.000000 0.616673 0.616067 : 0.611290 0.612736 0.625994
900.000000 0.614242 0.613630 : 0.608796 0.610260 0.623670
910.000000 0.611825 0.611207 : 0.606316 0.607799 0.621361
920.000000 0.609452 0.608827 : 0.603880 0.605379 0.619096
930.000000 0.607093 0.606462 : 0.601461 0.602975 0.616844
940.000000 0.604757 0.604120 : 0.599064 0.600597 0.614611
950.000000 0.602423 0.601778 : 0.596666 0.598224 0.612378
960.000000 0.600148 0.599497 : 0.594328 0.595907 0.610209
970.000000 0.597878 0.597219 : 0.591996 0.593598 0.608039
980.000000 0.595605 0.594940 : 0.589661 0.591288 0.605867
990.000000 0.593368 0.592694 : 0.587361 0.589013 0.603729
1000.000000 0.591153 0.590472 : 0.585086 0.586762 0.601612
1010.000000 0.588970 0.588281 : 0.582842 0.584538 0.599530
1020.000000 0.586788 0.586092 : 0.580605 0.582315 0.597445
1030.000000 0.584628 0.583926 : 0.578391 0.580110 0.595383
1040.000000 0.582486 0.581777 : 0.576195 0.577928 0.593336
1050.000000 0.580372 0.579657 : 0.574030 0.575767 0.591319
1060.000000 0.578264 0.577543 : 0.571878 0.573610 0.589306
1070.000000 0.576170 0.575443 : 0.569739 0.571471 0.587300
1080.000000 0.574118 0.573385 : 0.567643 0.569374 0.585338
1090.000000 0.572071 0.571332 : 0.565551 0.567283 0.583379
1100.000000 0.570044 0.569299 : 0.563482 0.565213 0.581437
1110.000000 0.568037 0.567287 : 0.561431 0.563169 0.579512
1120.000000 0.566050 0.565293 : 0.559406 0.561138 0.577605
1130.000000 0.564067 0.563303 : 0.557383 0.559118 0.575700
1140.000000 0.562108 0.561337 : 0.555386 0.557122 0.573815
1150.000000 0.560184 0.559407 : 0.553428 0.555161 0.571965
1160.000000 0.558257 0.557473 : 0.551462 0.553200 0.570109
1170.000000 0.556342 0.555551 : 0.549509 0.551254 0.568264
1180.000000 0.554460 0.553661 : 0.547585 0.549341 0.566453
1190.000000 0.552586 0.551781 : 0.545675 0.547433 0.564651
1200.000000 0.550722 0.549909 : 0.543769 0.545544 0.562852
1210.000000 0.548868 0.548047 : 0.541872 0.543664 0.561067
1220.000000 0.547029 0.546201 : 0.539992 0.541799 0.559295
1230.000000 0.545212 0.544376 : 0.538126 0.539965 0.557544
1240.000000 0.543405 0.542562 : 0.536271 0.538141 0.555802
1250.000000 0.541598 0.540748 : 0.534414 0.536316 0.554064
1260.000000 0.539817 0.538961 : 0.532583 0.534520 0.552348
1270.000000 0.538041 0.537178 : 0.530756 0.532736 0.550632
1280.000000 0.536281 0.535410 : 0.528943 0.530964 0.548937
1290.000000 0.534540 0.533662 : 0.527152 0.529211 0.547258
1300.000000 0.532815 0.531928 : 0.525377 0.527476 0.545592
1310.000000 0.531098 0.530203 : 0.523610 0.525747 0.543936
1320.000000 0.529390 0.528486 : 0.521854 0.524025 0.542292
1330.000000 0.527712 0.526799 : 0.520127 0.522335 0.540673
1340.000000 0.526030 0.525106 : 0.518398 0.520645 0.539046
1350.000000 0.524364 0.523430 : 0.516685 0.518968 0.537438
1360.000000 0.522723 0.521778 : 0.514999 0.517319 0.535851
1370.000000 0.521082 0.520125 : 0.513312 0.515674 0.534260
1380.000000 0.519451 0.518482 : 0.511630 0.514040 0.532683
1390.000000 0.517834 0.516851 : 0.509964 0.512421 0.531116
1400.000000 0.516231 0.515234 : 0.508308 0.510825 0.529559
1410.000000 0.514630 0.513618 : 0.506653 0.509232 0.528003
1420.000000 0.513045 0.512018 : 0.505012 0.507660 0.526465
1430.000000 0.511470 0.510427 : 0.503381 0.506096 0.524933
1440.000000 0.509900 0.508840 : 0.501758 0.504540 0.523402
1450.000000 0.508350 0.507275 : 0.500150 0.503003 0.521897
1460.000000 0.506802 0.505708 : 0.498547 0.501468 0.520390
1470.000000 0.505267 0.504157 : 0.496956 0.499948 0.518897
1480.000000 0.503745 0.502617 : 0.495377 0.498444 0.517414
1490.000000 0.502231 0.501085 : 0.493807 0.496948 0.515938
1500.000000 0.500724 0.499562 : 0.492243 0.495459 0.514470
1510.000000 0.499226 0.498045 : 0.490688 0.493985 0.513004
1520.000000 0.497743 0.496547 : 0.489148 0.492526 0.511555
1530.000000 0.496267 0.495052 : 0.487619 0.491074 0.510108
1540.000000 0.494797 0.493566 : 0.486095 0.489629 0.508667
1550.000000 0.493340 0.492091 : 0.484584 0.488198 0.507237
1560.000000 0.491891 0.490628 : 0.483085 0.486775 0.505814
1570.000000 0.490452 0.489174 : 0.481595 0.485361 0.504401
1580.000000 0.489024 0.487731 : 0.480118 0.483960 0.502995
1590.000000 0.487600 0.486292 : 0.478645 0.482557 0.501597
1600.000000 0.486192 0.484869 : 0.477196 0.481173 0.500207
1610.000000 0.484793 0.483455 : 0.475753 0.479800 0.498826
1620.000000 0.483402 0.482049 : 0.474321 0.478434 0.497453
1630.000000 0.482030 0.480660 : 0.472906 0.477088 0.496095
1640.000000 0.480663 0.479277 : 0.471493 0.475747 0.494748
1650.000000 0.479304 0.477903 : 0.470089 0.474418 0.493405
1660.000000 0.477959 0.476541 : 0.468695 0.473101 0.492081
1670.000000 0.476622 0.475188 : 0.467311 0.471794 0.490762
1680.000000 0.475291 0.473840 : 0.465925 0.470498 0.489451
1690.000000 0.473965 0.472497 : 0.464547 0.469205 0.488142
1700.000000 0.472653 0.471169 : 0.463185 0.467929 0.486844
1710.000000 0.471344 0.469844 : 0.461822 0.466660 0.485551
1720.000000 0.470038 0.468523 : 0.460465 0.465394 0.484257
1730.000000 0.468747 0.467214 : 0.459122 0.464141 0.482977
1740.000000 0.467462 0.465913 : 0.457787 0.462894 0.481704
1750.000000 0.466182 0.464615 : 0.456453 0.461653 0.480440
1760.000000 0.464910 0.463325 : 0.455129 0.460418 0.479183
1770.000000 0.463648 0.462044 : 0.453813 0.459194 0.477936
1780.000000 0.462395 0.460770 : 0.452506 0.457983 0.476697
1790.000000 0.461154 0.459507 : 0.451214 0.456781 0.475467
1800.000000 0.459916 0.458247 : 0.449922 0.455585 0.474241
1810.000000 0.458690 0.456998 : 0.448644 0.454402 0.473024
1820.000000 0.457474 0.455760 : 0.447373 0.453231 0.471820
1830.000000 0.456266 0.454528 : 0.446113 0.452070 0.470614
1840.000000 0.455067 0.453307 : 0.444858 0.450923 0.469421
1850.000000 0.453875 0.452094 : 0.443610 0.449784 0.468231
1860.000000 0.452688 0.450885 : 0.442366 0.448652 0.467045
1870.000000 0.451504 0.449681 : 0.441123 0.447525 0.465863
1880.000000 0.450325 0.448483 : 0.439889 0.446400 0.464686
1890.000000 0.449152 0.447291 : 0.438664 0.445274 0.463518
1900.000000 0.447983 0.446103 : 0.437441 0.444159 0.462350
1910.000000 0.446827 0.444927 : 0.436230 0.443049 0.461202
1920.000000 0.445676 0.443757 : 0.435031 0.441940 0.460055
1930.000000 0.444529 0.442590 : 0.433837 0.440835 0.458915
1940.000000 0.443395 0.441434 : 0.432654 0.439742 0.457788
1950.000000 0.442270 0.440288 : 0.431483 0.438654 0.456673
1960.000000 0.441152 0.439147 : 0.430317 0.437572 0.455566
1970.000000 0.440043 0.438017 : 0.429163 0.436501 0.454466
1980.000000 0.438943 0.436894 : 0.428011 0.435436 0.453381
1990.000000 0.437846 0.435776 : 0.426866 0.434371 0.452300
2000.000000 0.436757 0.434666 : 0.425726 0.433315 0.451231
