0.000000 1.000000 1.000000 : 1.000000 1.000000 1.000000
10.000000 0.999614 0.999614 : 0.999612 0.999613 0.999616
20.000000 0.999363 0.999363 : 0.999365 0.999364 0.999360
30.000000 0.998994 0.998994 : 0.998999 0.998997 0.998987
40.000000 0.998562 0.998562 : 0.998569 0.998567 0.998551
50.000000 0.998106 0.998106 : 0.998116 0.998113 0.998088
60.000000 0.997660 0.997660 : 0.997674 0.997670 0.997637
70.000000 0.997346 0.997346 : 0.997363 0.997358 0.997316
80.000000 0.996885 0.996885 : 0.996904 0.996901 0.996850
90.000000 0.996559 0.996559 : 0.996580 0.996577 0.996520
100.000000 0.996184 0.996184 : 0.996208 0.996206 0.996137
110.000000 0.995854 0.995854 : 0.995879 0.995880 0.995804
120.000000 0.995574 0.995574 : 0.995599 0.995602 0.995521
130.000000 0.995278 0.995278 : 0.995303 0.995309 0.995222
140.000000 0.994961 0.994961 : 0.994986 0.994994 0.994902
150.000000 0.994629 0.994629 : 0.994654 0.994665 0.994568
160.000000 0.994326 0.994326 : 0.994349 0.994364 0.994266
170.000000 0.993972 0.993972 : 0.993994 0.994011 0.993910
180.000000 0.993668 0.993668 : 0.993689 0.993709 0.993607
190.000000 0.993309 0.993309 : 0.993327 0.993350 0.993248
200.000000 0.992959 0.992959 : 0.992975 0.993001 0.992901
210.000000 0.992643 0.992643 : 0.992657 0.992685 0.992588
220.000000 0.992291 0.992291 : 0.992301 0.992333 0.992240
230.000000 0.991964 0.991964 : 0.991970 0.992006 0.991917
240.000000 0.991602 0.991602 : 0.991604 0.991643 0.991560
250.000000 0.991307 0.991306 : 0.991303 0.991347 0.991270
260.000000 0.990971 0.990971 : 0.990962 0.991010 0.990940
270.000000 0.990653 0.990653 : 0.990640 0.990691 0.990629
280.000000 0.990334 0.990334 : 0.990315 0.990371 0.990317
290.000000 0.990015 0.990014 : 0.989989 0.990050 0.990005
300.000000 0.989711 0.989711 : 0.989679 0.989745 0.989710
310.000000 0.989387 0.989387 : 0.989348 0.989418 0.989394
320.000000 0.989083 0.989082 : 0.989036 0.989112 0.989099
330.000000 0.988756 0.988755 : 0.988702 0.988783 0.988781
340.000000 0.988460 0.988460 : 0.988399 0.988485 0.988496
350.000000 0.988142 0.988142 : 0.988074 0.988164 0.988189
360.000000 0.987838 0.987837 : 0.987761 0.987857 0.987895
370.000000 0.987530 0.987529 : 0.987446 0.987545 0.987598
380.000000 0.987227 0.987226 : 0.987135 0.987238 0.987306
390.000000 0.986939 0.986938 : 0.986839 0.986947 0.987030
400.000000 0.986626 0.986625 : 0.986518 0.986630 0.986729
410.000000 0.986338 0.986337 : 0.986223 0.986338 0.986453
420.000000 0.986033 0.986032 : 0.985910 0.986029 0.986159
430.000000 0.985746 0.985745 : 0.985615 0.985738 0.985885
440.000000 0.985454 0.985453 : 0.985315 0.985442 0.985605
450.000000 0.985158 0.985157 : 0.985011 0.985142 0.985321
460.000000 0.984879 0.984878 : 0.984724 0.984859 0.985055
470.000000 0.984589 0.984588 : 0.984425 0.984564 0.984776
480.000000 0.984308 0.984307 : 0.984136 0.984279 0.984508
490.000000 0.984014 0.984013 : 0.983835 0.983981 0.984227
500.000000 0.983737 0.983736 : 0.983550 0.983699 0.983961
510.000000 0.983449 0.983447 : 0.983253 0.983407 0.983685
520.000000 0.983166 0.983164 : 0.982962 0.983120 0.983415
530.000000 0.982894 0.982892 : 0.982682 0.982844 0.983155
540.000000 0.982608 0.982607 : 0.982388 0.982554 0.982882
550.000000 0.982332 0.982331 : 0.982105 0.982274 0.982618
560.000000 0.982054 0.982053 : 0.981818 0.981992 0.982352
570.000000 0.981786 0.981785 : 0.981543 0.981720 0.982097
580.000000 0.981505 0.981504 : 0.981253 0.981435 0.981828
590.000000 0.981237 0.981236 : 0.980977 0.981163 0.981572
600.000000 0.980970 0.980968 : 0.980702 0.980892 0.981315
610.000000 0.980695 0.980693 : 0.980419 0.980614 0.981053
620.000000 0.980432 0.980431 : 0.980148 0.980347 0.980802
630.000000 0.980163 0.980161 : 0.979870 0.980074 0.980543
640.000000 0.979898 0.979896 : 0.979598 0.979806 0.980290
650.000000 0.979631 0.979629 : 0.979323 0.979536 0.980035
660.000000 0.979373 0.979371 : 0.979057 0.979274 0.979787
670.000000 0.979108 0.979106 : 0.978784 0.979006 0.979533
680.000000 0.978845 0.978843 : 0.978514 0.978740 0.979281
690.000000 0.978588 0.978586 : 0.978250 0.978481 0.979034
700.000000 0.978328 0.978326 : 0.977982 0.978219 0.978784
710.000000 0.978073 0.978071 : 0.977720 0.977961 0.978539
720.000000 0.977815 0.977812 : 0.977454 0.977700 0.978289
730.000000 0.977561 0.977559 : 0.977194 0.977444 0.978045
740.000000 0.977306 0.977303 : 0.976932 0.977187 0.977799
750.000000 0.977054 0.977051 : 0.976673 0.976933 0.977556
760.000000 0.976801 0.976798 : 0.976414 0.976678 0.977311
770.000000 0.976549 0.976546 : 0.976155 0.976425 0.977068
780.000000 0.976303 0.976300 : 0.975902 0.976177 0.976830
790.000000 0.976051 0.976048 : 0.975644 0.975923 0.976586
800.000000 0.975805 0.975802 : 0.975391 0.975676 0.976349
810.000000 0.975557 0.975554 : 0.975136 0.975426 0.976109
820.000000 0.975311 0.975308 : 0.974884 0.975179 0.975871
830.000000 0.975067 0.975063 : 0.974632 0.974933 0.975635
840.000000 0.974822 0.974819 : 0.974381 0.974687 0.975399
850.000000 0.974582 0.974578 : 0.974133 0.974445 0.975166
860.000000 0.974338 0.974335 : 0.973883 0.974201 0.974931
870.000000 0.974100 0.974097 : 0.973637 0.973962 0.974702
880.000000 0.973860 0.973857 : 0.973390 0.973721 0.974470
890.000000 0.973623 0.973619 : 0.973146 0.973482 0.974241
900.000000 0.973386 0.973382 : 0.972901 0.973244 0.974012
910.000000 0.973148 0.973145 : 0.972657 0.973006 0.973783
920.000000 0.972914 0.972910 : 0.972415 0.972770 0.973557
930.000000 0.972680 0.972676 : 0.972174 0.972535 0.973330
940.000000 0.972446 0.972442 : 0.971933 0.972301 0.973105
950.000000 0.972212 0.972208 : 0.971692 0.972066 0.972879
960.000000 0.971981 0.971977 : 0.971454 0.971834 0.972656
970.000000 0.971751 0.971747 : 0.971216 0.971603 0.972434
980.000000 0.971519 0.971515 : 0.970977 0.971370 0.972210
990.000000 0.971289 0.971285 : 0.970740 0.971140 0.971988
1000.000000 0.971061 0.971056 : 0.970503 0.970911 0.971767
1010.000000 0.970834 0.970830 : 0.970269 0.970684 0.971549
1020.000000 0.970606 0.970602 : 0.970034 0.970456 0.971329
1030.000000 0.970380 0.970376 : 0.969801 0.970229 0.971111
1040.000000 0.970155 0.970150 : 0.969568 0.970003 0.970893
1050.000000 0.969931 0.969926 : 0.969337 0.969778 0.970677
1060.000000 0.969707 0.969702 : 0.969106 0.969553 0.970460
1070.000000 0.969483 0.969478 : 0.968876 0.969329 0.970244
1080.000000 0.969262 0.969257 : 0.968648 0.969107 0.970030
1090.000000 0.969040 0.969035 : 0.968420 0.968885 0.969816
1100.000000 0.968820 0.968815 : 0.968193 0.968663 0.969603
1110.000000 0.968600 0.968596 : 0.967967 0.968444 0.969391
1120.000000 0.968382 0.968377 : 0.967742 0.968224 0.969179
1130.000000 0.968163 0.968158 : 0.967516 0.968005 0.968967
1140.000000 0.967945 0.967940 : 0.967292 0.967787 0.968755
1150.000000 0.967730 0.967725 : 0.967071 0.967572 0.968546
1160.000000 0.967513 0.967508 : 0.966849 0.967356 0.968336
1170.000000 0.967298 0.967293 : 0.966627 0.967141 0.968126
1180.000000 0.967084 0.967079 : 0.966407 0.966928 0.967918
1190.000000 0.966871 0.966866 : 0.966188 0.966715 0.967710
1200.000000 0.966658 0.966653 : 0.965970 0.966503 0.967501
1210.000000 0.966445 0.966440 : 0.965751 0.966291 0.967294
1220.000000 0.966233 0.966228 : 0.965534 0.966080 0.967087
1230.000000 0.966023 0.966017 : 0.965317 0.965870 0.966881
1240.000000 0.965812 0.965807 : 0.965101 0.965660 0.966675
1250.000000 0.965601 0.965596 : 0.964884 0.965451 0.966469
1260.000000 0.965392 0.965386 : 0.964669 0.965242 0.966265
1270.000000 0.965183 0.965177 : 0.964454 0.965035 0.966060
1280.000000 0.964974 0.964968 : 0.964239 0.964827 0.965856
1290.000000 0.964767 0.964761 : 0.964026 0.964621 0.965653
1300.000000 0.964560 0.964554 : 0.963813 0.964416 0.965451
1310.000000 0.964353 0.964347 : 0.963600 0.964211 0.965249
1320.000000 0.964147 0.964141 : 0.963388 0.964006 0.965047
1330.000000 0.963943 0.963936 : 0.963178 0.963803 0.964847
1340.000000 0.963737 0.963731 : 0.962967 0.963600 0.964646
1350.000000 0.963533 0.963527 : 0.962757 0.963397 0.964445
1360.000000 0.963330 0.963324 : 0.962548 0.963196 0.964246
1370.000000 0.963127 0.963121 : 0.962339 0.962995 0.964046
1380.000000 0.962924 0.962918 : 0.962130 0.962795 0.963847
1390.000000 0.962722 0.962715 : 0.961922 0.962595 0.963648
1400.000000 0.962520 0.962514 : 0.961715 0.962396 0.963450
1410.000000 0.962318 0.962312 : 0.961507 0.962197 0.963252
1420.000000 0.962118 0.962111 : 0.961300 0.961999 0.963054
1430.000000 0.961917 0.961911 : 0.961093 0.961801 0.962857
1440.000000 0.961717 0.961710 : 0.960887 0.961604 0.962659
1450.000000 0.961518 0.961511 : 0.960683 0.961409 0.962464
1460.000000 0.961319 0.961312 : 0.960477 0.961213 0.962267
1470.000000 0.961121 0.961114 : 0.960273 0.961018 0.962072
1480.000000 0.960923 0.960916 : 0.960070 0.960824 0.961877
1490.000000 0.960726 0.960719 : 0.959867 0.960630 0.961682
1500.000000 0.960529 0.960522 : 0.959664 0.960437 0.961487
1510.000000 0.960333 0.960326 : 0.959462 0.960244 0.961293
1520.000000 0.960137 0.960130 : 0.959260 0.960053 0.961099
1530.000000 0.959942 0.959935 : 0.959059 0.959862 0.960905
1540.000000 0.959747 0.959740 : 0.958858 0.959671 0.960711
1550.000000 0.959552 0.959545 : 0.958658 0.959481 0.960518
1560.000000 0.959358 0.959351 : 0.958457 0.959292 0.960326
1570.000000 0.959165 0.959158 : 0.958258 0.959103 0.960134
1580.000000 0.958972 0.958965 : 0.958059 0.958915 0.959942
1590.000000 0.958780 0.958772 : 0.957860 0.958728 0.959751
1600.000000 0.958588 0.958581 : 0.957662 0.958541 0.959560
1610.000000 0.958396 0.958389 : 0.957464 0.958355 0.959370
1620.000000 0.958205 0.958198 : 0.957267 0.958169 0.959180
1630.000000 0.958016 0.958008 : 0.957071 0.957985 0.958991
1640.000000 0.957826 0.957819 : 0.956875 0.957800 0.958802
1650.000000 0.957636 0.957629 : 0.956679 0.957617 0.958613
1660.000000 0.957448 0.957441 : 0.956484 0.957434 0.958426
1670.000000 0.957260 0.957253 : 0.956290 0.957251 0.958238
1680.000000 0.957072 0.957065 : 0.956096 0.957069 0.958051
1690.000000 0.956884 0.956877 : 0.955902 0.956887 0.957864
1700.000000 0.956698 0.956690 : 0.955709 0.956707 0.957677
1710.000000 0.956511 0.956504 : 0.955516 0.956526 0.957491
1720.000000 0.956324 0.956317 : 0.955323 0.956346 0.957304
1730.000000 0.956138 0.956131 : 0.955131 0.956166 0.957118
1740.000000 0.955953 0.955946 : 0.954940 0.955987 0.956932
1750.000000 0.955768 0.955760 : 0.954748 0.955808 0.956746
1760.000000 0.955583 0.955575 : 0.954557 0.955630 0.956561
1770.000000 0.955399 0.955391 : 0.954367 0.955452 0.956377
1780.000000 0.955215 0.955207 : 0.954177 0.955275 0.956192
1790.000000 0.955031 0.955024 : 0.953988 0.955098 0.956008
1800.000000 0.954848 0.954841 : 0.953799 0.954922 0.955824
1810.000000 0.954666 0.954658 : 0.953611 0.954746 0.955641
1820.000000 0.954484 0.954476 : 0.953423 0.954571 0.955458
1830.000000 0.954302 0.954294 : 0.953236 0.954397 0.955275
1840.000000 0.954122 0.954114 : 0.953049 0.954223 0.955093
1850.000000 0.953941 0.953933 : 0.952862 0.954050 0.954911
1860.000000 0.953761 0.953753 : 0.952676 0.953877 0.954729
1870.000000 0.953581 0.953573 : 0.952490 0.953704 0.954548
1880.000000 0.953401 0.953393 : 0.952304 0.953532 0.954366
1890.000000 0.953221 0.953213 : 0.952119 0.953360 0.954185
1900.000000 0.953042 0.953034 : 0.951934 0.953188 0.954004
1910.000000 0.952863 0.952855 : 0.951749 0.953017 0.953825
1920.000000 0.952685 0.952677 : 0.951565 0.952846 0.953645
1930.000000 0.952507 0.952499 : 0.951381 0.952675 0.953466
1940.000000 0.952330 0.952322 : 0.951198 0.952505 0.953288
1950.000000 0.952154 0.952145 : 0.951015 0.952336 0.953110
1960.000000 0.951977 0.951969 : 0.950833 0.952167 0.952933
1970.000000 0.951802 0.951793 : 0.950651 0.951998 0.952756
1980.000000 0.951627 0.951618 : 0.950470 0.951831 0.952580
1990.000000 0.951452 0.951443 : 0.950289 0.951663 0.952405
2000.000000 0.951278 0.951269 : 0.950109 0.951496 0.952230
