0.000000 1.000000 1.000000 : 1.000000 1.000000 1.000000
10.000000 0.998455 0.998455 : 0.998450 0.998453 0.998463
20.000000 0.997455 0.997455 : 0.997461 0.997460 0.997445
30.000000 0.995986 0.995986 : 0.996003 0.995997 0.995957
40.000000 0.994268 0.994268 : 0.994296 0.994285 0.994224
50.000000 0.992456 0.992456 : 0.992497 0.992484 0.992387
60.000000 0.990694 0.990694 : 0.990749 0.990732 0.990601
70.000000 0.989453 0.989453 : 0.989521 0.989504 0.989335
80.000000 0.987639 0.987639 : 0.987714 0.987700 0.987502
90.000000 0.986358 0.986358 : 0.986440 0.986429 0.986204
100.000000 0.984884 0.984884 : 0.984978 0.984972 0.984702
110.000000 0.983594 0.983593 : 0.983691 0.983692 0.983398
120.000000 0.982499 0.982498 : 0.982597 0.982608 0.982291
130.000000 0.981341 0.981340 : 0.981439 0.981460 0.981122
140.000000 0.980100 0.980099 : 0.980197 0.980230 0.979873
150.000000 0.978804 0.978804 : 0.978901 0.978945 0.978568
160.000000 0.977623 0.977622 : 0.977712 0.977768 0.977388
170.000000 0.976242 0.976241 : 0.976327 0.976395 0.976005
180.000000 0.975059 0.975058 : 0.975139 0.975216 0.974823
190.000000 0.973661 0.973660 : 0.973733 0.973821 0.973429
200.000000 0.972304 0.972303 : 0.972366 0.972463 0.972082
210.000000 0.971081 0.971080 : 0.971131 0.971242 0.970870
220.000000 0.969720 0.969718 : 0.969755 0.969879 0.969524
230.000000 0.968455 0.968453 : 0.968477 0.968612 0.968277
240.000000 0.967058 0.967056 : 0.967064 0.967213 0.966899
250.000000 0.965921 0.965919 : 0.965908 0.966071 0.965785
260.000000 0.964630 0.964627 : 0.964596 0.964777 0.964516
270.000000 0.963411 0.963408 : 0.963357 0.963550 0.963325
280.000000 0.962188 0.962185 : 0.962113 0.962322 0.962128
290.000000 0.960963 0.960960 : 0.960864 0.961091 0.960934
300.000000 0.959804 0.959800 : 0.959679 0.959923 0.959810
310.000000 0.958564 0.958560 : 0.958414 0.958675 0.958603
320.000000 0.957403 0.957399 : 0.957225 0.957506 0.957478
330.000000 0.956157 0.956152 : 0.955952 0.956251 0.956268
340.000000 0.955033 0.955028 : 0.954800 0.955115 0.955185
350.000000 0.953824 0.953819 : 0.953562 0.953894 0.954016
360.000000 0.952669 0.952663 : 0.952378 0.952726 0.952902
370.000000 0.951501 0.951495 : 0.951182 0.951543 0.951779
380.000000 0.950355 0.950348 : 0.950007 0.950382 0.950675
390.000000 0.949268 0.949260 : 0.948890 0.949279 0.949633
400.000000 0.948084 0.948076 : 0.947678 0.948080 0.948495
410.000000 0.947000 0.946991 : 0.946566 0.946980 0.947456
420.000000 0.945850 0.945840 : 0.945386 0.945813 0.946351
430.000000 0.944772 0.944761 : 0.944278 0.944717 0.945321
440.000000 0.943676 0.943665 : 0.943153 0.943604 0.944271
450.000000 0.942566 0.942554 : 0.942014 0.942476 0.943208
460.000000 0.941523 0.941510 : 0.940940 0.941415 0.942213
470.000000 0.940436 0.940422 : 0.939824 0.940310 0.941172
480.000000 0.939386 0.939372 : 0.938745 0.939244 0.940170
490.000000 0.938292 0.938277 : 0.937621 0.938131 0.939123
500.000000 0.937258 0.937242 : 0.936559 0.937079 0.938136
510.000000 0.936185 0.936168 : 0.935456 0.935989 0.937109
520.000000 0.935133 0.935116 : 0.934375 0.934920 0.936105
530.000000 0.934125 0.934107 : 0.933337 0.933893 0.935145
540.000000 0.933065 0.933046 : 0.932248 0.932816 0.934131
550.000000 0.932045 0.932025 : 0.931199 0.931779 0.933158
560.000000 0.931017 0.930996 : 0.930141 0.930733 0.932176
570.000000 0.930029 0.930008 : 0.929125 0.929729 0.931234
580.000000 0.928992 0.928969 : 0.928058 0.928675 0.930243
590.000000 0.928006 0.927982 : 0.927043 0.927673 0.929302
600.000000 0.927020 0.926996 : 0.926029 0.926672 0.928361
610.000000 0.926012 0.925987 : 0.924991 0.925648 0.927396
620.000000 0.925049 0.925023 : 0.923999 0.924670 0.926478
630.000000 0.924060 0.924033 : 0.922981 0.923666 0.925532
640.000000 0.923093 0.923065 : 0.921986 0.922685 0.924608
650.000000 0.922117 0.922088 : 0.920981 0.921694 0.923675
660.000000 0.921174 0.921144 : 0.920011 0.920737 0.922774
670.000000 0.920208 0.920177 : 0.919018 0.919757 0.921848
680.000000 0.919251 0.919219 : 0.918034 0.918787 0.920932
690.000000 0.918317 0.918285 : 0.917074 0.917841 0.920037
700.000000 0.917373 0.917340 : 0.916104 0.916885 0.919130
710.000000 0.916447 0.916413 : 0.915153 0.915947 0.918241
720.000000 0.915510 0.915475 : 0.914192 0.914999 0.917339
730.000000 0.914593 0.914557 : 0.913252 0.914072 0.916457
740.000000 0.913670 0.913633 : 0.912305 0.913139 0.915567
750.000000 0.912760 0.912722 : 0.911371 0.912218 0.914691
760.000000 0.911848 0.911810 : 0.910437 0.911297 0.913811
770.000000 0.910941 0.910901 : 0.909507 0.910381 0.912935
780.000000 0.910056 0.910015 : 0.908598 0.909487 0.912082
790.000000 0.909150 0.909108 : 0.907669 0.908573 0.911207
800.000000 0.908267 0.908224 : 0.906763 0.907683 0.910355
810.000000 0.907379 0.907336 : 0.905853 0.906787 0.909498
820.000000 0.906499 0.906454 : 0.904949 0.905900 0.908648
830.000000 0.905624 0.905578 : 0.904050 0.905018 0.907804
840.000000 0.904751 0.904705 : 0.903154 0.904137 0.906962
850.000000 0.903892 0.903845 : 0.902272 0.903271 0.906133
860.000000 0.903025 0.902977 : 0.901380 0.902397 0.905297
870.000000 0.902178 0.902129 : 0.900509 0.901544 0.904481
880.000000 0.901326 0.901276 : 0.899632 0.900684 0.903660
890.000000 0.900482 0.900431 : 0.898764 0.899834 0.902847
900.000000 0.899640 0.899589 : 0.897899 0.898986 0.902035
910.000000 0.898800 0.898748 : 0.897034 0.898140 0.901225
920.000000 0.897970 0.897917 : 0.896180 0.897304 0.900426
930.000000 0.897142 0.897088 : 0.895328 0.896469 0.899627
940.000000 0.896318 0.896264 : 0.894481 0.895640 0.898833
950.000000 0.895491 0.895437 : 0.893630 0.894808 0.898036
960.000000 0.894679 0.894624 : 0.892794 0.893990 0.897254
970.000000 0.893868 0.893812 : 0.891958 0.893173 0.896472
980.000000 0.893053 0.892997 : 0.891119 0.892353 0.895687
990.000000 0.892247 0.892190 : 0.890288 0.891543 0.894910
1000.000000 0.891445 0.891387 : 0.889461 0.890736 0.894137
1010.000000 0.890651 0.890592 : 0.888642 0.889938 0.893373
1020.000000 0.889855 0.889795 : 0.887822 0.889137 0.892606
1030.000000 0.889064 0.889004 : 0.887008 0.888341 0.891844
1040.000000 0.888277 0.888216 : 0.886197 0.887549 0.891085
1050.000000 0.887495 0.887434 : 0.885393 0.886761 0.890332
1060.000000 0.886715 0.886653 : 0.884591 0.885973 0.889579
1070.000000 0.885936 0.885873 : 0.883792 0.885189 0.888826
1080.000000 0.885168 0.885105 : 0.883004 0.884415 0.888085
1090.000000 0.884398 0.884335 : 0.882213 0.883640 0.887342
1100.000000 0.883634 0.883570 : 0.881429 0.882870 0.886604
1110.000000 0.882874 0.882809 : 0.880648 0.882105 0.885870
1120.000000 0.882117 0.882052 : 0.879872 0.881342 0.885138
1130.000000 0.881361 0.881294 : 0.879096 0.880581 0.884405
1140.000000 0.880609 0.880542 : 0.878324 0.879826 0.883677
1150.000000 0.879867 0.879800 : 0.877565 0.879080 0.882956
1160.000000 0.879122 0.879054 : 0.876801 0.878333 0.882233
1170.000000 0.878381 0.878312 : 0.876041 0.877590 0.881511
1180.000000 0.877646 0.877577 : 0.875288 0.876854 0.880797
1190.000000 0.876914 0.876844 : 0.874539 0.876120 0.880084
1200.000000 0.876184 0.876113 : 0.873791 0.875389 0.879371
1210.000000 0.875455 0.875383 : 0.873044 0.874659 0.878660
1220.000000 0.874729 0.874657 : 0.872302 0.873933 0.877953
1230.000000 0.874009 0.873936 : 0.871564 0.873213 0.877251
1240.000000 0.873291 0.873217 : 0.870828 0.872495 0.876550
1250.000000 0.872571 0.872496 : 0.870089 0.871775 0.875848
1260.000000 0.871858 0.871783 : 0.869359 0.871063 0.875153
1270.000000 0.871145 0.871069 : 0.868627 0.870352 0.874457
1280.000000 0.870435 0.870358 : 0.867898 0.869643 0.873765
1290.000000 0.869730 0.869653 : 0.867175 0.868940 0.873076
1300.000000 0.869028 0.868950 : 0.866455 0.868240 0.872390
1310.000000 0.868328 0.868249 : 0.865736 0.867541 0.871706
1320.000000 0.867629 0.867549 : 0.865019 0.866843 0.871023
1330.000000 0.866937 0.866857 : 0.864310 0.866154 0.870347
1340.000000 0.866244 0.866162 : 0.863599 0.865464 0.869668
1350.000000 0.865553 0.865471 : 0.862891 0.864776 0.868993
1360.000000 0.864870 0.864787 : 0.862190 0.864096 0.868322
1370.000000 0.864185 0.864101 : 0.861488 0.863416 0.867650
1380.000000 0.863501 0.863417 : 0.860787 0.862737 0.866980
1390.000000 0.862821 0.862735 : 0.860089 0.862062 0.866311
1400.000000 0.862144 0.862058 : 0.859393 0.861392 0.865646
1410.000000 0.861466 0.861379 : 0.858697 0.860721 0.864980
1420.000000 0.860793 0.860705 : 0.858005 0.860055 0.864318
1430.000000 0.860121 0.860033 : 0.857315 0.859390 0.863658
1440.000000 0.859451 0.859362 : 0.856627 0.858728 0.862997
1450.000000 0.858786 0.858696 : 0.855944 0.858071 0.862343
1460.000000 0.858120 0.858030 : 0.855260 0.857413 0.861687
1470.000000 0.857459 0.857368 : 0.854581 0.856760 0.861035
1480.000000 0.856800 0.856708 : 0.853904 0.856110 0.860385
1490.000000 0.856143 0.856050 : 0.853230 0.855463 0.859736
1500.000000 0.855487 0.855394 : 0.852556 0.854817 0.859089
1510.000000 0.854833 0.854739 : 0.851885 0.854173 0.858441
1520.000000 0.854184 0.854089 : 0.851218 0.853535 0.857798
1530.000000 0.853534 0.853438 : 0.850551 0.852897 0.857154
1540.000000 0.852886 0.852790 : 0.849886 0.852262 0.856511
1550.000000 0.852242 0.852145 : 0.849224 0.851630 0.855872
1560.000000 0.851599 0.851502 : 0.848563 0.851001 0.855234
1570.000000 0.850959 0.850862 : 0.847905 0.850375 0.854598
1580.000000 0.850322 0.850224 : 0.847249 0.849751 0.853965
1590.000000 0.849686 0.849587 : 0.846595 0.849129 0.853333
1600.000000 0.849053 0.848954 : 0.845944 0.848510 0.852704
1610.000000 0.848422 0.848323 : 0.845296 0.847893 0.852077
1620.000000 0.847793 0.847694 : 0.844650 0.847279 0.851451
1630.000000 0.847169 0.847069 : 0.844008 0.846669 0.850829
1640.000000 0.846545 0.846445 : 0.843367 0.846061 0.850208
1650.000000 0.845924 0.845823 : 0.842728 0.845455 0.849588
1660.000000 0.845306 0.845204 : 0.842093 0.844852 0.848972
1670.000000 0.844690 0.844588 : 0.841459 0.844252 0.848358
1680.000000 0.844075 0.843972 : 0.840826 0.843654 0.847744
1690.000000 0.843461 0.843357 : 0.840194 0.843056 0.847132
1700.000000 0.842851 0.842747 : 0.839566 0.842464 0.846522
1710.000000 0.842242 0.842137 : 0.838939 0.841872 0.845914
1720.000000 0.841632 0.841527 : 0.838312 0.841281 0.845304
1730.000000 0.841027 0.840921 : 0.837689 0.840694 0.844697
1740.000000 0.840423 0.840317 : 0.837068 0.840109 0.844093
1750.000000 0.839820 0.839713 : 0.836447 0.839526 0.843489
1760.000000 0.839220 0.839111 : 0.835828 0.838943 0.842887
1770.000000 0.838621 0.838512 : 0.835213 0.838364 0.842288
1780.000000 0.838025 0.837914 : 0.834598 0.837786 0.841689
1790.000000 0.837431 0.837320 : 0.833988 0.837212 0.841093
1800.000000 0.836838 0.836725 : 0.833377 0.836638 0.840498
1810.000000 0.836248 0.836134 : 0.832771 0.836068 0.839905
1820.000000 0.835660 0.835545 : 0.832166 0.835501 0.839314
1830.000000 0.835074 0.834958 : 0.831563 0.834936 0.838724
1840.000000 0.834492 0.834374 : 0.830963 0.834374 0.838137
1850.000000 0.833910 0.833792 : 0.830364 0.833815 0.837550
1860.000000 0.833330 0.833210 : 0.829767 0.833257 0.836965
1870.000000 0.832750 0.832630 : 0.829170 0.832700 0.836380
1880.000000 0.832172 0.832051 : 0.828575 0.832145 0.835797
1890.000000 0.831596 0.831473 : 0.827982 0.831590 0.835216
1900.000000 0.831021 0.830897 : 0.827389 0.831037 0.834636
1910.000000 0.830449 0.830324 : 0.826799 0.830487 0.834060
1920.000000 0.829878 0.829753 : 0.826212 0.829938 0.833485
1930.000000 0.829309 0.829182 : 0.825626 0.829389 0.832913
1940.000000 0.828743 0.828614 : 0.825042 0.828844 0.832343
1950.000000 0.828179 0.828049 : 0.824461 0.828302 0.831776
1960.000000 0.827617 0.827486 : 0.823880 0.827761 0.831211
1970.000000 0.827058 0.826926 : 0.823304 0.827223 0.830648
1980.000000 0.826502 0.826368 : 0.822729 0.826687 0.830089
1990.000000 0.825946 0.825811 : 0.822155 0.826152 0.829531
2000.000000 0.825393 0.825256 : 0.821585 0.825619 0.828976
