0.000000 1.000000 1.000000 : 1.000000 1.000000 1.000000
10.000000 0.999131 0.999131 : 0.999128 0.999129 0.999135
20.000000 0.998568 0.998568 : 0.998571 0.998570 0.998562
30.000000 0.997739 0.997739 : 0.997749 0.997745 0.997723
40.000000 0.996770 0.996770 : 0.996785 0.996779 0.996745
50.000000 0.995746 0.995746 : 0.995769 0.995762 0.995707
60.000000 0.994748 0.994748 : 0.994780 0.994770 0.994696
70.000000 0.994044 0.994044 : 0.994082 0.994073 0.993977
80.000000 0.993015 0.993015 : 0.993058 0.993050 0.992937
90.000000 0.992287 0.992287 : 0.992334 0.992327 0.992199
100.000000 0.991448 0.991448 : 0.991502 0.991499 0.991345
110.000000 0.990714 0.990714 : 0.990769 0.990770 0.990603
120.000000 0.990090 0.990089 : 0.990146 0.990152 0.989971
130.000000 0.989429 0.989429 : 0.989486 0.989498 0.989304
140.000000 0.988722 0.988722 : 0.988778 0.988796 0.988593
150.000000 0.987983 0.987983 : 0.988038 0.988064 0.987848
160.000000 0.987309 0.987309 : 0.987360 0.987392 0.987175
170.000000 0.986521 0.986520 : 0.986569 0.986608 0.986384
180.000000 0.985844 0.985844 : 0.985890 0.985935 0.985708
190.000000 0.985045 0.985045 : 0.985087 0.985137 0.984911
200.000000 0.984268 0.984268 : 0.984304 0.984360 0.984140
210.000000 0.983567 0.983567 : 0.983597 0.983661 0.983445
220.000000 0.982787 0.982786 : 0.982808 0.982879 0.982673
230.000000 0.982061 0.982060 : 0.982074 0.982152 0.981957
240.000000 0.981259 0.981258 : 0.981262 0.981349 0.981165
250.000000 0.980604 0.980604 : 0.980597 0.980692 0.980524
260.000000 0.979861 0.979860 : 0.979842 0.979947 0.979794
270.000000 0.979159 0.979158 : 0.979128 0.979241 0.979107
280.000000 0.978454 0.978453 : 0.978411 0.978534 0.978417
290.000000 0.977747 0.977746 : 0.977691 0.977824 0.977728
300.000000 0.977078 0.977077 : 0.977006 0.977149 0.977078
310.000000 0.976362 0.976360 : 0.976276 0.976429 0.976381
320.000000 0.975690 0.975689 : 0.975588 0.975753 0.975730
330.000000 0.974970 0.974968 : 0.974851 0.975028 0.975029
340.000000 0.974319 0.974317 : 0.974184 0.974370 0.974402
350.000000 0.973618 0.973616 : 0.973467 0.973663 0.973724
360.000000 0.972948 0.972946 : 0.972780 0.972986 0.973078
370.000000 0.972271 0.972268 : 0.972086 0.972300 0.972426
380.000000 0.971604 0.971602 : 0.971403 0.971626 0.971784
390.000000 0.970972 0.970970 : 0.970753 0.970985 0.971178
400.000000 0.970284 0.970281 : 0.970048 0.970288 0.970516
410.000000 0.969653 0.969650 : 0.969400 0.969648 0.969910
420.000000 0.968983 0.968980 : 0.968713 0.968969 0.969267
430.000000 0.968354 0.968350 : 0.968066 0.968330 0.968665
440.000000 0.967715 0.967711 : 0.967410 0.967682 0.968053
450.000000 0.967066 0.967062 : 0.966744 0.967024 0.967431
460.000000 0.966457 0.966452 : 0.966117 0.966404 0.966849
470.000000 0.965821 0.965816 : 0.965464 0.965759 0.966240
480.000000 0.965207 0.965202 : 0.964832 0.965135 0.965653
490.000000 0.964566 0.964561 : 0.964173 0.964485 0.965040
500.000000 0.963960 0.963954 : 0.963550 0.963868 0.964460
510.000000 0.963330 0.963325 : 0.962903 0.963230 0.963858
520.000000 0.962713 0.962707 : 0.962268 0.962602 0.963268
530.000000 0.962120 0.962114 : 0.961658 0.962000 0.962703
540.000000 0.961498 0.961491 : 0.961018 0.961368 0.962107
550.000000 0.960898 0.960891 : 0.960401 0.960758 0.961534
560.000000 0.960292 0.960285 : 0.959777 0.960143 0.960955
570.000000 0.959710 0.959702 : 0.959178 0.959552 0.960400
580.000000 0.959098 0.959091 : 0.958549 0.958931 0.959815
590.000000 0.958516 0.958508 : 0.957950 0.958340 0.959259
600.000000 0.957934 0.957926 : 0.957351 0.957750 0.958703
610.000000 0.957338 0.957330 : 0.956737 0.957145 0.958132
620.000000 0.956769 0.956760 : 0.956150 0.956568 0.957589
630.000000 0.956183 0.956174 : 0.955548 0.955974 0.957028
640.000000 0.955611 0.955601 : 0.954958 0.955394 0.956481
650.000000 0.955032 0.955022 : 0.954362 0.954807 0.955927
660.000000 0.954473 0.954463 : 0.953786 0.954240 0.955392
670.000000 0.953900 0.953889 : 0.953197 0.953660 0.954843
680.000000 0.953331 0.953321 : 0.952612 0.953084 0.954298
690.000000 0.952777 0.952765 : 0.952042 0.952523 0.953765
700.000000 0.952215 0.952204 : 0.951464 0.951955 0.953225
710.000000 0.951664 0.951652 : 0.950898 0.951398 0.952695
720.000000 0.951106 0.951094 : 0.950325 0.950834 0.952158
730.000000 0.950559 0.950547 : 0.949764 0.950282 0.951632
740.000000 0.950009 0.949996 : 0.949199 0.949727 0.951101
750.000000 0.949466 0.949453 : 0.948641 0.949178 0.950577
760.000000 0.948921 0.948908 : 0.948083 0.948629 0.950051
770.000000 0.948379 0.948365 : 0.947527 0.948083 0.949527
780.000000 0.947849 0.947835 : 0.946983 0.947549 0.949016
790.000000 0.947307 0.947293 : 0.946427 0.947003 0.948492
800.000000 0.946778 0.946764 : 0.945883 0.946470 0.947982
810.000000 0.946247 0.946231 : 0.945338 0.945934 0.947468
820.000000 0.945719 0.945703 : 0.944795 0.945403 0.946957
830.000000 0.945193 0.945178 : 0.944255 0.944874 0.946451
840.000000 0.944669 0.944653 : 0.943717 0.944346 0.945945
850.000000 0.944153 0.944137 : 0.943186 0.943827 0.945446
860.000000 0.943632 0.943615 : 0.942650 0.943302 0.944943
870.000000 0.943122 0.943105 : 0.942125 0.942790 0.944452
880.000000 0.942609 0.942592 : 0.941597 0.942273 0.943957
890.000000 0.942100 0.942083 : 0.941073 0.941761 0.943466
900.000000 0.941593 0.941575 : 0.940551 0.941251 0.942977
910.000000 0.941086 0.941068 : 0.940029 0.940742 0.942488
920.000000 0.940585 0.940567 : 0.939513 0.940238 0.942005
930.000000 0.940085 0.940066 : 0.938998 0.939735 0.941522
940.000000 0.939587 0.939568 : 0.938485 0.939234 0.941041
950.000000 0.939087 0.939068 : 0.937970 0.938732 0.940559
960.000000 0.938596 0.938576 : 0.937463 0.938238 0.940085
970.000000 0.938104 0.938084 : 0.936957 0.937744 0.939611
980.000000 0.937610 0.937591 : 0.936448 0.937248 0.939135
990.000000 0.937121 0.937101 : 0.935943 0.936758 0.938663
1000.000000 0.936635 0.936614 : 0.935441 0.936270 0.938193
1010.000000 0.936153 0.936132 : 0.934943 0.935786 0.937729
1020.000000 0.935669 0.935648 : 0.934444 0.935300 0.937262
1030.000000 0.935188 0.935167 : 0.933949 0.934817 0.936799
1040.000000 0.934709 0.934688 : 0.933455 0.934336 0.936337
1050.000000 0.934233 0.934212 : 0.932965 0.933858 0.935878
1060.000000 0.933758 0.933736 : 0.932475 0.933380 0.935419
1070.000000 0.933283 0.933261 : 0.931987 0.932903 0.934960
1080.000000 0.932815 0.932793 : 0.931506 0.932432 0.934507
1090.000000 0.932346 0.932323 : 0.931023 0.931960 0.934054
1100.000000 0.931879 0.931856 : 0.930543 0.931491 0.933603
1110.000000 0.931414 0.931392 : 0.930065 0.931024 0.933154
1120.000000 0.930952 0.930929 : 0.929590 0.930559 0.932706
1130.000000 0.930489 0.930465 : 0.929114 0.930095 0.932257
1140.000000 0.930028 0.930005 : 0.928641 0.929633 0.931811
1150.000000 0.929574 0.929550 : 0.928174 0.929178 0.931369
1160.000000 0.929117 0.929093 : 0.927705 0.928721 0.930926
1170.000000 0.928662 0.928638 : 0.927239 0.928266 0.930482
1180.000000 0.928212 0.928187 : 0.926776 0.927816 0.930044
1190.000000 0.927762 0.927738 : 0.926315 0.927366 0.929605
1200.000000 0.927313 0.927288 : 0.925855 0.926918 0.929167
1210.000000 0.926865 0.926840 : 0.925395 0.926471 0.928729
1220.000000 0.926419 0.926393 : 0.924938 0.926025 0.928294
1230.000000 0.925975 0.925950 : 0.924482 0.925583 0.927861
1240.000000 0.925533 0.925507 : 0.924028 0.925142 0.927429
1250.000000 0.925089 0.925063 : 0.923573 0.924699 0.926996
1260.000000 0.924650 0.924623 : 0.923122 0.924261 0.926567
1270.000000 0.924210 0.924183 : 0.922670 0.923824 0.926137
1280.000000 0.923772 0.923745 : 0.922219 0.923387 0.925709
1290.000000 0.923337 0.923309 : 0.921772 0.922954 0.925284
1300.000000 0.922903 0.922875 : 0.921327 0.922522 0.924859
1310.000000 0.922470 0.922442 : 0.920882 0.922091 0.924436
1320.000000 0.922037 0.922009 : 0.920437 0.921661 0.924013
1330.000000 0.921609 0.921580 : 0.919998 0.921235 0.923594
1340.000000 0.921179 0.921150 : 0.919557 0.920808 0.923173
1350.000000 0.920751 0.920722 : 0.919117 0.920383 0.922754
1360.000000 0.920327 0.920298 : 0.918682 0.919963 0.922337
1370.000000 0.919902 0.919872 : 0.918246 0.919541 0.921920
1380.000000 0.919478 0.919448 : 0.917810 0.919121 0.921504
1390.000000 0.919055 0.919025 : 0.917375 0.918703 0.921088
1400.000000 0.918634 0.918604 : 0.916942 0.918287 0.920674
1410.000000 0.918213 0.918182 : 0.916509 0.917871 0.920260
1420.000000 0.917794 0.917763 : 0.916078 0.917457 0.919848
1430.000000 0.917376 0.917345 : 0.915648 0.917044 0.919436
1440.000000 0.916959 0.916927 : 0.915219 0.916632 0.919025
1450.000000 0.916544 0.916513 : 0.914792 0.916224 0.918617
1460.000000 0.916129 0.916097 : 0.914366 0.915815 0.918208
1470.000000 0.915717 0.915685 : 0.913941 0.915408 0.917801
1480.000000 0.915305 0.915273 : 0.913518 0.915003 0.917395
1490.000000 0.914895 0.914863 : 0.913097 0.914600 0.916990
1500.000000 0.914486 0.914453 : 0.912676 0.914197 0.916585
1510.000000 0.914077 0.914044 : 0.912255 0.913796 0.916180
1520.000000 0.913671 0.913637 : 0.911838 0.913397 0.915777
1530.000000 0.913264 0.913231 : 0.911420 0.912999 0.915374
1540.000000 0.912859 0.912825 : 0.911003 0.912602 0.914972
1550.000000 0.912455 0.912422 : 0.910588 0.912207 0.914571
1560.000000 0.912053 0.912019 : 0.910173 0.911814 0.914171
1570.000000 0.911652 0.911618 : 0.909760 0.911422 0.913773
1580.000000 0.911252 0.911218 : 0.909348 0.911032 0.913376
1590.000000 0.910853 0.910818 : 0.908936 0.910642 0.912979
1600.000000 0.910455 0.910421 : 0.908527 0.910255 0.912584
1610.000000 0.910059 0.910025 : 0.908119 0.909868 0.912190
1620.000000 0.909664 0.909629 : 0.907712 0.909483 0.911797
1630.000000 0.909271 0.909236 : 0.907307 0.909100 0.911406
1640.000000 0.908879 0.908844 : 0.906903 0.908718 0.911015
1650.000000 0.908487 0.908452 : 0.906499 0.908337 0.910624
1660.000000 0.908098 0.908063 : 0.906098 0.907958 0.910237
1670.000000 0.907709 0.907674 : 0.905698 0.907581 0.909849
1680.000000 0.907322 0.907286 : 0.905298 0.907204 0.909462
1690.000000 0.906934 0.906899 : 0.904898 0.906828 0.909076
1700.000000 0.906549 0.906513 : 0.904501 0.906455 0.908691
1710.000000 0.906164 0.906129 : 0.904104 0.906082 0.908306
1720.000000 0.905779 0.905744 : 0.903708 0.905709 0.907921
1730.000000 0.905396 0.905361 : 0.903313 0.905339 0.907538
1740.000000 0.905015 0.904979 : 0.902920 0.904969 0.907155
1750.000000 0.904633 0.904597 : 0.902526 0.904601 0.906773
1760.000000 0.904253 0.904216 : 0.902134 0.904233 0.906391
1770.000000 0.903874 0.903837 : 0.901743 0.903866 0.906011
1780.000000 0.903495 0.903458 : 0.901353 0.903501 0.905632
1790.000000 0.903119 0.903081 : 0.900965 0.903137 0.905254
1800.000000 0.902743 0.902705 : 0.900578 0.902774 0.904876
1810.000000 0.902368 0.902330 : 0.900192 0.902412 0.904500
1820.000000 0.901994 0.901956 : 0.899807 0.902053 0.904124
1830.000000 0.901622 0.901583 : 0.899423 0.901694 0.903748
1840.000000 0.901251 0.901212 : 0.899041 0.901337 0.903375
1850.000000 0.900881 0.900842 : 0.898660 0.900981 0.903002
1860.000000 0.900512 0.900472 : 0.898279 0.900627 0.902629
1870.000000 0.900143 0.900103 : 0.897899 0.900272 0.902257
1880.000000 0.899774 0.899734 : 0.897519 0.899919 0.901885
1890.000000 0.899407 0.899367 : 0.897140 0.899566 0.901515
1900.000000 0.899040 0.899000 : 0.896762 0.899214 0.901145
1910.000000 0.898675 0.898634 : 0.896385 0.898863 0.900777
1920.000000 0.898311 0.898270 : 0.896010 0.898513 0.900410
1930.000000 0.897947 0.897906 : 0.895635 0.898163 0.900044
1940.000000 0.897585 0.897543 : 0.895261 0.897815 0.899680
1950.000000 0.897225 0.897183 : 0.894889 0.897469 0.899317
1960.000000 0.896865 0.896822 : 0.894517 0.897123 0.898955
1970.000000 0.896507 0.896464 : 0.894147 0.896780 0.898595
1980.000000 0.896151 0.896107 : 0.893779 0.896437 0.898236
1990.000000 0.895795 0.895751 : 0.893410 0.896095 0.897879
2000.000000 0.895440 0.895396 : 0.893044 0.895754 0.897522
