0.000000 1.000000 1.000000 : 1.000000 1.000000 1.000000
10.000000 0.996528 0.996528 : 0.996517 0.996522 0.996546
20.000000 0.994286 0.994286 : 0.994299 0.994296 0.994263
30.000000 0.990999 0.990999 : 0.991039 0.991024 0.990935
40.000000 0.987172 0.987172 : 0.987233 0.987208 0.987074
50.000000 0.983150 0.983150 : 0.983240 0.983213 0.982997
60.000000 0.979255 0.979255 : 0.979377 0.979340 0.979049
70.000000 0.976532 0.976532 : 0.976681 0.976643 0.976272
80.000000 0.972549 0.972548 : 0.972714 0.972684 0.972248
90.000000 0.969751 0.969750 : 0.969931 0.969907 0.969415
100.000000 0.966538 0.966536 : 0.966742 0.966730 0.966142
110.000000 0.963730 0.963728 : 0.963940 0.963944 0.963305
120.000000 0.961359 0.961357 : 0.961572 0.961597 0.960909
130.000000 0.958850 0.958847 : 0.959063 0.959109 0.958379
140.000000 0.956161 0.956158 : 0.956369 0.956440 0.955673
150.000000 0.953358 0.953354 : 0.953563 0.953660 0.952851
160.000000 0.950804 0.950801 : 0.950994 0.951116 0.950304
170.000000 0.947827 0.947823 : 0.948006 0.948152 0.947323
180.000000 0.945284 0.945279 : 0.945452 0.945617 0.944783
190.000000 0.942278 0.942272 : 0.942428 0.942616 0.941789
200.000000 0.939371 0.939365 : 0.939500 0.939705 0.938908
210.000000 0.936762 0.936755 : 0.936866 0.937099 0.936323
220.000000 0.933860 0.933851 : 0.933931 0.934190 0.933458
230.000000 0.931172 0.931163 : 0.931213 0.931495 0.930809
240.000000 0.928209 0.928199 : 0.928215 0.928523 0.927889
250.000000 0.925810 0.925799 : 0.925777 0.926113 0.925541
260.000000 0.923084 0.923072 : 0.923008 0.923377 0.922866
270.000000 0.920519 0.920506 : 0.920400 0.920793 0.920364
280.000000 0.917950 0.917936 : 0.917787 0.918211 0.917852
290.000000 0.915384 0.915369 : 0.915171 0.915629 0.915354
300.000000 0.912962 0.912945 : 0.912695 0.913183 0.913007
310.000000 0.910373 0.910355 : 0.910055 0.910574 0.910490
320.000000 0.907954 0.907935 : 0.907579 0.908134 0.908149
330.000000 0.905364 0.905343 : 0.904933 0.905522 0.905636
340.000000 0.903035 0.903012 : 0.902546 0.903164 0.903395
350.000000 0.900529 0.900504 : 0.899982 0.900630 0.900974
360.000000 0.898144 0.898118 : 0.897539 0.898215 0.898678
370.000000 0.895734 0.895705 : 0.895072 0.895769 0.896362
380.000000 0.893378 0.893347 : 0.892660 0.893378 0.894097
390.000000 0.891149 0.891115 : 0.890371 0.891113 0.891963
400.000000 0.888722 0.888685 : 0.887887 0.888648 0.889632
410.000000 0.886509 0.886468 : 0.885617 0.886398 0.887511
420.000000 0.884159 0.884116 : 0.883210 0.884009 0.885259
430.000000 0.881967 0.881921 : 0.880959 0.881774 0.883167
440.000000 0.879739 0.879690 : 0.878675 0.879506 0.881037
450.000000 0.877486 0.877434 : 0.876365 0.877211 0.878882
460.000000 0.875378 0.875323 : 0.874198 0.875061 0.876876
470.000000 0.873183 0.873126 : 0.871947 0.872826 0.874778
480.000000 0.871069 0.871008 : 0.869775 0.870670 0.872761
490.000000 0.868866 0.868802 : 0.867514 0.868426 0.870658
500.000000 0.866793 0.866726 : 0.865386 0.866310 0.868683
510.000000 0.864641 0.864571 : 0.863177 0.864119 0.866627
520.000000 0.862540 0.862466 : 0.861019 0.861976 0.864624
530.000000 0.860531 0.860454 : 0.858952 0.859925 0.862714
540.000000 0.858419 0.858339 : 0.856786 0.857774 0.860699
550.000000 0.856392 0.856308 : 0.854703 0.855705 0.858769
560.000000 0.854353 0.854265 : 0.852607 0.853626 0.856824
570.000000 0.852401 0.852310 : 0.850600 0.851636 0.854966
580.000000 0.850347 0.850253 : 0.848492 0.849543 0.853006
590.000000 0.848405 0.848308 : 0.846495 0.847564 0.851157
600.000000 0.846466 0.846366 : 0.844502 0.845589 0.849308
610.000000 0.844484 0.844380 : 0.842464 0.843571 0.847416
620.000000 0.842598 0.842491 : 0.840522 0.841650 0.845622
630.000000 0.840662 0.840551 : 0.838533 0.839679 0.843774
640.000000 0.838773 0.838659 : 0.836590 0.837756 0.841973
650.000000 0.836870 0.836753 : 0.834633 0.835819 0.840159
660.000000 0.835038 0.834916 : 0.832749 0.833953 0.838411
670.000000 0.833160 0.833035 : 0.830822 0.832042 0.836616
680.000000 0.831305 0.831176 : 0.828918 0.830154 0.834844
690.000000 0.829499 0.829368 : 0.827064 0.828319 0.833115
700.000000 0.827676 0.827540 : 0.825193 0.826466 0.831368
710.000000 0.825890 0.825751 : 0.823363 0.824649 0.829657
720.000000 0.824086 0.823944 : 0.821516 0.822817 0.827926
730.000000 0.822325 0.822180 : 0.819714 0.821028 0.826234
740.000000 0.820554 0.820406 : 0.817901 0.819230 0.824532
750.000000 0.818813 0.818661 : 0.816117 0.817461 0.822860
760.000000 0.817069 0.816914 : 0.814333 0.815694 0.821181
770.000000 0.815339 0.815180 : 0.812563 0.813940 0.819514
780.000000 0.813654 0.813492 : 0.810837 0.812232 0.817894
790.000000 0.811931 0.811765 : 0.809073 0.810487 0.816234
800.000000 0.810258 0.810088 : 0.807357 0.808793 0.814623
810.000000 0.808576 0.808402 : 0.805636 0.807089 0.813002
820.000000 0.806910 0.806734 : 0.803931 0.805405 0.811396
830.000000 0.805259 0.805079 : 0.802237 0.803734 0.809805
840.000000 0.803613 0.803430 : 0.800552 0.802067 0.808222
850.000000 0.801997 0.801811 : 0.798895 0.800431 0.806666
860.000000 0.800367 0.800178 : 0.797223 0.798781 0.805098
870.000000 0.798782 0.798589 : 0.795594 0.797176 0.803575
880.000000 0.797185 0.796990 : 0.793955 0.795560 0.802041
890.000000 0.795608 0.795410 : 0.792337 0.793962 0.800525
900.000000 0.794038 0.793838 : 0.790725 0.792373 0.799015
910.000000 0.792472 0.792270 : 0.789117 0.790790 0.797510
920.000000 0.790930 0.790725 : 0.787533 0.789228 0.796028
930.000000 0.789392 0.789185 : 0.785954 0.787672 0.794550
940.000000 0.787865 0.787656 : 0.784388 0.786127 0.793082
950.000000 0.786335 0.786123 : 0.782816 0.784581 0.791610
960.000000 0.784837 0.784623 : 0.781275 0.783065 0.790171
970.000000 0.783340 0.783124 : 0.779737 0.781551 0.788733
980.000000 0.781840 0.781620 : 0.778195 0.780034 0.787290
990.000000 0.780357 0.780135 : 0.776670 0.778537 0.785865
1000.000000 0.778886 0.778661 : 0.775156 0.777051 0.784450
1010.000000 0.777431 0.777204 : 0.773659 0.775580 0.783054
1020.000000 0.775974 0.775744 : 0.772163 0.774106 0.781653
1030.000000 0.774529 0.774297 : 0.770679 0.772643 0.780265
1040.000000 0.773093 0.772858 : 0.769204 0.771191 0.778883
1050.000000 0.771669 0.771432 : 0.767744 0.769748 0.777516
1060.000000 0.770249 0.770010 : 0.766291 0.768306 0.776149
1070.000000 0.768834 0.768592 : 0.764843 0.766873 0.774785
1080.000000 0.767442 0.767199 : 0.763419 0.765462 0.773445
1090.000000 0.766049 0.765804 : 0.761993 0.764051 0.772104
1100.000000 0.764668 0.764420 : 0.760580 0.762650 0.770773
1110.000000 0.763296 0.763047 : 0.759177 0.761262 0.769450
1120.000000 0.761933 0.761682 : 0.757784 0.759881 0.768135
1130.000000 0.760572 0.760318 : 0.756392 0.758504 0.766819
1140.000000 0.759222 0.758965 : 0.755012 0.757139 0.765514
1150.000000 0.757892 0.757634 : 0.753655 0.755795 0.764226
1160.000000 0.756558 0.756297 : 0.752292 0.754449 0.762934
1170.000000 0.755231 0.754968 : 0.750937 0.753111 0.761646
1180.000000 0.753921 0.753656 : 0.749597 0.751790 0.760375
1190.000000 0.752615 0.752348 : 0.748266 0.750472 0.759109
1200.000000 0.751314 0.751044 : 0.746936 0.749163 0.757843
1210.000000 0.750017 0.749745 : 0.745611 0.747857 0.756583
1220.000000 0.748729 0.748454 : 0.744295 0.746559 0.755332
1230.000000 0.747451 0.747174 : 0.742987 0.745276 0.754091
1240.000000 0.746179 0.745899 : 0.741685 0.743997 0.752854
1250.000000 0.744904 0.744622 : 0.740380 0.742717 0.751616
1260.000000 0.743645 0.743360 : 0.739091 0.741453 0.750393
1270.000000 0.742387 0.742100 : 0.737801 0.740193 0.749168
1280.000000 0.741136 0.740847 : 0.736517 0.738939 0.747953
1290.000000 0.739896 0.739604 : 0.735247 0.737695 0.746746
1300.000000 0.738663 0.738369 : 0.733984 0.736460 0.745546
1310.000000 0.737434 0.737137 : 0.732724 0.735228 0.744350
1320.000000 0.736209 0.735909 : 0.731470 0.733999 0.743159
1330.000000 0.735000 0.734698 : 0.730231 0.732788 0.741982
1340.000000 0.733788 0.733483 : 0.728990 0.731575 0.740798
1350.000000 0.732584 0.732275 : 0.727757 0.730370 0.739625
1360.000000 0.731393 0.731081 : 0.726538 0.729180 0.738461
1370.000000 0.730201 0.729886 : 0.725318 0.727991 0.737295
1380.000000 0.729014 0.728696 : 0.724100 0.726807 0.736135
1390.000000 0.727833 0.727511 : 0.722889 0.725630 0.734979
1400.000000 0.726660 0.726335 : 0.721685 0.724464 0.733830
1410.000000 0.725486 0.725158 : 0.720480 0.723299 0.732680
1420.000000 0.724323 0.723990 : 0.719284 0.722144 0.731540
1430.000000 0.723163 0.722827 : 0.718093 0.720993 0.730403
1440.000000 0.722007 0.721667 : 0.716906 0.719847 0.729267
1450.000000 0.720862 0.720519 : 0.715729 0.718713 0.728145
1460.000000 0.719717 0.719369 : 0.714552 0.717578 0.727020
1470.000000 0.718580 0.718228 : 0.713384 0.716453 0.725903
1480.000000 0.717449 0.717093 : 0.712222 0.715334 0.724792
1490.000000 0.716323 0.715963 : 0.711065 0.714221 0.723684
1500.000000 0.715200 0.714836 : 0.709912 0.713111 0.722578
1510.000000 0.714082 0.713713 : 0.708763 0.712008 0.721474
1520.000000 0.712972 0.712600 : 0.707622 0.710915 0.720379
1530.000000 0.711864 0.711488 : 0.706484 0.709824 0.719284
1540.000000 0.710760 0.710380 : 0.705350 0.708738 0.718192
1550.000000 0.709663 0.709279 : 0.704223 0.707659 0.717106
1560.000000 0.708570 0.708184 : 0.703100 0.706587 0.716025
1570.000000 0.707483 0.707093 : 0.701983 0.705519 0.714948
1580.000000 0.706402 0.706009 : 0.700872 0.704458 0.713876
1590.000000 0.705323 0.704927 : 0.699763 0.703398 0.712808
1600.000000 0.704253 0.703854 : 0.698666 0.702347 0.711745
1610.000000 0.703187 0.702785 : 0.697572 0.701302 0.710687
1620.000000 0.702125 0.701720 : 0.696483 0.700261 0.709632
1630.000000 0.701074 0.700664 : 0.695405 0.699230 0.708585
1640.000000 0.700025 0.699612 : 0.694328 0.698203 0.707543
1650.000000 0.698980 0.698563 : 0.693256 0.697181 0.706502
1660.000000 0.697943 0.697523 : 0.692190 0.696167 0.705472
1670.000000 0.696911 0.696487 : 0.691130 0.695158 0.704445
1680.000000 0.695881 0.695453 : 0.690069 0.694154 0.703421
1690.000000 0.694854 0.694422 : 0.689012 0.693152 0.702399
1700.000000 0.693836 0.693400 : 0.687964 0.692160 0.701383
1710.000000 0.692819 0.692379 : 0.686916 0.691171 0.700370
1720.000000 0.691803 0.691359 : 0.685870 0.690184 0.699356
1730.000000 0.690796 0.690347 : 0.684832 0.689205 0.698349
1740.000000 0.689792 0.689339 : 0.683798 0.688231 0.697347
1750.000000 0.688790 0.688332 : 0.682765 0.687259 0.696347
1760.000000 0.687793 0.687330 : 0.681737 0.686290 0.695352
1770.000000 0.686801 0.686334 : 0.680715 0.685328 0.694362
1780.000000 0.685814 0.685340 : 0.679696 0.684371 0.693375
1790.000000 0.684833 0.684353 : 0.678686 0.683420 0.692394
1800.000000 0.683854 0.683369 : 0.677677 0.682472 0.691414
1810.000000 0.682882 0.682390 : 0.676675 0.681531 0.690440
1820.000000 0.681915 0.681416 : 0.675678 0.680597 0.689471
1830.000000 0.680952 0.680447 : 0.674685 0.679668 0.688503
1840.000000 0.679996 0.679484 : 0.673698 0.678746 0.687543
1850.000000 0.679042 0.678524 : 0.672714 0.677829 0.686583
1860.000000 0.678092 0.677568 : 0.671733 0.676916 0.685627
1870.000000 0.677144 0.676613 : 0.670753 0.676006 0.684672
1880.000000 0.676198 0.675662 : 0.669777 0.675098 0.683720
1890.000000 0.675257 0.674714 : 0.668805 0.674190 0.682774
1900.000000 0.674318 0.673769 : 0.667836 0.673289 0.681828
1910.000000 0.673385 0.672831 : 0.666872 0.672391 0.680893
1920.000000 0.672457 0.671896 : 0.665914 0.671496 0.679961
1930.000000 0.671531 0.670964 : 0.664958 0.670603 0.679032
1940.000000 0.670611 0.670037 : 0.664008 0.669716 0.678109
1950.000000 0.669698 0.669117 : 0.663065 0.668835 0.677194
1960.000000 0.668788 0.668199 : 0.662124 0.667957 0.676283
1970.000000 0.667884 0.667289 : 0.661190 0.667086 0.675376
1980.000000 0.666985 0.666382 : 0.660260 0.666218 0.674478
1990.000000 0.666088 0.665478 : 0.659332 0.665352 0.673581
2000.000000 0.665197 0.664580 : 0.658410 0.664490 0.672691
