0.000000 1.000000 1.000000 : 1.000000 1.000000 1.000000
10.000000 0.995278 0.995278 : 0.995263 0.995269 0.995302
20.000000 0.992232 0.992232 : 0.992250 0.992246 0.992201
30.000000 0.987776 0.987776 : 0.987830 0.987810 0.987689
40.000000 0.982599 0.982599 : 0.982682 0.982648 0.982467
50.000000 0.977174 0.977174 : 0.977296 0.977259 0.976967
60.000000 0.971933 0.971933 : 0.972097 0.972047 0.971656
70.000000 0.968286 0.968286 : 0.968486 0.968436 0.967937
80.000000 0.962949 0.962948 : 0.963171 0.963130 0.962547
90.000000 0.959213 0.959211 : 0.959453 0.959422 0.958765
100.000000 0.954928 0.954925 : 0.955199 0.955185 0.954400
110.000000 0.951187 0.951184 : 0.951466 0.951472 0.950623
120.000000 0.948039 0.948035 : 0.948321 0.948355 0.947441
130.000000 0.944707 0.944702 : 0.944988 0.945050 0.944083
140.000000 0.941132 0.941126 : 0.941407 0.941501 0.940488
150.000000 0.937412 0.937405 : 0.937682 0.937810 0.936743
160.000000 0.934025 0.934018 : 0.934274 0.934435 0.933367
170.000000 0.930081 0.930074 : 0.930316 0.930508 0.929420
180.000000 0.926719 0.926711 : 0.926938 0.927155 0.926064
190.000000 0.922744 0.922734 : 0.922940 0.923186 0.922107
200.000000 0.918911 0.918900 : 0.919077 0.919346 0.918310
210.000000 0.915480 0.915467 : 0.915612 0.915915 0.914912
220.000000 0.911662 0.911648 : 0.911753 0.912089 0.911146
230.000000 0.908135 0.908120 : 0.908186 0.908550 0.907671
240.000000 0.904251 0.904233 : 0.904255 0.904652 0.903845
250.000000 0.901117 0.901098 : 0.901069 0.901501 0.900781
260.000000 0.897555 0.897534 : 0.897452 0.897924 0.897288
270.000000 0.894210 0.894187 : 0.894051 0.894552 0.894027
280.000000 0.890862 0.890838 : 0.890646 0.891185 0.890757
290.000000 0.887525 0.887499 : 0.887243 0.887823 0.887510
300.000000 0.884379 0.884350 : 0.884028 0.884645 0.884464
310.000000 0.881019 0.880988 : 0.880601 0.881255 0.881200
320.000000 0.877883 0.877850 : 0.877393 0.878089 0.878168
330.000000 0.874530 0.874494 : 0.873968 0.874705 0.874916
340.000000 0.871521 0.871482 : 0.870886 0.871655 0.872022
350.000000 0.868283 0.868241 : 0.867574 0.868378 0.868897
360.000000 0.865210 0.865165 : 0.864427 0.865263 0.865940
370.000000 0.862104 0.862055 : 0.861249 0.862107 0.862956
380.000000 0.859076 0.859023 : 0.858150 0.859032 0.860047
390.000000 0.856215 0.856157 : 0.855213 0.856121 0.857311
400.000000 0.853100 0.853036 : 0.852026 0.852953 0.854320
410.000000 0.850265 0.850197 : 0.849120 0.850067 0.851607
420.000000 0.847257 0.847183 : 0.846040 0.847005 0.848725
430.000000 0.844457 0.844379 : 0.843168 0.844148 0.846056
440.000000 0.841612 0.841530 : 0.840253 0.841247 0.843337
450.000000 0.838739 0.838652 : 0.837309 0.838316 0.840592
460.000000 0.836057 0.835965 : 0.834554 0.835576 0.838042
470.000000 0.833266 0.833170 : 0.831693 0.832729 0.835377
480.000000 0.830581 0.830479 : 0.828936 0.829988 0.832818
490.000000 0.827785 0.827679 : 0.826069 0.827135 0.830151
500.000000 0.825160 0.825049 : 0.823376 0.824452 0.827653
510.000000 0.822435 0.822318 : 0.820580 0.821673 0.825051
520.000000 0.819780 0.819658 : 0.817854 0.818961 0.822523
530.000000 0.817245 0.817117 : 0.815249 0.816370 0.820116
540.000000 0.814582 0.814449 : 0.812518 0.813652 0.817576
550.000000 0.812028 0.811890 : 0.809895 0.811043 0.815147
560.000000 0.809463 0.809319 : 0.807261 0.808423 0.812704
570.000000 0.807012 0.806863 : 0.804742 0.805920 0.810373
580.000000 0.804432 0.804278 : 0.802096 0.803286 0.807913
590.000000 0.801999 0.801840 : 0.799596 0.800802 0.805599
600.000000 0.799571 0.799407 : 0.797102 0.798325 0.803286
610.000000 0.797090 0.796921 : 0.794553 0.795796 0.800921
620.000000 0.794736 0.794561 : 0.792130 0.793394 0.798683
630.000000 0.792319 0.792138 : 0.789648 0.790929 0.796378
640.000000 0.789964 0.789778 : 0.787227 0.788529 0.794136
650.000000 0.787595 0.787403 : 0.784791 0.786112 0.791881
660.000000 0.785317 0.785120 : 0.782452 0.783788 0.789711
670.000000 0.782982 0.782779 : 0.780057 0.781408 0.787482
680.000000 0.780680 0.780472 : 0.777695 0.779061 0.785284
690.000000 0.778442 0.778228 : 0.775400 0.776781 0.783145
700.000000 0.776183 0.775964 : 0.773084 0.774481 0.780983
710.000000 0.773973 0.773749 : 0.770822 0.772227 0.778870
720.000000 0.771744 0.771515 : 0.768541 0.769958 0.776732
730.000000 0.769570 0.769336 : 0.766318 0.767744 0.774647
740.000000 0.767384 0.767145 : 0.764083 0.765520 0.772548
750.000000 0.765239 0.764994 : 0.761888 0.763337 0.770492
760.000000 0.763092 0.762842 : 0.759693 0.761155 0.768427
770.000000 0.760964 0.760709 : 0.757518 0.758994 0.766381
780.000000 0.758896 0.758635 : 0.755400 0.756893 0.764396
790.000000 0.756781 0.756514 : 0.753236 0.754746 0.762360
800.000000 0.754730 0.754458 : 0.751136 0.752665 0.760388
810.000000 0.752669 0.752392 : 0.749028 0.750574 0.758405
820.000000 0.750631 0.750349 : 0.746944 0.748508 0.756442
830.000000 0.748612 0.748325 : 0.744875 0.746461 0.754500
840.000000 0.746603 0.746311 : 0.742819 0.744420 0.752569
850.000000 0.744631 0.744334 : 0.740799 0.742420 0.750673
860.000000 0.742643 0.742342 : 0.738762 0.740403 0.748765
870.000000 0.740713 0.740407 : 0.736781 0.738445 0.746914
880.000000 0.738771 0.738461 : 0.734788 0.736473 0.745051
890.000000 0.736854 0.736540 : 0.732823 0.734526 0.743212
900.000000 0.734947 0.734630 : 0.730866 0.732593 0.741381
910.000000 0.733048 0.732727 : 0.728918 0.730667 0.739558
920.000000 0.731178 0.730854 : 0.726999 0.728769 0.737765
930.000000 0.729316 0.728988 : 0.725089 0.726880 0.735979
940.000000 0.727469 0.727138 : 0.723195 0.725007 0.734206
950.000000 0.725620 0.725285 : 0.721296 0.723134 0.732430
960.000000 0.723812 0.723473 : 0.719438 0.721300 0.730697
970.000000 0.722006 0.721664 : 0.717584 0.719470 0.728965
980.000000 0.720197 0.719851 : 0.715726 0.717638 0.727228
990.000000 0.718412 0.718062 : 0.713891 0.715830 0.725515
1000.000000 0.716641 0.716287 : 0.712071 0.714037 0.723815
1010.000000 0.714893 0.714534 : 0.710274 0.712265 0.722140
1020.000000 0.713142 0.712780 : 0.708478 0.710490 0.720460
1030.000000 0.711408 0.711042 : 0.706699 0.708729 0.718796
1040.000000 0.709685 0.709315 : 0.704931 0.706981 0.717142
1050.000000 0.707979 0.707606 : 0.703184 0.705247 0.715506
1060.000000 0.706278 0.705902 : 0.701446 0.703516 0.713873
1070.000000 0.704585 0.704205 : 0.699715 0.701796 0.712244
1080.000000 0.702922 0.702539 : 0.698016 0.700105 0.710645
1090.000000 0.701259 0.700873 : 0.696315 0.698415 0.709047
1100.000000 0.699610 0.699221 : 0.694631 0.696739 0.707461
1110.000000 0.697975 0.697584 : 0.692960 0.695080 0.705886
1120.000000 0.696352 0.695957 : 0.691304 0.693430 0.704323
1130.000000 0.694731 0.694332 : 0.689649 0.691786 0.702759
1140.000000 0.693126 0.692724 : 0.688011 0.690159 0.701209
1150.000000 0.691547 0.691141 : 0.686401 0.688558 0.699682
1160.000000 0.689963 0.689554 : 0.684784 0.686954 0.698151
1170.000000 0.688388 0.687976 : 0.683178 0.685362 0.696625
1180.000000 0.686835 0.686420 : 0.681591 0.683792 0.695123
1190.000000 0.685289 0.684870 : 0.680015 0.682226 0.693626
1200.000000 0.683749 0.683325 : 0.678442 0.680672 0.692132
1210.000000 0.682214 0.681787 : 0.676874 0.679123 0.690645
1220.000000 0.680691 0.680260 : 0.675319 0.677584 0.689169
1230.000000 0.679182 0.678747 : 0.673774 0.676066 0.687707
1240.000000 0.677680 0.677241 : 0.672236 0.674553 0.686250
1250.000000 0.676176 0.675733 : 0.670695 0.673040 0.684794
1260.000000 0.674692 0.674246 : 0.669175 0.671546 0.683355
1270.000000 0.673210 0.672760 : 0.667654 0.670060 0.681915
1280.000000 0.671737 0.671284 : 0.666142 0.668580 0.680489
1290.000000 0.670279 0.669821 : 0.664647 0.667115 0.679073
1300.000000 0.668830 0.668369 : 0.663162 0.665662 0.677667
1310.000000 0.667387 0.666922 : 0.661682 0.664212 0.676266
1320.000000 0.665949 0.665480 : 0.660209 0.662767 0.674872
1330.000000 0.664532 0.664059 : 0.658756 0.661344 0.673497
1340.000000 0.663112 0.662634 : 0.657301 0.659921 0.672114
1350.000000 0.661702 0.661219 : 0.655856 0.658507 0.670744
1360.000000 0.660310 0.659821 : 0.654430 0.657112 0.669388
1370.000000 0.658917 0.658423 : 0.653003 0.655720 0.668028
1380.000000 0.657530 0.657031 : 0.651579 0.654334 0.666677
1390.000000 0.656152 0.655646 : 0.650165 0.652958 0.665332
1400.000000 0.654784 0.654273 : 0.648758 0.651597 0.663995
1410.000000 0.653416 0.652898 : 0.647352 0.650238 0.662658
1420.000000 0.652061 0.651536 : 0.645956 0.648892 0.661334
1430.000000 0.650711 0.650180 : 0.644568 0.647552 0.660014
1440.000000 0.649366 0.648828 : 0.643184 0.646218 0.658695
1450.000000 0.648035 0.647490 : 0.641814 0.644898 0.657394
1460.000000 0.646705 0.646152 : 0.640444 0.643579 0.656091
1470.000000 0.645385 0.644825 : 0.639085 0.642271 0.654798
1480.000000 0.644073 0.643505 : 0.637734 0.640973 0.653511
1490.000000 0.642767 0.642192 : 0.636390 0.639682 0.652230
1500.000000 0.641466 0.640883 : 0.635049 0.638394 0.650953
1510.000000 0.640170 0.639579 : 0.633715 0.637117 0.649677
1520.000000 0.638886 0.638288 : 0.632392 0.635850 0.648414
1530.000000 0.637604 0.636999 : 0.631074 0.634589 0.647151
1540.000000 0.636328 0.635716 : 0.629760 0.633333 0.645892
1550.000000 0.635061 0.634441 : 0.628455 0.632087 0.644640
1560.000000 0.633800 0.633174 : 0.627157 0.630847 0.643395
1570.000000 0.632545 0.631913 : 0.625866 0.629614 0.642155
1580.000000 0.631298 0.630660 : 0.624583 0.628390 0.640922
1590.000000 0.630055 0.629411 : 0.623304 0.627167 0.639693
1600.000000 0.628822 0.628172 : 0.622039 0.625955 0.638472
1610.000000 0.627596 0.626939 : 0.620780 0.624751 0.637256
1620.000000 0.626375 0.625712 : 0.619527 0.623553 0.636045
1630.000000 0.625167 0.624497 : 0.618288 0.622368 0.634845
1640.000000 0.623963 0.623286 : 0.617049 0.621188 0.633651
1650.000000 0.622764 0.622081 : 0.615818 0.620015 0.632459
1660.000000 0.621576 0.620885 : 0.614594 0.618851 0.631281
1670.000000 0.620393 0.619695 : 0.613377 0.617695 0.630107
1680.000000 0.619214 0.618509 : 0.612160 0.616545 0.628938
1690.000000 0.618039 0.617326 : 0.610947 0.615398 0.627771
1700.000000 0.616874 0.616154 : 0.609746 0.614263 0.626612
1710.000000 0.615712 0.614984 : 0.608545 0.613133 0.625457
1720.000000 0.614551 0.613816 : 0.607347 0.612006 0.624301
1730.000000 0.613401 0.612658 : 0.606159 0.610888 0.623155
1740.000000 0.612255 0.611505 : 0.604976 0.609775 0.622014
1750.000000 0.611113 0.610354 : 0.603795 0.608667 0.620877
1760.000000 0.609976 0.609209 : 0.602621 0.607563 0.619746
1770.000000 0.608847 0.608070 : 0.601453 0.606467 0.618622
1780.000000 0.607724 0.606937 : 0.600291 0.605378 0.617502
1790.000000 0.606609 0.605811 : 0.599139 0.604297 0.616390
1800.000000 0.605496 0.604688 : 0.597989 0.603220 0.615280
1810.000000 0.604392 0.603573 : 0.596848 0.602152 0.614177
1820.000000 0.603295 0.602464 : 0.595712 0.601092 0.613081
1830.000000 0.602203 0.601361 : 0.594584 0.600040 0.611986
1840.000000 0.601120 0.600266 : 0.593461 0.598997 0.610901
1850.000000 0.600040 0.599176 : 0.592343 0.597961 0.609817
1860.000000 0.598965 0.598090 : 0.591228 0.596929 0.608737
1870.000000 0.597892 0.597007 : 0.590114 0.595901 0.607660
1880.000000 0.596823 0.595927 : 0.589006 0.594876 0.606586
1890.000000 0.595758 0.594852 : 0.587904 0.593851 0.605519
1900.000000 0.594697 0.593781 : 0.586804 0.592833 0.604453
1910.000000 0.593644 0.592718 : 0.585712 0.591820 0.603400
1920.000000 0.592596 0.591659 : 0.584628 0.590810 0.602350
1930.000000 0.591551 0.590604 : 0.583547 0.589802 0.601305
1940.000000 0.590515 0.589556 : 0.582473 0.588804 0.600268
1950.000000 0.589487 0.588515 : 0.581409 0.587810 0.599241
1960.000000 0.588462 0.587479 : 0.580347 0.586821 0.598219
1970.000000 0.587446 0.586451 : 0.579295 0.585841 0.597202
1980.000000 0.586436 0.585428 : 0.578246 0.584865 0.596197
1990.000000 0.585428 0.584409 : 0.577201 0.583890 0.595194
2000.000000 0.584428 0.583396 : 0.576162 0.582922 0.594199
