0.000000 1.000000 1.000000 : 1.000000 1.000000 1.000000
10.000000 0.983822 0.983822 : 0.983770 0.983792 0.983904
20.000000 0.973523 0.973523 : 0.973581 0.973570 0.973418
30.000000 0.958705 0.958705 : 0.958882 0.958817 0.958415
40.000000 0.941831 0.941831 : 0.942100 0.941992 0.941400
50.000000 0.924581 0.924579 : 0.924967 0.924855 0.923920
60.000000 0.908298 0.908294 : 0.908806 0.908654 0.907432
70.000000 0.897445 0.897436 : 0.898053 0.897906 0.896375
80.000000 0.881474 0.881460 : 0.882126 0.882019 0.880276
90.000000 0.870607 0.870587 : 0.871297 0.871223 0.869302
100.000000 0.858280 0.858253 : 0.859047 0.859027 0.856766
110.000000 0.847605 0.847572 : 0.848376 0.848418 0.846022
120.000000 0.838883 0.838842 : 0.839647 0.839768 0.837234
130.000000 0.829601 0.829555 : 0.830348 0.830543 0.827911
140.000000 0.819577 0.819526 : 0.820295 0.820570 0.817864
150.000000 0.809276 0.809221 : 0.809970 0.810330 0.807529
160.000000 0.799948 0.799889 : 0.800569 0.801006 0.798270
170.000000 0.789233 0.789169 : 0.789805 0.790308 0.787586
180.000000 0.780219 0.780149 : 0.780739 0.781293 0.778626
190.000000 0.769565 0.769487 : 0.770014 0.770622 0.768060
200.000000 0.759518 0.759430 : 0.759880 0.760523 0.758150
210.000000 0.750707 0.750609 : 0.750972 0.751686 0.749463
220.000000 0.740934 0.740826 : 0.741082 0.741857 0.739865
230.000000 0.732045 0.731926 : 0.732088 0.732902 0.731144
240.000000 0.722348 0.722218 : 0.722271 0.723137 0.721635
250.000000 0.714745 0.714605 : 0.714538 0.715453 0.714244
260.000000 0.706080 0.705930 : 0.705739 0.706710 0.705793
270.000000 0.698072 0.697910 : 0.697599 0.698587 0.698029
280.000000 0.690102 0.689929 : 0.689497 0.690528 0.690282
290.000000 0.682275 0.682090 : 0.681521 0.682595 0.682710
300.000000 0.674982 0.674783 : 0.674076 0.675179 0.675690
310.000000 0.667219 0.667009 : 0.666172 0.667303 0.668184
320.000000 0.660050 0.659826 : 0.658846 0.660020 0.661285
330.000000 0.652472 0.652234 : 0.651123 0.652326 0.653967
340.000000 0.645760 0.645508 : 0.644260 0.645476 0.647544
350.000000 0.638535 0.638268 : 0.636889 0.638120 0.640597
360.000000 0.631819 0.631536 : 0.630029 0.631269 0.634159
370.000000 0.625017 0.624714 : 0.623091 0.624311 0.627648
380.000000 0.618539 0.618215 : 0.616482 0.617685 0.621449
390.000000 0.612467 0.612121 : 0.610266 0.611461 0.615672
400.000000 0.605848 0.605478 : 0.603513 0.604684 0.609348
410.000000 0.599936 0.599543 : 0.597474 0.598617 0.603717
420.000000 0.593666 0.593249 : 0.591076 0.592180 0.597741
430.000000 0.587957 0.587519 : 0.585234 0.586301 0.592336
440.000000 0.582131 0.581673 : 0.579288 0.580307 0.586799
450.000000 0.576321 0.575842 : 0.573354 0.574328 0.581281
460.000000 0.570992 0.570494 : 0.567893 0.568832 0.576251
470.000000 0.565460 0.564944 : 0.562238 0.563141 0.571002
480.000000 0.560181 0.559645 : 0.556833 0.557703 0.566008
490.000000 0.554718 0.554161 : 0.551242 0.552083 0.560828
500.000000 0.549677 0.549100 : 0.546079 0.546888 0.556066
510.000000 0.544430 0.543832 : 0.540710 0.541494 0.551086
520.000000 0.539402 0.538782 : 0.535551 0.536316 0.546338
530.000000 0.534660 0.534018 : 0.530684 0.531423 0.541875
540.000000 0.529675 0.529011 : 0.525581 0.526291 0.537151
550.000000 0.524936 0.524253 : 0.520727 0.521398 0.532684
560.000000 0.520238 0.519535 : 0.515915 0.516552 0.528248
570.000000 0.515791 0.515072 : 0.511355 0.511960 0.524057
580.000000 0.511090 0.510355 : 0.506547 0.507118 0.519606
590.000000 0.506756 0.506005 : 0.502100 0.502641 0.515525
600.000000 0.502432 0.501665 : 0.497668 0.498185 0.511443
610.000000 0.498041 0.497254 : 0.493158 0.493670 0.507294
620.000000 0.493935 0.493131 : 0.488929 0.489437 0.503438
630.000000 0.489728 0.488901 : 0.484607 0.485104 0.499472
640.000000 0.485662 0.484816 : 0.480422 0.480917 0.495648
650.000000 0.481609 0.480740 : 0.476252 0.476739 0.491837
660.000000 0.477753 0.476861 : 0.472287 0.472760 0.488211
670.000000 0.473790 0.472879 : 0.468222 0.468675 0.484474
680.000000 0.469935 0.469002 : 0.464267 0.464697 0.480840
690.000000 0.466211 0.465262 : 0.460447 0.460860 0.477328
700.000000 0.462477 0.461511 : 0.456616 0.457012 0.473803
710.000000 0.458849 0.457866 : 0.452897 0.453261 0.470388
720.000000 0.455211 0.454212 : 0.449171 0.449510 0.466951
730.000000 0.451688 0.450672 : 0.445566 0.445875 0.463623
740.000000 0.448158 0.447125 : 0.441953 0.442236 0.460286
750.000000 0.444738 0.443687 : 0.438441 0.438709 0.457064
760.000000 0.441311 0.440243 : 0.434930 0.435187 0.453817
770.000000 0.437960 0.436875 : 0.431494 0.431742 0.450646
780.000000 0.434729 0.433626 : 0.428169 0.428420 0.447598
790.000000 0.431422 0.430300 : 0.424771 0.425032 0.444464
800.000000 0.428257 0.427118 : 0.421519 0.421781 0.441472
810.000000 0.425078 0.423924 : 0.418258 0.418520 0.438455
820.000000 0.421954 0.420788 : 0.415056 0.415315 0.435492
830.000000 0.418883 0.417703 : 0.411902 0.412163 0.432583
840.000000 0.415844 0.414650 : 0.408784 0.409038 0.429711
850.000000 0.412875 0.411668 : 0.405732 0.405986 0.426908
860.000000 0.409904 0.408680 : 0.402674 0.402930 0.424108
870.000000 0.407058 0.405818 : 0.399738 0.400005 0.421431
880.000000 0.404197 0.402942 : 0.396789 0.397063 0.418740
890.000000 0.401392 0.400122 : 0.393900 0.394172 0.416103
900.000000 0.398621 0.397338 : 0.391041 0.391334 0.413487
910.000000 0.395881 0.394583 : 0.388213 0.388527 0.410904
920.000000 0.393200 0.391885 : 0.385440 0.385775 0.408384
930.000000 0.390550 0.389218 : 0.382703 0.383057 0.405890
940.000000 0.387930 0.386582 : 0.379996 0.380380 0.403414
950.000000 0.385324 0.383958 : 0.377294 0.377724 0.400955
960.000000 0.382804 0.381419 : 0.374682 0.375142 0.398587
970.000000 0.380287 0.378885 : 0.372076 0.372576 0.396210
980.000000 0.377773 0.376354 : 0.369472 0.370009 0.393837
990.000000 0.375307 0.373868 : 0.366919 0.367485 0.391516
1000.000000 0.372877 0.371420 : 0.364409 0.364998 0.389226
1010.000000 0.370487 0.369015 : 0.361938 0.362546 0.386979
1020.000000 0.368110 0.366620 : 0.359490 0.360102 0.384737
1030.000000 0.365758 0.364256 : 0.357069 0.357685 0.382521
1040.000000 0.363437 0.361919 : 0.354676 0.355306 0.380330
1050.000000 0.361159 0.359626 : 0.352329 0.352960 0.378187
1060.000000 0.358889 0.357341 : 0.350001 0.350621 0.376047
1070.000000 0.356642 0.355080 : 0.347694 0.348310 0.373922
1080.000000 0.354451 0.352877 : 0.345440 0.346057 0.371857
1090.000000 0.352278 0.350689 : 0.343207 0.343827 0.369802
1100.000000 0.350129 0.348527 : 0.340999 0.341622 0.367766
1110.000000 0.348010 0.346395 : 0.338821 0.339454 0.365756
1120.000000 0.345923 0.344291 : 0.336688 0.337305 0.363774
1130.000000 0.343843 0.342193 : 0.334559 0.335175 0.361796
1140.000000 0.341801 0.340132 : 0.332477 0.333077 0.359851
1150.000000 0.339803 0.338114 : 0.330438 0.331023 0.357949
1160.000000 0.337805 0.336097 : 0.328397 0.328971 0.356046
1170.000000 0.335822 0.334095 : 0.326370 0.326938 0.354158
1180.000000 0.333885 0.332141 : 0.324384 0.324951 0.352320
1190.000000 0.331958 0.330195 : 0.322417 0.322967 0.350489
1200.000000 0.330045 0.328264 : 0.320449 0.321018 0.348668
1210.000000 0.328148 0.326351 : 0.318503 0.319080 0.346862
1220.000000 0.326271 0.324456 : 0.316573 0.317166 0.345074
1230.000000 0.324425 0.322596 : 0.314661 0.315299 0.343315
1240.000000 0.322593 0.320749 : 0.312763 0.313448 0.341567
1250.000000 0.320767 0.318907 : 0.310869 0.311599 0.339832
1260.000000 0.318972 0.317099 : 0.309008 0.309785 0.338123
1270.000000 0.317187 0.315300 : 0.307152 0.307993 0.336416
1280.000000 0.315428 0.313525 : 0.305323 0.306221 0.334740
1290.000000 0.313691 0.311772 : 0.303518 0.304468 0.333087
1300.000000 0.311979 0.310042 : 0.301739 0.302746 0.331453
1310.000000 0.310280 0.308325 : 0.299976 0.301031 0.329834
1320.000000 0.308597 0.306620 : 0.298228 0.299326 0.328236
1330.000000 0.306951 0.304954 : 0.296518 0.297665 0.326670
1340.000000 0.305304 0.303283 : 0.294812 0.296002 0.325099
1350.000000 0.303683 0.301637 : 0.293132 0.294362 0.323554
1360.000000 0.302093 0.300022 : 0.291482 0.292754 0.322041
1370.000000 0.300504 0.298405 : 0.289832 0.291155 0.320527
1380.000000 0.298933 0.296805 : 0.288191 0.289574 0.319033
1390.000000 0.297379 0.295219 : 0.286569 0.288015 0.317554
1400.000000 0.295845 0.293653 : 0.284956 0.286493 0.316085
1410.000000 0.294312 0.292087 : 0.283345 0.284973 0.314618
1420.000000 0.292799 0.290539 : 0.281748 0.283481 0.313169
1430.000000 0.291295 0.289006 : 0.280166 0.281997 0.311723
1440.000000 0.289800 0.287475 : 0.278593 0.280526 0.310280
1450.000000 0.288325 0.285970 : 0.277034 0.279075 0.308864
1460.000000 0.286855 0.284464 : 0.275489 0.277627 0.307450
1470.000000 0.285401 0.282976 : 0.273955 0.276198 0.306051
1480.000000 0.283966 0.281504 : 0.272438 0.274798 0.304663
1490.000000 0.282539 0.280041 : 0.270928 0.273403 0.303285
1500.000000 0.281122 0.278591 : 0.269423 0.272023 0.301922
1510.000000 0.279720 0.277152 : 0.267936 0.270663 0.300562
1520.000000 0.278336 0.275734 : 0.266466 0.269317 0.299223
1530.000000 0.276965 0.274324 : 0.265019 0.267985 0.297890
1540.000000 0.275597 0.272922 : 0.263574 0.266653 0.296564
1550.000000 0.274248 0.271537 : 0.262147 0.265342 0.295255
1560.000000 0.272912 0.270166 : 0.260746 0.264036 0.293953
1570.000000 0.271587 0.268808 : 0.259352 0.262742 0.292668
1580.000000 0.270277 0.267463 : 0.257973 0.261466 0.291391
1590.000000 0.268967 0.266121 : 0.256603 0.260175 0.290122
1600.000000 0.267684 0.264803 : 0.255272 0.258918 0.288862
1610.000000 0.266412 0.263497 : 0.253951 0.257673 0.287613
1620.000000 0.265151 0.262201 : 0.252638 0.256438 0.286376
1630.000000 0.263913 0.260927 : 0.251350 0.255229 0.285161
1640.000000 0.262682 0.259664 : 0.250057 0.254026 0.283964
1650.000000 0.261460 0.258409 : 0.248777 0.252839 0.282766
1660.000000 0.260252 0.257169 : 0.247501 0.251661 0.281595
1670.000000 0.259055 0.255941 : 0.246243 0.250497 0.280426
1680.000000 0.257863 0.254717 : 0.244979 0.249348 0.279263
1690.000000 0.256675 0.253500 : 0.243722 0.248204 0.278100
1700.000000 0.255505 0.252301 : 0.242489 0.247074 0.276951
1710.000000 0.254339 0.251104 : 0.241253 0.245957 0.275805
1720.000000 0.253174 0.249914 : 0.240025 0.244839 0.274657
1730.000000 0.252025 0.248739 : 0.238814 0.243735 0.273526
1740.000000 0.250885 0.247573 : 0.237616 0.242634 0.272405
1750.000000 0.249751 0.246411 : 0.236413 0.241546 0.271295
1760.000000 0.248627 0.245259 : 0.235222 0.240462 0.270197
1770.000000 0.247512 0.244117 : 0.234034 0.239390 0.269114
1780.000000 0.246416 0.242986 : 0.232864 0.238343 0.268041
1790.000000 0.245332 0.241869 : 0.231710 0.237306 0.266979
1800.000000 0.244249 0.240754 : 0.230554 0.236274 0.265920
1810.000000 0.243181 0.239651 : 0.229414 0.235260 0.264870
1820.000000 0.242128 0.238564 : 0.228282 0.234261 0.263841
1830.000000 0.241081 0.237484 : 0.227166 0.233275 0.262803
1840.000000 0.240045 0.236417 : 0.226045 0.232310 0.261778
1850.000000 0.239020 0.235361 : 0.224941 0.231357 0.260763
1860.000000 0.237999 0.234310 : 0.223840 0.230409 0.259748
1870.000000 0.236982 0.233267 : 0.222737 0.229468 0.258742
1880.000000 0.235970 0.232230 : 0.221644 0.228527 0.257738
1890.000000 0.234965 0.231201 : 0.220565 0.227579 0.256750
1900.000000 0.233962 0.230174 : 0.219486 0.226642 0.255757
1910.000000 0.232977 0.229164 : 0.218419 0.225713 0.254797
1920.000000 0.231995 0.228159 : 0.217372 0.224779 0.253833
1930.000000 0.231015 0.227154 : 0.216324 0.223845 0.252876
1940.000000 0.230052 0.226165 : 0.215296 0.222924 0.251937
1950.000000 0.229101 0.225187 : 0.214283 0.222006 0.251013
1960.000000 0.228157 0.224214 : 0.213276 0.221094 0.250099
1970.000000 0.227222 0.223252 : 0.212284 0.220194 0.249188
1980.000000 0.226297 0.222299 : 0.211287 0.219303 0.248301
1990.000000 0.225376 0.221351 : 0.210303 0.218410 0.247415
2000.000000 0.224464 0.220412 : 0.209316 0.217531 0.246546
