0.000000 1.000000 1.000000 : 1.000000 1.000000 1.000000
10.000000 0.993838 0.993838 : 0.993818 0.993826 0.993869
20.000000 0.989869 0.989869 : 0.989892 0.989888 0.989829
30.000000 0.984076 0.984076 : 0.984146 0.984120 0.983963
40.000000 0.977362 0.977362 : 0.977469 0.977425 0.977190
50.000000 0.970348 0.970348 : 0.970505 0.970458 0.970080
60.000000 0.963593 0.963592 : 0.963804 0.963739 0.963235
70.000000 0.958918 0.958916 : 0.959175 0.959110 0.958468
80.000000 0.952072 0.952070 : 0.952356 0.952305 0.951557
90.000000 0.947298 0.947295 : 0.947604 0.947565 0.946725
100.000000 0.941830 0.941826 : 0.942176 0.942158 0.941156
110.000000 0.937063 0.937057 : 0.937417 0.937426 0.936345
120.000000 0.933066 0.933059 : 0.933423 0.933468 0.932307
130.000000 0.928833 0.928824 : 0.929188 0.929267 0.928043
140.000000 0.924288 0.924279 : 0.924635 0.924755 0.923475
150.000000 0.919566 0.919556 : 0.919906 0.920069 0.918724
160.000000 0.915272 0.915260 : 0.915583 0.915787 0.914445
170.000000 0.910279 0.910266 : 0.910572 0.910814 0.909451
180.000000 0.906030 0.906016 : 0.906303 0.906575 0.905213
190.000000 0.901007 0.900991 : 0.901250 0.901557 0.900215
200.000000 0.896178 0.896160 : 0.896382 0.896717 0.895434
210.000000 0.891866 0.891846 : 0.892027 0.892404 0.891167
220.000000 0.887072 0.887049 : 0.887180 0.887596 0.886440
230.000000 0.882653 0.882627 : 0.882710 0.883159 0.882089
240.000000 0.877791 0.877762 : 0.877790 0.878278 0.877304
250.000000 0.873884 0.873853 : 0.873818 0.874347 0.873487
260.000000 0.869442 0.869408 : 0.869307 0.869884 0.869135
270.000000 0.865280 0.865244 : 0.865076 0.865684 0.865081
280.000000 0.861119 0.861080 : 0.860844 0.861495 0.861018
290.000000 0.856979 0.856937 : 0.856622 0.857320 0.856994
300.000000 0.853082 0.853036 : 0.852641 0.853380 0.853225
310.000000 0.848923 0.848874 : 0.848401 0.849181 0.849187
320.000000 0.845048 0.844995 : 0.844437 0.845265 0.845443
330.000000 0.840909 0.840853 : 0.840212 0.841084 0.841432
340.000000 0.837204 0.837143 : 0.836416 0.837324 0.837872
350.000000 0.833216 0.833151 : 0.832339 0.833285 0.834025
360.000000 0.829442 0.829372 : 0.828476 0.829456 0.830395
370.000000 0.825628 0.825551 : 0.824575 0.825575 0.826734
380.000000 0.821921 0.821838 : 0.820784 0.821806 0.823174
390.000000 0.818423 0.818333 : 0.817195 0.818242 0.819832
400.000000 0.814614 0.814516 : 0.813300 0.814364 0.816177
410.000000 0.811157 0.811052 : 0.809759 0.810841 0.812871
420.000000 0.807489 0.807376 : 0.806006 0.807101 0.809360
430.000000 0.804086 0.803966 : 0.802516 0.803624 0.806119
440.000000 0.800627 0.800500 : 0.798974 0.800091 0.802816
450.000000 0.797139 0.797005 : 0.795403 0.796528 0.799486
460.000000 0.793892 0.793752 : 0.792070 0.793205 0.796402
470.000000 0.790514 0.790367 : 0.788609 0.789754 0.793179
480.000000 0.787268 0.787114 : 0.785279 0.786436 0.790090
490.000000 0.783892 0.783731 : 0.781819 0.782986 0.786872
500.000000 0.780731 0.780562 : 0.778577 0.779749 0.783866
510.000000 0.777447 0.777270 : 0.775211 0.776396 0.780734
520.000000 0.774256 0.774071 : 0.771936 0.773132 0.777699
530.000000 0.771215 0.771023 : 0.768812 0.770019 0.774815
540.000000 0.768020 0.767820 : 0.765538 0.766753 0.771770
550.000000 0.764961 0.764753 : 0.762399 0.763621 0.768864
560.000000 0.761893 0.761677 : 0.759251 0.760484 0.765945
570.000000 0.758967 0.758744 : 0.756246 0.757489 0.763165
580.000000 0.755885 0.755655 : 0.753087 0.754339 0.760229
590.000000 0.752988 0.752751 : 0.750112 0.751376 0.757477
600.000000 0.750098 0.749854 : 0.747145 0.748423 0.754726
610.000000 0.747147 0.746896 : 0.744115 0.745410 0.751916
620.000000 0.744353 0.744095 : 0.741241 0.742555 0.749264
630.000000 0.741486 0.741219 : 0.738299 0.739626 0.746534
640.000000 0.738697 0.738422 : 0.735432 0.736778 0.743882
650.000000 0.735894 0.735611 : 0.732552 0.733914 0.741217
660.000000 0.733204 0.732912 : 0.729791 0.731164 0.738658
670.000000 0.730446 0.730147 : 0.726963 0.728347 0.736028
680.000000 0.727732 0.727424 : 0.724181 0.725574 0.733442
690.000000 0.725096 0.724781 : 0.721480 0.722883 0.730926
700.000000 0.722439 0.722117 : 0.718758 0.720171 0.728386
710.000000 0.719842 0.719513 : 0.716101 0.717517 0.725907
720.000000 0.717224 0.716888 : 0.713425 0.714846 0.723401
730.000000 0.714675 0.714332 : 0.710820 0.712245 0.720960
740.000000 0.712113 0.711763 : 0.708203 0.709632 0.718505
750.000000 0.709605 0.709247 : 0.705637 0.707072 0.716104
760.000000 0.707094 0.706728 : 0.703073 0.704515 0.713693
770.000000 0.704610 0.704237 : 0.700535 0.701987 0.711309
780.000000 0.702199 0.701819 : 0.698067 0.699532 0.708998
790.000000 0.699733 0.699345 : 0.695546 0.697025 0.706629
800.000000 0.697347 0.696951 : 0.693103 0.694599 0.704339
810.000000 0.694950 0.694547 : 0.690653 0.692162 0.702036
820.000000 0.692583 0.692173 : 0.688233 0.689756 0.699759
830.000000 0.690239 0.689823 : 0.685834 0.687375 0.697509
840.000000 0.687910 0.687486 : 0.683452 0.685003 0.695274
850.000000 0.685625 0.685196 : 0.681113 0.682681 0.693082
860.000000 0.683325 0.682889 : 0.678757 0.680340 0.690877
870.000000 0.681096 0.680654 : 0.676470 0.678073 0.688744
880.000000 0.678853 0.678405 : 0.674169 0.675790 0.686598
890.000000 0.676641 0.676189 : 0.671903 0.673538 0.684481
900.000000 0.674443 0.673986 : 0.669649 0.671305 0.682375
910.000000 0.672256 0.671795 : 0.667406 0.669083 0.680281
920.000000 0.670106 0.669640 : 0.665200 0.666895 0.678224
930.000000 0.667967 0.667496 : 0.663007 0.664720 0.676176
940.000000 0.665848 0.665371 : 0.660833 0.662565 0.674145
950.000000 0.663726 0.663245 : 0.658655 0.660413 0.672112
960.000000 0.661656 0.661170 : 0.656528 0.658309 0.670132
970.000000 0.659590 0.659098 : 0.654407 0.656210 0.668153
980.000000 0.657521 0.657023 : 0.652281 0.654110 0.666170
990.000000 0.655480 0.654977 : 0.650185 0.652039 0.664216
1000.000000 0.653459 0.652950 : 0.648109 0.649989 0.662280
1010.000000 0.651465 0.650950 : 0.646060 0.647962 0.660373
1020.000000 0.649470 0.648950 : 0.644015 0.645934 0.658462
1030.000000 0.647495 0.646970 : 0.641990 0.643923 0.656572
1040.000000 0.645534 0.645004 : 0.639979 0.641929 0.654693
1050.000000 0.643596 0.643061 : 0.637995 0.639953 0.652839
1060.000000 0.641663 0.641123 : 0.636021 0.637980 0.650988
1070.000000 0.639741 0.639197 : 0.634058 0.636022 0.649142
1080.000000 0.637855 0.637308 : 0.632132 0.634100 0.647334
1090.000000 0.635972 0.635419 : 0.630207 0.632181 0.645527
1100.000000 0.634106 0.633549 : 0.628303 0.630279 0.643736
1110.000000 0.632257 0.631696 : 0.626414 0.628399 0.641959
1120.000000 0.630424 0.629858 : 0.624545 0.626531 0.640196
1130.000000 0.628594 0.628023 : 0.622678 0.624670 0.638433
1140.000000 0.626784 0.626208 : 0.620832 0.622830 0.636689
1150.000000 0.625005 0.624424 : 0.619020 0.621021 0.634973
1160.000000 0.623221 0.622635 : 0.617201 0.619211 0.633252
1170.000000 0.621449 0.620858 : 0.615393 0.617414 0.631539
1180.000000 0.619703 0.619107 : 0.613610 0.615644 0.629855
1190.000000 0.617966 0.617365 : 0.611840 0.613880 0.628178
1200.000000 0.616236 0.615629 : 0.610072 0.612131 0.626504
1210.000000 0.614514 0.613902 : 0.608313 0.610388 0.624841
1220.000000 0.612805 0.612188 : 0.606568 0.608659 0.623190
1230.000000 0.611115 0.610492 : 0.604835 0.606955 0.621556
1240.000000 0.609433 0.608805 : 0.603111 0.605259 0.619930
1250.000000 0.607751 0.607117 : 0.601385 0.603562 0.618306
1260.000000 0.606091 0.605453 : 0.599682 0.601890 0.616702
1270.000000 0.604435 0.603791 : 0.597981 0.600227 0.615097
1280.000000 0.602792 0.602142 : 0.596291 0.598574 0.613510
1290.000000 0.601165 0.600510 : 0.594622 0.596937 0.611936
1300.000000 0.599551 0.598891 : 0.592964 0.595316 0.610373
1310.000000 0.597944 0.597278 : 0.591314 0.593700 0.608818
1320.000000 0.596344 0.595671 : 0.589672 0.592088 0.607272
1330.000000 0.594770 0.594090 : 0.588055 0.590506 0.605749
1340.000000 0.593192 0.592505 : 0.586436 0.588922 0.604217
1350.000000 0.591627 0.590933 : 0.584830 0.587349 0.602702
1360.000000 0.590084 0.589382 : 0.583248 0.585801 0.601203
1370.000000 0.588540 0.587830 : 0.581664 0.584255 0.599702
1380.000000 0.587005 0.586286 : 0.580084 0.582719 0.598211
1390.000000 0.585480 0.584752 : 0.578517 0.581195 0.596728
1400.000000 0.583968 0.583230 : 0.576959 0.579690 0.595255
1410.000000 0.582457 0.581709 : 0.575402 0.578187 0.593782
1420.000000 0.580961 0.580202 : 0.573857 0.576701 0.592324
1430.000000 0.579472 0.578703 : 0.572322 0.575223 0.590872
1440.000000 0.577988 0.577207 : 0.570792 0.573751 0.589421
1450.000000 0.576522 0.575730 : 0.569277 0.572297 0.587993
1460.000000 0.575057 0.574252 : 0.567765 0.570844 0.586562
1470.000000 0.573604 0.572788 : 0.566264 0.569404 0.585143
1480.000000 0.572161 0.571332 : 0.564773 0.567976 0.583733
1490.000000 0.570725 0.569885 : 0.563290 0.566557 0.582328
1500.000000 0.569296 0.568443 : 0.561813 0.565143 0.580930
1510.000000 0.567873 0.567008 : 0.560343 0.563741 0.579534
1520.000000 0.566464 0.565588 : 0.558886 0.562353 0.578153
1530.000000 0.565060 0.564171 : 0.557437 0.560970 0.576772
1540.000000 0.563662 0.562761 : 0.555993 0.559594 0.575397
1550.000000 0.562274 0.561362 : 0.554560 0.558231 0.574031
1560.000000 0.560894 0.559971 : 0.553136 0.556874 0.572672
1570.000000 0.559522 0.558589 : 0.551721 0.555525 0.571320
1580.000000 0.558160 0.557216 : 0.550316 0.554188 0.569976
1590.000000 0.556801 0.555848 : 0.548915 0.552850 0.568637
1600.000000 0.555456 0.554493 : 0.547533 0.551528 0.567307
1610.000000 0.554118 0.553145 : 0.546157 0.550214 0.565983
1620.000000 0.552788 0.551804 : 0.544790 0.548908 0.564666
1630.000000 0.551473 0.550477 : 0.543438 0.547618 0.563363
1640.000000 0.550163 0.549156 : 0.542087 0.546333 0.562068
1650.000000 0.548860 0.547842 : 0.540745 0.545058 0.560775
1660.000000 0.547569 0.546540 : 0.539413 0.543793 0.559500
1670.000000 0.546285 0.545244 : 0.538088 0.542538 0.558229
1680.000000 0.545006 0.543953 : 0.536763 0.541290 0.556965
1690.000000 0.543731 0.542667 : 0.535443 0.540047 0.555703
1700.000000 0.542469 0.541393 : 0.534137 0.538818 0.554451
1710.000000 0.541210 0.540122 : 0.532831 0.537595 0.553203
1720.000000 0.539953 0.538854 : 0.531530 0.536374 0.551954
1730.000000 0.538708 0.537597 : 0.530241 0.535166 0.550717
1740.000000 0.537469 0.536346 : 0.528958 0.533963 0.549487
1750.000000 0.536235 0.535099 : 0.527676 0.532766 0.548263
1760.000000 0.535007 0.533858 : 0.526404 0.531573 0.547045
1770.000000 0.533789 0.532625 : 0.525138 0.530390 0.545837
1780.000000 0.532577 0.531398 : 0.523881 0.529218 0.544634
1790.000000 0.531376 0.530181 : 0.522635 0.528053 0.543440
1800.000000 0.530178 0.528967 : 0.521391 0.526895 0.542249
1810.000000 0.528990 0.527762 : 0.520159 0.525746 0.541066
1820.000000 0.527811 0.526565 : 0.518932 0.524609 0.539892
1830.000000 0.526638 0.525376 : 0.517715 0.523480 0.538719
1840.000000 0.525475 0.524196 : 0.516504 0.522363 0.537558
1850.000000 0.524317 0.523021 : 0.515298 0.521253 0.536398
1860.000000 0.523163 0.521851 : 0.514097 0.520149 0.535242
1870.000000 0.522012 0.520686 : 0.512896 0.519050 0.534090
1880.000000 0.520866 0.519525 : 0.511703 0.517953 0.532943
1890.000000 0.519725 0.518369 : 0.510516 0.516856 0.531803
1900.000000 0.518588 0.517217 : 0.509333 0.515768 0.530664
1910.000000 0.517462 0.516075 : 0.508159 0.514686 0.529541
1920.000000 0.516341 0.514939 : 0.506996 0.513605 0.528421
1930.000000 0.515224 0.513806 : 0.505836 0.512528 0.527307
1940.000000 0.514117 0.512683 : 0.504686 0.511461 0.526203
1950.000000 0.513019 0.511568 : 0.503547 0.510400 0.525110
1960.000000 0.511927 0.510458 : 0.502411 0.509344 0.524024
1970.000000 0.510843 0.509358 : 0.501287 0.508298 0.522945
1980.000000 0.509767 0.508264 : 0.500165 0.507258 0.521878
1990.000000 0.508694 0.507174 : 0.499049 0.506218 0.520815
2000.000000 0.507629 0.506092 : 0.497939 0.505186 0.519762
