0.000000 1.000000 1.000000 : 1.000000 1.000000 1.000000
10.000000 0.986196 0.986196 : 0.986152 0.986170 0.986266
20.000000 0.977384 0.977384 : 0.977434 0.977425 0.977294
30.000000 0.964662 0.964662 : 0.964815 0.964758 0.964413
40.000000 0.950115 0.950115 : 0.950347 0.950254 0.949744
50.000000 0.935167 0.935166 : 0.935502 0.935404 0.934595
60.000000 0.920992 0.920989 : 0.921435 0.921301 0.920239
70.000000 0.911459 0.911452 : 0.911991 0.911861 0.910525
80.000000 0.897450 0.897440 : 0.898025 0.897928 0.896399
90.000000 0.887865 0.887850 : 0.888475 0.888406 0.886713
100.000000 0.876967 0.876947 : 0.877648 0.877626 0.875627
110.000000 0.867518 0.867492 : 0.868205 0.868237 0.866111
120.000000 0.859750 0.859719 : 0.860434 0.860536 0.858280
130.000000 0.851495 0.851459 : 0.852167 0.852335 0.849982
140.000000 0.842593 0.842554 : 0.843241 0.843483 0.841055
150.000000 0.833422 0.833379 : 0.834049 0.834369 0.831847
160.000000 0.825109 0.825064 : 0.825674 0.826065 0.823589
170.000000 0.815533 0.815482 : 0.816055 0.816508 0.814034
180.000000 0.807457 0.807402 : 0.807935 0.808436 0.806001
190.000000 0.797912 0.797850 : 0.798327 0.798881 0.796527
200.000000 0.788869 0.788800 : 0.789207 0.789797 0.787601
210.000000 0.780907 0.780830 : 0.781160 0.781817 0.779745
220.000000 0.772073 0.771987 : 0.772221 0.772936 0.771062
230.000000 0.764013 0.763918 : 0.764067 0.764823 0.763149
240.000000 0.755204 0.755100 : 0.755150 0.755957 0.754504
250.000000 0.748260 0.748148 : 0.748088 0.748946 0.747746
260.000000 0.740351 0.740230 : 0.740056 0.740972 0.740024
270.000000 0.733019 0.732889 : 0.732604 0.733544 0.732910
280.000000 0.725717 0.725577 : 0.725179 0.726167 0.725804
290.000000 0.718524 0.718374 : 0.717849 0.718883 0.718839
300.000000 0.711807 0.711646 : 0.710991 0.712062 0.712367
310.000000 0.704654 0.704484 : 0.703706 0.704811 0.705444
320.000000 0.698036 0.697855 : 0.696942 0.698095 0.699070
330.000000 0.691023 0.690830 : 0.689793 0.690983 0.692294
340.000000 0.684799 0.684594 : 0.683427 0.684638 0.686332
350.000000 0.678100 0.677882 : 0.676590 0.677824 0.679886
360.000000 0.671848 0.671616 : 0.670203 0.671454 0.673889
370.000000 0.665521 0.665271 : 0.663746 0.664987 0.667829
380.000000 0.659467 0.659200 : 0.657567 0.658802 0.662031
390.000000 0.653785 0.653499 : 0.651749 0.652986 0.656621
400.000000 0.647593 0.647286 : 0.645430 0.646652 0.650699
410.000000 0.642044 0.641717 : 0.639760 0.640966 0.645408
420.000000 0.636158 0.635811 : 0.633752 0.634931 0.639793
430.000000 0.630778 0.630412 : 0.628245 0.629398 0.634691
440.000000 0.625293 0.624909 : 0.622644 0.623762 0.629472
450.000000 0.619809 0.619408 : 0.617042 0.618127 0.624258
460.000000 0.614764 0.614346 : 0.611872 0.612931 0.619488
470.000000 0.609524 0.609090 : 0.606515 0.607548 0.614510
480.000000 0.604518 0.604066 : 0.601389 0.602397 0.609768
490.000000 0.599331 0.598861 : 0.596081 0.597068 0.604843
500.000000 0.594530 0.594042 : 0.591163 0.592126 0.600300
510.000000 0.589535 0.589029 : 0.586053 0.586998 0.595554
520.000000 0.584734 0.584209 : 0.581130 0.582061 0.591013
530.000000 0.580198 0.579653 : 0.576474 0.577386 0.586735
540.000000 0.575429 0.574865 : 0.571594 0.572484 0.582209
550.000000 0.570891 0.570309 : 0.566945 0.567806 0.577922
560.000000 0.566379 0.565779 : 0.562324 0.563159 0.573653
570.000000 0.562102 0.561487 : 0.557939 0.558751 0.569615
580.000000 0.557585 0.556956 : 0.553318 0.554105 0.565331
590.000000 0.553403 0.552759 : 0.549029 0.549795 0.561384
600.000000 0.549231 0.548574 : 0.544754 0.545504 0.557437
610.000000 0.544990 0.544315 : 0.540400 0.541148 0.553422
620.000000 0.541014 0.540323 : 0.536308 0.537057 0.549678
630.000000 0.536939 0.536228 : 0.532126 0.532867 0.545826
640.000000 0.532997 0.532268 : 0.528071 0.528813 0.542107
650.000000 0.529059 0.528310 : 0.524022 0.524761 0.538393
660.000000 0.525306 0.524538 : 0.520168 0.520896 0.534854
670.000000 0.521452 0.520667 : 0.516218 0.516930 0.531209
680.000000 0.517693 0.516889 : 0.512365 0.513059 0.527656
690.000000 0.514059 0.513241 : 0.508640 0.509321 0.524217
700.000000 0.510411 0.509576 : 0.504901 0.505568 0.520762
710.000000 0.506862 0.506012 : 0.501268 0.501907 0.517410
720.000000 0.503299 0.502436 : 0.497624 0.498241 0.514033
730.000000 0.499846 0.498967 : 0.494094 0.494685 0.510758
740.000000 0.496384 0.495490 : 0.490556 0.491124 0.507473
750.000000 0.493022 0.492112 : 0.487110 0.487664 0.504293
760.000000 0.489655 0.488729 : 0.483665 0.484209 0.501091
770.000000 0.486354 0.485413 : 0.480286 0.480821 0.497955
780.000000 0.483167 0.482210 : 0.477014 0.477550 0.494936
790.000000 0.479906 0.478932 : 0.473670 0.474214 0.491834
800.000000 0.476777 0.475788 : 0.470460 0.471006 0.488865
810.000000 0.473635 0.472633 : 0.467243 0.467789 0.485874
820.000000 0.470545 0.469531 : 0.464080 0.464624 0.482932
830.000000 0.467502 0.466475 : 0.460960 0.461507 0.480040
840.000000 0.464489 0.463449 : 0.457873 0.458414 0.477180
850.000000 0.461543 0.460492 : 0.454849 0.455392 0.474387
860.000000 0.458590 0.457525 : 0.451816 0.452360 0.471593
870.000000 0.455754 0.454676 : 0.448897 0.449451 0.468915
880.000000 0.452904 0.451812 : 0.445964 0.446525 0.466222
890.000000 0.450105 0.449002 : 0.443087 0.443648 0.463579
900.000000 0.447336 0.446223 : 0.440237 0.440815 0.460957
910.000000 0.444596 0.443470 : 0.437413 0.438012 0.458363
920.000000 0.441911 0.440772 : 0.434644 0.435260 0.455829
930.000000 0.439254 0.438102 : 0.431906 0.432539 0.453318
940.000000 0.436627 0.435462 : 0.429198 0.429856 0.450827
950.000000 0.434010 0.432830 : 0.426493 0.427190 0.448348
960.000000 0.431475 0.430279 : 0.423873 0.424596 0.445955
970.000000 0.428944 0.427733 : 0.421259 0.422016 0.443556
980.000000 0.426414 0.425190 : 0.418647 0.419436 0.441160
990.000000 0.423930 0.422690 : 0.416081 0.416898 0.438812
1000.000000 0.421481 0.420225 : 0.413556 0.414394 0.436493
1010.000000 0.419070 0.417801 : 0.411068 0.411926 0.434217
1020.000000 0.416669 0.415385 : 0.408599 0.409463 0.431944
1030.000000 0.414294 0.412999 : 0.406158 0.407025 0.429699
1040.000000 0.411947 0.410638 : 0.403742 0.404622 0.427476
1050.000000 0.409639 0.408318 : 0.401370 0.402249 0.425298
1060.000000 0.407340 0.406006 : 0.399016 0.399883 0.423123
1070.000000 0.405062 0.403716 : 0.396682 0.397543 0.420961
1080.000000 0.402838 0.401483 : 0.394400 0.395258 0.418858
1090.000000 0.400629 0.399261 : 0.392134 0.392992 0.416761
1100.000000 0.398443 0.397065 : 0.389895 0.390751 0.414685
1110.000000 0.396287 0.394897 : 0.387682 0.388545 0.412632
1120.000000 0.394158 0.392755 : 0.385510 0.386359 0.410607
1130.000000 0.392038 0.390619 : 0.383341 0.384189 0.408584
1140.000000 0.389952 0.388518 : 0.381215 0.382050 0.406592
1150.000000 0.387909 0.386460 : 0.379132 0.379954 0.404643
1160.000000 0.385866 0.384401 : 0.377045 0.377860 0.402691
1170.000000 0.383837 0.382357 : 0.374972 0.375785 0.400754
1180.000000 0.381852 0.380358 : 0.372939 0.373754 0.398864
1190.000000 0.379878 0.378368 : 0.370923 0.371727 0.396982
1200.000000 0.377917 0.376391 : 0.368909 0.369732 0.395109
1210.000000 0.375971 0.374431 : 0.366913 0.367747 0.393252
1220.000000 0.374043 0.372489 : 0.364934 0.365784 0.391412
1230.000000 0.372146 0.370579 : 0.362974 0.363865 0.389599
1240.000000 0.370262 0.368682 : 0.361027 0.361961 0.387798
1250.000000 0.368383 0.366789 : 0.359082 0.360059 0.386008
1260.000000 0.366535 0.364929 : 0.357170 0.358190 0.384243
1270.000000 0.364695 0.363077 : 0.355263 0.356342 0.382480
1280.000000 0.362880 0.361247 : 0.353381 0.354513 0.380746
1290.000000 0.361087 0.359440 : 0.351522 0.352704 0.379034
1300.000000 0.359316 0.357654 : 0.349688 0.350922 0.377340
1310.000000 0.357558 0.355880 : 0.347867 0.349148 0.375660
1320.000000 0.355815 0.354118 : 0.346062 0.347384 0.373999
1330.000000 0.354108 0.352393 : 0.344292 0.345661 0.372370
1340.000000 0.352399 0.350663 : 0.342525 0.343937 0.370734
1350.000000 0.350713 0.348958 : 0.340782 0.342234 0.369124
1360.000000 0.349059 0.347281 : 0.339071 0.340563 0.367543
1370.000000 0.347406 0.345604 : 0.337358 0.338900 0.365960
1380.000000 0.345769 0.343942 : 0.335655 0.337254 0.364397
1390.000000 0.344149 0.342294 : 0.333971 0.335629 0.362848
1400.000000 0.342548 0.340666 : 0.332297 0.334038 0.361309
1410.000000 0.340949 0.339037 : 0.330625 0.332450 0.359772
1420.000000 0.339371 0.337428 : 0.328967 0.330889 0.358255
1430.000000 0.337802 0.335832 : 0.327325 0.329337 0.356743
1440.000000 0.336240 0.334238 : 0.325690 0.327797 0.355234
1450.000000 0.334700 0.332671 : 0.324070 0.326277 0.353753
1460.000000 0.333165 0.331103 : 0.322462 0.324761 0.352272
1470.000000 0.331645 0.329552 : 0.320865 0.323263 0.350807
1480.000000 0.330143 0.328017 : 0.319284 0.321791 0.349353
1490.000000 0.328649 0.326491 : 0.317712 0.320325 0.347909
1500.000000 0.327165 0.324977 : 0.316145 0.318873 0.346478
1510.000000 0.325695 0.323474 : 0.314594 0.317440 0.345051
1520.000000 0.324242 0.321992 : 0.313060 0.316022 0.343645
1530.000000 0.322802 0.320517 : 0.311546 0.314617 0.342243
1540.000000 0.321366 0.319050 : 0.310035 0.313214 0.340848
1550.000000 0.319947 0.317600 : 0.308542 0.311832 0.339468
1560.000000 0.318541 0.316163 : 0.307070 0.310455 0.338098
1570.000000 0.317146 0.314739 : 0.305608 0.309090 0.336741
1580.000000 0.315765 0.313328 : 0.304159 0.307742 0.335393
1590.000000 0.314385 0.311920 : 0.302719 0.306384 0.334052
1600.000000 0.313031 0.310536 : 0.301314 0.305056 0.332722
1610.000000 0.311687 0.309162 : 0.299918 0.303740 0.331403
1620.000000 0.310354 0.307799 : 0.298533 0.302434 0.330094
1630.000000 0.309044 0.306457 : 0.297171 0.301153 0.328808
1640.000000 0.307741 0.305124 : 0.295806 0.299878 0.327537
1650.000000 0.306447 0.303801 : 0.294455 0.298619 0.326268
1660.000000 0.305168 0.302493 : 0.293110 0.297371 0.325024
1670.000000 0.303900 0.301196 : 0.291781 0.296136 0.323783
1680.000000 0.302638 0.299903 : 0.290447 0.294916 0.322550
1690.000000 0.301380 0.298618 : 0.289121 0.293700 0.321318
1700.000000 0.300139 0.297350 : 0.287819 0.292500 0.320099
1710.000000 0.298903 0.296085 : 0.286513 0.291312 0.318885
1720.000000 0.297669 0.294826 : 0.285216 0.290123 0.317668
1730.000000 0.296451 0.293582 : 0.283935 0.288949 0.316469
1740.000000 0.295242 0.292348 : 0.282666 0.287779 0.315280
1750.000000 0.294039 0.291117 : 0.281394 0.286620 0.314101
1760.000000 0.292845 0.289895 : 0.280135 0.285467 0.312933
1770.000000 0.291662 0.288684 : 0.278880 0.284325 0.311780
1780.000000 0.290494 0.287483 : 0.277642 0.283205 0.310636
1790.000000 0.289339 0.286296 : 0.276419 0.282096 0.309503
1800.000000 0.288187 0.285111 : 0.275196 0.280992 0.308374
1810.000000 0.287049 0.283938 : 0.273988 0.279905 0.307254
1820.000000 0.285925 0.282780 : 0.272788 0.278833 0.306154
1830.000000 0.284809 0.281630 : 0.271604 0.277774 0.305047
1840.000000 0.283702 0.280491 : 0.270418 0.276734 0.303954
1850.000000 0.282606 0.279364 : 0.269246 0.275705 0.302866
1860.000000 0.281514 0.278242 : 0.268079 0.274682 0.301781
1870.000000 0.280426 0.277127 : 0.266909 0.273665 0.300704
1880.000000 0.279343 0.276018 : 0.265751 0.272649 0.299628
1890.000000 0.278267 0.274917 : 0.264605 0.271627 0.298568
1900.000000 0.277194 0.273820 : 0.263460 0.270617 0.297504
1910.000000 0.276137 0.272737 : 0.262329 0.269614 0.296469
1920.000000 0.275085 0.271661 : 0.261215 0.268607 0.295432
1930.000000 0.274036 0.270585 : 0.260103 0.267602 0.294403
1940.000000 0.273003 0.269525 : 0.259009 0.266609 0.293390
1950.000000 0.271981 0.268475 : 0.257929 0.265620 0.292392
1960.000000 0.270966 0.267432 : 0.256855 0.264638 0.291405
1970.000000 0.269961 0.266399 : 0.255795 0.263667 0.290422
1980.000000 0.268966 0.265375 : 0.254732 0.262706 0.289461
1990.000000 0.267975 0.264357 : 0.253681 0.261742 0.288503
2000.000000 0.266993 0.263347 : 0.252628 0.260790 0.287560
