0.000000 1.000000 1.000000 : 1.000000 1.000000 1.000000
10.000000 0.990391 0.990391 : 0.990360 0.990373 0.990440
20.000000 0.984227 0.984227 : 0.984262 0.984255 0.984163
30.000000 0.975273 0.975273 : 0.975381 0.975341 0.975098
40.000000 0.964959 0.964959 : 0.965124 0.965057 0.964696
50.000000 0.954265 0.954265 : 0.954505 0.954434 0.953857
60.000000 0.944039 0.944037 : 0.944358 0.944261 0.943496
70.000000 0.937052 0.937049 : 0.937439 0.937342 0.936374
80.000000 0.926807 0.926801 : 0.927229 0.927155 0.926036
90.000000 0.919724 0.919716 : 0.920177 0.920122 0.918873
100.000000 0.911639 0.911629 : 0.912148 0.912126 0.910644
110.000000 0.904609 0.904596 : 0.905127 0.905144 0.903556
120.000000 0.898768 0.898752 : 0.899287 0.899357 0.897661
130.000000 0.892573 0.892554 : 0.893086 0.893207 0.891426
140.000000 0.885910 0.885889 : 0.886408 0.886586 0.884736
150.000000 0.879013 0.878989 : 0.879498 0.879737 0.877803
160.000000 0.872750 0.872726 : 0.873191 0.873488 0.871573
170.000000 0.865499 0.865472 : 0.865911 0.866259 0.864328
180.000000 0.859356 0.859325 : 0.859735 0.860124 0.858208
190.000000 0.852093 0.852059 : 0.852428 0.852862 0.850990
200.000000 0.845157 0.845118 : 0.845435 0.845903 0.844134
210.000000 0.839005 0.838962 : 0.839219 0.839743 0.838054
220.000000 0.832172 0.832123 : 0.832308 0.832882 0.831327
230.000000 0.825903 0.825849 : 0.825966 0.826580 0.825163
240.000000 0.819027 0.818968 : 0.819007 0.819669 0.818405
250.000000 0.813552 0.813487 : 0.813440 0.814151 0.813066
260.000000 0.807321 0.807252 : 0.807113 0.807880 0.806971
270.000000 0.801514 0.801438 : 0.801209 0.802008 0.801325
280.000000 0.795718 0.795636 : 0.795315 0.796164 0.795675
290.000000 0.789978 0.789891 : 0.789464 0.790364 0.790106
300.000000 0.784596 0.784502 : 0.783968 0.784911 0.784910
310.000000 0.778858 0.778758 : 0.778120 0.779106 0.779348
320.000000 0.773531 0.773423 : 0.772673 0.773711 0.774208
330.000000 0.767860 0.767745 : 0.766888 0.767972 0.768721
340.000000 0.762806 0.762683 : 0.761715 0.762831 0.763872
350.000000 0.757366 0.757235 : 0.756158 0.757310 0.758631
360.000000 0.752252 0.752111 : 0.750928 0.752109 0.753719
370.000000 0.747081 0.746928 : 0.745645 0.746836 0.748760
380.000000 0.742091 0.741927 : 0.740548 0.741751 0.743975
390.000000 0.737396 0.737219 : 0.735736 0.736956 0.739496
400.000000 0.732281 0.732090 : 0.730511 0.731736 0.734596
410.000000 0.727667 0.727463 : 0.725791 0.727021 0.730190
420.000000 0.722773 0.722555 : 0.720790 0.722016 0.725512
430.000000 0.718264 0.718033 : 0.716171 0.717393 0.721226
440.000000 0.713675 0.713432 : 0.711480 0.712692 0.716852
450.000000 0.709066 0.708811 : 0.706767 0.707970 0.712461
460.000000 0.704800 0.704533 : 0.702392 0.703591 0.708417
470.000000 0.700366 0.700087 : 0.697855 0.699047 0.704195
480.000000 0.696117 0.695827 : 0.693502 0.694689 0.700160
490.000000 0.691706 0.691403 : 0.688985 0.690168 0.695963
500.000000 0.687598 0.687283 : 0.684777 0.685951 0.692066
510.000000 0.683329 0.683000 : 0.680406 0.681579 0.688001
520.000000 0.679201 0.678859 : 0.676173 0.677346 0.684085
530.000000 0.675285 0.674929 : 0.672153 0.673323 0.680380
540.000000 0.671169 0.670800 : 0.667940 0.669103 0.676464
550.000000 0.667241 0.666858 : 0.663913 0.665068 0.672741
560.000000 0.663316 0.662921 : 0.659892 0.661041 0.669017
570.000000 0.659585 0.659178 : 0.656065 0.657209 0.665482
580.000000 0.655651 0.655232 : 0.652037 0.653174 0.661741
590.000000 0.651979 0.651550 : 0.648270 0.649404 0.658262
600.000000 0.648317 0.647877 : 0.644516 0.645650 0.654786
610.000000 0.644585 0.644133 : 0.640687 0.641828 0.651241
620.000000 0.641070 0.640605 : 0.637071 0.638223 0.647915
630.000000 0.637464 0.636986 : 0.633372 0.634528 0.644492
640.000000 0.633966 0.633475 : 0.629778 0.630943 0.641177
650.000000 0.630461 0.629955 : 0.626177 0.627349 0.637856
660.000000 0.627109 0.626589 : 0.622738 0.623909 0.634679
670.000000 0.623670 0.623138 : 0.619215 0.620383 0.631412
680.000000 0.620300 0.619754 : 0.615762 0.616926 0.628211
690.000000 0.617035 0.616479 : 0.612419 0.613580 0.625106
700.000000 0.613750 0.613182 : 0.609056 0.610214 0.621979
710.000000 0.610547 0.609968 : 0.605781 0.606925 0.618935
720.000000 0.607325 0.606735 : 0.602489 0.603623 0.615864
730.000000 0.604195 0.603594 : 0.599293 0.600414 0.612878
740.000000 0.601054 0.600441 : 0.596086 0.597195 0.609880
750.000000 0.597990 0.597364 : 0.592952 0.594054 0.606962
760.000000 0.594922 0.594286 : 0.589820 0.590918 0.604029
770.000000 0.591901 0.591253 : 0.586733 0.587830 0.601141
780.000000 0.588977 0.588316 : 0.583738 0.584840 0.598353
790.000000 0.585985 0.585312 : 0.580678 0.581787 0.595490
800.000000 0.583103 0.582418 : 0.577727 0.578844 0.592737
810.000000 0.580208 0.579512 : 0.574768 0.575889 0.589966
820.000000 0.577355 0.576650 : 0.571852 0.572978 0.587234
830.000000 0.574537 0.573822 : 0.568968 0.570103 0.584541
840.000000 0.571742 0.571017 : 0.566110 0.567245 0.581871
850.000000 0.569005 0.568272 : 0.563308 0.564450 0.579258
860.000000 0.566255 0.565512 : 0.560490 0.561638 0.576637
870.000000 0.563602 0.562849 : 0.557766 0.558927 0.574113
880.000000 0.560933 0.560172 : 0.555028 0.556199 0.571573
890.000000 0.558307 0.557538 : 0.552335 0.553511 0.569075
900.000000 0.555703 0.554927 : 0.549662 0.550855 0.566593
910.000000 0.553119 0.552335 : 0.547008 0.548219 0.564130
920.000000 0.550583 0.549791 : 0.544403 0.545628 0.561718
930.000000 0.548066 0.547266 : 0.541818 0.543058 0.559322
940.000000 0.545575 0.544767 : 0.539260 0.540519 0.556946
950.000000 0.543088 0.542270 : 0.536702 0.537988 0.554574
960.000000 0.540669 0.539842 : 0.534213 0.535520 0.552274
970.000000 0.538255 0.537419 : 0.531730 0.533063 0.549973
980.000000 0.535841 0.534995 : 0.529246 0.530605 0.547671
990.000000 0.533465 0.532609 : 0.526802 0.528185 0.545408
1000.000000 0.531117 0.530251 : 0.524388 0.525794 0.543169
1010.000000 0.528803 0.527928 : 0.522008 0.523433 0.540969
1020.000000 0.526493 0.525609 : 0.519639 0.521074 0.538768
1030.000000 0.524208 0.523316 : 0.517295 0.518736 0.536593
1040.000000 0.521943 0.521043 : 0.514971 0.516424 0.534435
1050.000000 0.519711 0.518802 : 0.512684 0.514138 0.532312
1060.000000 0.517487 0.516569 : 0.510411 0.511856 0.530194
1070.000000 0.515278 0.514353 : 0.508155 0.509595 0.528085
1080.000000 0.513117 0.512186 : 0.505945 0.507382 0.526025
1090.000000 0.510964 0.510024 : 0.503743 0.505179 0.523970
1100.000000 0.508832 0.507886 : 0.501566 0.502998 0.521933
1110.000000 0.506725 0.505771 : 0.499410 0.500848 0.519917
1120.000000 0.504640 0.503677 : 0.497285 0.498713 0.517921
1130.000000 0.502560 0.501588 : 0.495163 0.496591 0.515928
1140.000000 0.500509 0.499528 : 0.493072 0.494496 0.513959
1150.000000 0.498497 0.497506 : 0.491022 0.492440 0.512027
1160.000000 0.496481 0.495481 : 0.488966 0.490384 0.510092
1170.000000 0.494479 0.493470 : 0.486923 0.488346 0.508169
1180.000000 0.492514 0.491496 : 0.484914 0.486344 0.506285
1190.000000 0.490559 0.489531 : 0.482920 0.484348 0.504410
1200.000000 0.488615 0.487577 : 0.480929 0.482375 0.502541
1210.000000 0.486683 0.485635 : 0.478951 0.480412 0.500685
1220.000000 0.484767 0.483710 : 0.476989 0.478466 0.498847
1230.000000 0.482877 0.481811 : 0.475045 0.476557 0.497030
1240.000000 0.480998 0.479922 : 0.473111 0.474659 0.495224
1250.000000 0.479121 0.478035 : 0.471178 0.472761 0.493424
1260.000000 0.477272 0.476178 : 0.469273 0.470894 0.491648
1270.000000 0.475430 0.474327 : 0.467373 0.469043 0.489873
1280.000000 0.473606 0.472493 : 0.465490 0.467206 0.488122
1290.000000 0.471803 0.470680 : 0.463632 0.465388 0.486388
1300.000000 0.470018 0.468885 : 0.461791 0.463593 0.484670
1310.000000 0.468243 0.467100 : 0.459960 0.461805 0.482964
1320.000000 0.466480 0.465324 : 0.458144 0.460024 0.481272
1330.000000 0.464748 0.463580 : 0.456357 0.458280 0.479608
1340.000000 0.463014 0.461832 : 0.454571 0.456534 0.477937
1350.000000 0.461299 0.460103 : 0.452804 0.454805 0.476287
1360.000000 0.459611 0.458401 : 0.451066 0.453106 0.474661
1370.000000 0.457924 0.456697 : 0.449327 0.451412 0.473031
1380.000000 0.456248 0.455006 : 0.447595 0.449732 0.471418
1390.000000 0.454589 0.453327 : 0.445881 0.448069 0.469816
1400.000000 0.452945 0.451666 : 0.444177 0.446433 0.468225
1410.000000 0.451304 0.450004 : 0.442475 0.444800 0.466636
1420.000000 0.449681 0.448360 : 0.440787 0.443191 0.465065
1430.000000 0.448068 0.446727 : 0.439112 0.441591 0.463502
1440.000000 0.446461 0.445098 : 0.437444 0.440000 0.461939
1450.000000 0.444876 0.443492 : 0.435792 0.438429 0.460405
1460.000000 0.443293 0.441886 : 0.434147 0.436861 0.458869
1470.000000 0.441724 0.440295 : 0.432515 0.435309 0.457349
1480.000000 0.440171 0.438718 : 0.430896 0.433777 0.455839
1490.000000 0.438625 0.437150 : 0.429286 0.432253 0.454337
1500.000000 0.437088 0.435591 : 0.427682 0.430738 0.452846
1510.000000 0.435562 0.434042 : 0.426090 0.429239 0.451356
1520.000000 0.434052 0.432511 : 0.424514 0.427756 0.449887
1530.000000 0.432551 0.430986 : 0.422952 0.426282 0.448419
1540.000000 0.431055 0.429468 : 0.421395 0.424814 0.446958
1550.000000 0.429575 0.427966 : 0.419852 0.423363 0.445509
1560.000000 0.428104 0.426475 : 0.418324 0.421920 0.444069
1570.000000 0.426644 0.424994 : 0.416807 0.420486 0.442639
1580.000000 0.425196 0.423526 : 0.415302 0.419067 0.441218
1590.000000 0.423751 0.422062 : 0.413804 0.417644 0.439804
1600.000000 0.422326 0.420617 : 0.412333 0.416244 0.438400
1610.000000 0.420910 0.419182 : 0.410869 0.414855 0.437006
1620.000000 0.419504 0.417755 : 0.409417 0.413475 0.435621
1630.000000 0.418118 0.416347 : 0.407984 0.412117 0.434254
1640.000000 0.416739 0.414947 : 0.406552 0.410765 0.432899
1650.000000 0.415368 0.413556 : 0.405131 0.409426 0.431548
1660.000000 0.414012 0.412179 : 0.403719 0.408099 0.430219
1670.000000 0.412666 0.410811 : 0.402320 0.406784 0.428895
1680.000000 0.411326 0.409449 : 0.400918 0.405481 0.427578
1690.000000 0.409990 0.408093 : 0.399524 0.404182 0.426265
1700.000000 0.408671 0.406753 : 0.398148 0.402900 0.424963
1710.000000 0.407355 0.405416 : 0.396772 0.401628 0.423665
1720.000000 0.406042 0.404083 : 0.395402 0.400357 0.422367
1730.000000 0.404744 0.402765 : 0.394048 0.399100 0.421085
1740.000000 0.403454 0.401454 : 0.392702 0.397849 0.419811
1750.000000 0.402170 0.400148 : 0.391358 0.396606 0.418546
1760.000000 0.400895 0.398849 : 0.390024 0.395369 0.417290
1770.000000 0.399629 0.397561 : 0.388698 0.394143 0.416046
1780.000000 0.398376 0.396281 : 0.387384 0.392933 0.414810
1790.000000 0.397134 0.395013 : 0.386085 0.391733 0.413585
1800.000000 0.395897 0.393748 : 0.384786 0.390540 0.412364
1810.000000 0.394671 0.392494 : 0.383502 0.389360 0.411152
1820.000000 0.393458 0.391253 : 0.382225 0.388194 0.409955
1830.000000 0.392252 0.390019 : 0.380962 0.387040 0.408756
1840.000000 0.391057 0.388797 : 0.379702 0.385901 0.407570
1850.000000 0.389870 0.387584 : 0.378450 0.384771 0.406387
1860.000000 0.388687 0.386375 : 0.377204 0.383648 0.405208
1870.000000 0.387508 0.385173 : 0.375957 0.382531 0.404035
1880.000000 0.386334 0.383976 : 0.374721 0.381415 0.402865
1890.000000 0.385166 0.382785 : 0.373494 0.380298 0.401707
1900.000000 0.384003 0.381600 : 0.372271 0.379191 0.400547
1910.000000 0.382854 0.380427 : 0.371059 0.378091 0.399411
1920.000000 0.381709 0.379261 : 0.369863 0.376990 0.398275
1930.000000 0.380569 0.378097 : 0.368670 0.375892 0.397145
1940.000000 0.379443 0.376946 : 0.367492 0.374807 0.396031
1950.000000 0.378328 0.375806 : 0.366326 0.373727 0.394930
1960.000000 0.377219 0.374671 : 0.365166 0.372653 0.393838
1970.000000 0.376121 0.373547 : 0.364018 0.371591 0.392752
1980.000000 0.375031 0.372432 : 0.362871 0.370536 0.391685
1990.000000 0.373944 0.371320 : 0.361732 0.369480 0.390621
2000.000000 0.372867 0.370219 : 0.360597 0.368434 0.389571
