0.000000 1.000000 1.000000 : 1.000000 1.000000 1.000000
10.000000 0.988386 0.988386 : 0.988349 0.988365 0.988445
20.000000 0.980954 0.980954 : 0.980996 0.980988 0.980877
30.000000 0.970189 0.970189 : 0.970318 0.970270 0.969978
40.000000 0.957832 0.957832 : 0.958029 0.957950 0.957517
50.000000 0.945075 0.945074 : 0.945361 0.945277 0.944587
60.000000 0.932925 0.932922 : 0.933304 0.933189 0.932280
70.000000 0.924686 0.924681 : 0.925144 0.925031 0.923883
80.000000 0.912593 0.912586 : 0.913091 0.913005 0.911685
90.000000 0.904275 0.904264 : 0.904806 0.904743 0.903275
100.000000 0.894798 0.894783 : 0.895392 0.895370 0.893632
110.000000 0.886569 0.886550 : 0.887172 0.887195 0.885339
120.000000 0.879767 0.879744 : 0.880368 0.880453 0.878478
130.000000 0.872545 0.872519 : 0.873139 0.873282 0.871215
140.000000 0.864769 0.864740 : 0.865343 0.865552 0.863412
150.000000 0.856738 0.856706 : 0.857295 0.857575 0.855344
160.000000 0.849452 0.849418 : 0.849956 0.850300 0.848100
170.000000 0.841037 0.840998 : 0.841505 0.841907 0.839698
180.000000 0.833923 0.833881 : 0.834353 0.834800 0.832616
190.000000 0.825514 0.825467 : 0.825891 0.826386 0.824265
200.000000 0.817514 0.817461 : 0.817824 0.818356 0.816362
210.000000 0.810444 0.810385 : 0.810680 0.811273 0.809381
220.000000 0.802595 0.802529 : 0.802739 0.803387 0.801659
230.000000 0.795414 0.795341 : 0.795475 0.796163 0.794604
240.000000 0.787551 0.787471 : 0.787516 0.788255 0.786881
250.000000 0.781320 0.781234 : 0.781180 0.781970 0.780812
260.000000 0.774227 0.774134 : 0.773977 0.774825 0.773880
270.000000 0.767634 0.767533 : 0.767274 0.768152 0.767475
280.000000 0.761060 0.760951 : 0.760590 0.761516 0.761073
290.000000 0.754566 0.754450 : 0.753972 0.754949 0.754779
300.000000 0.748490 0.748365 : 0.747768 0.748785 0.748918
310.000000 0.742016 0.741883 : 0.741172 0.742229 0.742648
320.000000 0.736016 0.735873 : 0.735038 0.736146 0.736864
330.000000 0.729642 0.729490 : 0.728538 0.729689 0.730700
340.000000 0.723974 0.723812 : 0.722738 0.723917 0.725267
350.000000 0.717873 0.717700 : 0.716509 0.717717 0.719392
360.000000 0.712158 0.711973 : 0.710667 0.711900 0.713906
370.000000 0.706376 0.706178 : 0.704765 0.705998 0.708366
380.000000 0.700821 0.700607 : 0.699092 0.700329 0.703041
390.000000 0.695600 0.695371 : 0.693744 0.694991 0.698066
400.000000 0.689912 0.689665 : 0.687936 0.689179 0.692621
410.000000 0.684797 0.684534 : 0.682708 0.683945 0.687740
420.000000 0.679372 0.679091 : 0.677167 0.678390 0.682559
430.000000 0.674393 0.674096 : 0.672069 0.673277 0.677832
440.000000 0.669321 0.669010 : 0.666888 0.668074 0.673002
450.000000 0.664239 0.663913 : 0.661694 0.662859 0.668165
460.000000 0.659550 0.659209 : 0.656887 0.658037 0.663725
470.000000 0.654677 0.654322 : 0.651903 0.653037 0.659090
480.000000 0.650015 0.649646 : 0.647129 0.648247 0.654668
490.000000 0.645179 0.644794 : 0.642179 0.643285 0.650072
500.000000 0.640689 0.640290 : 0.637581 0.638670 0.645818
510.000000 0.636021 0.635606 : 0.632803 0.633883 0.641377
520.000000 0.631521 0.631089 : 0.628189 0.629261 0.637114
530.000000 0.627260 0.626811 : 0.623816 0.624877 0.633088
540.000000 0.622781 0.622316 : 0.619232 0.620279 0.628832
550.000000 0.618512 0.618031 : 0.614858 0.615886 0.624793
560.000000 0.614258 0.613762 : 0.610501 0.611513 0.620761
570.000000 0.610220 0.609710 : 0.606360 0.607358 0.616941
580.000000 0.605958 0.605435 : 0.601999 0.602981 0.612893
590.000000 0.601996 0.601461 : 0.597936 0.598906 0.609146
600.000000 0.598045 0.597497 : 0.593885 0.594848 0.605401
610.000000 0.594023 0.593459 : 0.589758 0.590723 0.601586
620.000000 0.590243 0.589666 : 0.585870 0.586841 0.598018
630.000000 0.586368 0.585774 : 0.581894 0.582862 0.594346
640.000000 0.582613 0.582004 : 0.578035 0.579008 0.590796
650.000000 0.578857 0.578231 : 0.574176 0.575150 0.587245
660.000000 0.575271 0.574628 : 0.570495 0.571464 0.583855
670.000000 0.571591 0.570933 : 0.566725 0.567683 0.580365
680.000000 0.567993 0.567318 : 0.563038 0.563985 0.576955
690.000000 0.564510 0.563823 : 0.559471 0.560409 0.573651
700.000000 0.561010 0.560309 : 0.555887 0.556816 0.570327
710.000000 0.557602 0.556888 : 0.552401 0.553307 0.567097
720.000000 0.554177 0.553450 : 0.548900 0.549790 0.563840
730.000000 0.550853 0.550113 : 0.545505 0.546374 0.560678
740.000000 0.547519 0.546765 : 0.542100 0.542951 0.557505
750.000000 0.544274 0.543506 : 0.538779 0.539618 0.554425
760.000000 0.541025 0.540244 : 0.535459 0.536291 0.551326
770.000000 0.537832 0.537038 : 0.532195 0.533020 0.548283
780.000000 0.534746 0.533937 : 0.529030 0.529859 0.545349
790.000000 0.531588 0.530764 : 0.525797 0.526632 0.542335
800.000000 0.528552 0.527715 : 0.522687 0.523525 0.539444
810.000000 0.525503 0.524654 : 0.519568 0.520408 0.536533
820.000000 0.522501 0.521642 : 0.516499 0.517339 0.533667
830.000000 0.519542 0.518670 : 0.513467 0.514313 0.530845
840.000000 0.516607 0.515725 : 0.510464 0.511307 0.528051
850.000000 0.513737 0.512844 : 0.507523 0.508369 0.525319
860.000000 0.510855 0.509951 : 0.504568 0.505417 0.522582
870.000000 0.508082 0.507166 : 0.501717 0.502577 0.519953
880.000000 0.505293 0.504367 : 0.498852 0.499720 0.517308
890.000000 0.502552 0.501617 : 0.496039 0.496908 0.514709
900.000000 0.499838 0.498893 : 0.493249 0.494135 0.512130
910.000000 0.497147 0.496193 : 0.490481 0.491385 0.509574
920.000000 0.494508 0.493544 : 0.487766 0.488686 0.507073
930.000000 0.491894 0.490919 : 0.485077 0.486011 0.504592
940.000000 0.489307 0.488322 : 0.482416 0.483372 0.502133
950.000000 0.486727 0.485730 : 0.479757 0.480745 0.499680
960.000000 0.484223 0.483214 : 0.477176 0.478187 0.497307
970.000000 0.481724 0.480703 : 0.474601 0.475640 0.494931
980.000000 0.479225 0.478193 : 0.472026 0.473094 0.492556
990.000000 0.476769 0.475724 : 0.469495 0.470589 0.490225
1000.000000 0.474345 0.473287 : 0.466999 0.468115 0.487921
1010.000000 0.471957 0.470888 : 0.464540 0.465674 0.485658
1020.000000 0.469576 0.468495 : 0.462095 0.463237 0.483396
1030.000000 0.467221 0.466130 : 0.459676 0.460823 0.481162
1040.000000 0.464890 0.463788 : 0.457282 0.458440 0.478947
1050.000000 0.462595 0.461483 : 0.454927 0.456085 0.476773
1060.000000 0.460309 0.459186 : 0.452589 0.453735 0.474603
1070.000000 0.458041 0.456909 : 0.450269 0.451410 0.472444
1080.000000 0.455825 0.454684 : 0.447999 0.449136 0.470340
1090.000000 0.453619 0.452468 : 0.445742 0.446876 0.468240
1100.000000 0.451437 0.450278 : 0.443510 0.444640 0.466161
1110.000000 0.449282 0.448113 : 0.441302 0.442438 0.464104
1120.000000 0.447152 0.445972 : 0.439130 0.440254 0.462071
1130.000000 0.445029 0.443837 : 0.436962 0.438084 0.460041
1140.000000 0.442937 0.441733 : 0.434829 0.435943 0.458038
1150.000000 0.440887 0.439671 : 0.432740 0.433844 0.456076
1160.000000 0.438835 0.437607 : 0.430646 0.431747 0.454111
1170.000000 0.436798 0.435558 : 0.428565 0.429667 0.452160
1180.000000 0.434801 0.433549 : 0.426521 0.427629 0.450252
1190.000000 0.432814 0.431550 : 0.424494 0.425595 0.448353
1200.000000 0.430840 0.429563 : 0.422470 0.423589 0.446461
1210.000000 0.428879 0.427591 : 0.420461 0.421593 0.444584
1220.000000 0.426937 0.425636 : 0.418469 0.419617 0.442725
1230.000000 0.425022 0.423711 : 0.416495 0.417682 0.440891
1240.000000 0.423120 0.421797 : 0.414533 0.415759 0.439067
1250.000000 0.421221 0.419886 : 0.412573 0.413838 0.437252
1260.000000 0.419352 0.418007 : 0.410643 0.411950 0.435463
1270.000000 0.417491 0.416135 : 0.408719 0.410079 0.433674
1280.000000 0.415651 0.414283 : 0.406815 0.408225 0.431913
1290.000000 0.413833 0.412453 : 0.404937 0.406392 0.430171
1300.000000 0.412036 0.410643 : 0.403079 0.404584 0.428446
1310.000000 0.410250 0.408843 : 0.401233 0.402783 0.426734
1320.000000 0.408477 0.407055 : 0.399402 0.400990 0.425039
1330.000000 0.406739 0.405301 : 0.397604 0.399237 0.423374
1340.000000 0.404998 0.403544 : 0.395808 0.397483 0.421702
1350.000000 0.403278 0.401807 : 0.394033 0.395748 0.420055
1360.000000 0.401589 0.400099 : 0.392289 0.394044 0.418433
1370.000000 0.399900 0.398390 : 0.390545 0.392347 0.416809
1380.000000 0.398225 0.396695 : 0.388808 0.390665 0.415203
1390.000000 0.396568 0.395013 : 0.387091 0.389002 0.413610
1400.000000 0.394927 0.393350 : 0.385383 0.387371 0.412028
1410.000000 0.393290 0.391687 : 0.383679 0.385742 0.410448
1420.000000 0.391671 0.390043 : 0.381988 0.384140 0.408887
1430.000000 0.390063 0.388411 : 0.380311 0.382546 0.407333
1440.000000 0.388462 0.386782 : 0.378642 0.380963 0.405780
1450.000000 0.386882 0.385178 : 0.376989 0.379401 0.404257
1460.000000 0.385306 0.383574 : 0.375345 0.377842 0.402733
1470.000000 0.383746 0.381986 : 0.373713 0.376300 0.401224
1480.000000 0.382201 0.380414 : 0.372096 0.374781 0.399727
1490.000000 0.380665 0.378850 : 0.370488 0.373270 0.398239
1500.000000 0.379139 0.377297 : 0.368885 0.371769 0.396763
1510.000000 0.377624 0.375754 : 0.367297 0.370287 0.395289
1520.000000 0.376127 0.374232 : 0.365725 0.368821 0.393836
1530.000000 0.374641 0.372716 : 0.364171 0.367365 0.392387
1540.000000 0.373159 0.371208 : 0.362620 0.365914 0.390944
1550.000000 0.371694 0.369716 : 0.361086 0.364482 0.389515
1560.000000 0.370241 0.368237 : 0.359570 0.363057 0.388095
1570.000000 0.368798 0.366769 : 0.358064 0.361643 0.386687
1580.000000 0.367368 0.365314 : 0.356571 0.360245 0.385288
1590.000000 0.365941 0.363863 : 0.355086 0.358839 0.383896
1600.000000 0.364536 0.362434 : 0.353632 0.357461 0.382515
1610.000000 0.363142 0.361014 : 0.352187 0.356094 0.381144
1620.000000 0.361758 0.359604 : 0.350752 0.354737 0.379784
1630.000000 0.360396 0.358215 : 0.349340 0.353404 0.378444
1640.000000 0.359040 0.356834 : 0.347926 0.352076 0.377118
1650.000000 0.357694 0.355463 : 0.346525 0.350764 0.375794
1660.000000 0.356363 0.354106 : 0.345133 0.349462 0.374495
1670.000000 0.355043 0.352761 : 0.343754 0.348174 0.373199
1680.000000 0.353728 0.351419 : 0.342372 0.346899 0.371912
1690.000000 0.352418 0.350085 : 0.340998 0.345629 0.370627
1700.000000 0.351125 0.348768 : 0.339645 0.344376 0.369355
1710.000000 0.349837 0.347454 : 0.338291 0.343133 0.368087
1720.000000 0.348550 0.346144 : 0.336943 0.341891 0.366817
1730.000000 0.347280 0.344850 : 0.335612 0.340664 0.365565
1740.000000 0.346018 0.343565 : 0.334292 0.339441 0.364322
1750.000000 0.344763 0.342283 : 0.332971 0.338228 0.363089
1760.000000 0.343516 0.341011 : 0.331661 0.337021 0.361865
1770.000000 0.342280 0.339748 : 0.330358 0.335825 0.360655
1780.000000 0.341058 0.338495 : 0.329070 0.334649 0.359454
1790.000000 0.339848 0.337255 : 0.327796 0.333482 0.358264
1800.000000 0.338641 0.336018 : 0.326523 0.332323 0.357079
1810.000000 0.337448 0.334792 : 0.325265 0.331178 0.355902
1820.000000 0.336269 0.333580 : 0.324015 0.330048 0.354743
1830.000000 0.335096 0.332376 : 0.322779 0.328930 0.353580
1840.000000 0.333934 0.331184 : 0.321544 0.327829 0.352430
1850.000000 0.332782 0.330002 : 0.320321 0.326739 0.351284
1860.000000 0.331633 0.328825 : 0.319103 0.325655 0.350142
1870.000000 0.330489 0.327655 : 0.317883 0.324577 0.349006
1880.000000 0.329349 0.326490 : 0.316675 0.323500 0.347873
1890.000000 0.328217 0.325333 : 0.315477 0.322420 0.346753
1900.000000 0.327088 0.324180 : 0.314282 0.321351 0.345631
1910.000000 0.325975 0.323041 : 0.313100 0.320289 0.344535
1920.000000 0.324866 0.321909 : 0.311935 0.319224 0.343438
1930.000000 0.323761 0.320778 : 0.310772 0.318162 0.342349
1940.000000 0.322671 0.319661 : 0.309626 0.317113 0.341275
1950.000000 0.321593 0.318556 : 0.308493 0.316068 0.340216
1960.000000 0.320521 0.317456 : 0.307366 0.315030 0.339167
1970.000000 0.319459 0.316367 : 0.306251 0.314004 0.338123
1980.000000 0.318407 0.315287 : 0.305136 0.312986 0.337100
1990.000000 0.317358 0.314212 : 0.304031 0.311965 0.336079
2000.000000 0.316319 0.313146 : 0.302927 0.310957 0.335074
