0.000000 1.000000 1.000000 : 1.000000 1.000000 1.000000
10.000000 0.981265 0.981265 : 0.981205 0.981230 0.981360
20.000000 0.969374 0.969374 : 0.969441 0.969428 0.969252
30.000000 0.952328 0.952328 : 0.952532 0.952457 0.951995
40.000000 0.933004 0.933004 : 0.933311 0.933189 0.932511
50.000000 0.913356 0.913354 : 0.913796 0.913669 0.912603
60.000000 0.894902 0.894897 : 0.895478 0.895307 0.893921
70.000000 0.882719 0.882708 : 0.883405 0.883241 0.881511
80.000000 0.864761 0.864743 : 0.865492 0.865375 0.863417
90.000000 0.852615 0.852589 : 0.853384 0.853306 0.851156
100.000000 0.838868 0.838833 : 0.839720 0.839703 0.837181
110.000000 0.826979 0.826936 : 0.827830 0.827884 0.825223
120.000000 0.817325 0.817274 : 0.818166 0.818307 0.815503
130.000000 0.807037 0.806979 : 0.807856 0.808079 0.805177
140.000000 0.795908 0.795844 : 0.796693 0.797002 0.794030
150.000000 0.784505 0.784435 : 0.785259 0.785660 0.782595
160.000000 0.774185 0.774112 : 0.774857 0.775338 0.772361
170.000000 0.762370 0.762290 : 0.762986 0.763536 0.760589
180.000000 0.752455 0.752368 : 0.753012 0.753613 0.750740
190.000000 0.740737 0.740640 : 0.741214 0.741870 0.739126
200.000000 0.729737 0.729630 : 0.730117 0.730807 0.728286
210.000000 0.720131 0.720012 : 0.720404 0.721167 0.718823
220.000000 0.709482 0.709349 : 0.709623 0.710450 0.708372
230.000000 0.699823 0.699679 : 0.699851 0.700714 0.698904
240.000000 0.689310 0.689153 : 0.689207 0.690120 0.688603
250.000000 0.681112 0.680942 : 0.680867 0.681826 0.680642
260.000000 0.671763 0.671580 : 0.671372 0.672385 0.671532
270.000000 0.663147 0.662951 : 0.662616 0.663637 0.663189
280.000000 0.654582 0.654372 : 0.653908 0.654967 0.654870
290.000000 0.646195 0.645971 : 0.645362 0.646456 0.646765
300.000000 0.638395 0.638156 : 0.637402 0.638517 0.639266
310.000000 0.630100 0.629847 : 0.628957 0.630093 0.631251
320.000000 0.622451 0.622182 : 0.621142 0.622315 0.623897
330.000000 0.614388 0.614103 : 0.612926 0.614121 0.616116
340.000000 0.607260 0.606959 : 0.605639 0.606838 0.609301
350.000000 0.599587 0.599269 : 0.597813 0.599018 0.601929
360.000000 0.592483 0.592147 : 0.590560 0.591764 0.595125
370.000000 0.585282 0.584924 : 0.583218 0.584391 0.588238
380.000000 0.578457 0.578076 : 0.576256 0.577403 0.581712
390.000000 0.572067 0.571660 : 0.569715 0.570846 0.575640
400.000000 0.565101 0.564667 : 0.562607 0.563705 0.568991
410.000000 0.558899 0.558439 : 0.556274 0.557332 0.563090
420.000000 0.552322 0.551835 : 0.549564 0.550572 0.556830
430.000000 0.546359 0.545848 : 0.543462 0.544423 0.551192
440.000000 0.540266 0.539733 : 0.537244 0.538146 0.545408
450.000000 0.534205 0.533649 : 0.531054 0.531900 0.539661
460.000000 0.528663 0.528086 : 0.525374 0.526176 0.534438
470.000000 0.522913 0.522315 : 0.519495 0.520254 0.528990
480.000000 0.517432 0.516812 : 0.513882 0.514600 0.523813
490.000000 0.511767 0.511123 : 0.508084 0.508766 0.518450
500.000000 0.506556 0.505890 : 0.502744 0.503388 0.513535
510.000000 0.501128 0.500439 : 0.497190 0.497803 0.508391
520.000000 0.495942 0.495229 : 0.491867 0.492456 0.503504
530.000000 0.491063 0.490324 : 0.486854 0.487412 0.498922
540.000000 0.485930 0.485169 : 0.481601 0.482122 0.494068
550.000000 0.481059 0.480276 : 0.476608 0.477084 0.489486
560.000000 0.476243 0.475438 : 0.471674 0.472106 0.484948
570.000000 0.471689 0.470867 : 0.467004 0.467395 0.480667
580.000000 0.466872 0.466034 : 0.462076 0.462426 0.476115
590.000000 0.462450 0.461594 : 0.457538 0.457849 0.471962
600.000000 0.458036 0.457163 : 0.453011 0.453292 0.467805
610.000000 0.453560 0.452665 : 0.448411 0.448683 0.463586
620.000000 0.449385 0.448471 : 0.444105 0.444372 0.459678
630.000000 0.445108 0.444168 : 0.439708 0.439959 0.455658
640.000000 0.440981 0.440019 : 0.435453 0.435701 0.451788
650.000000 0.436874 0.435886 : 0.431223 0.431459 0.447939
660.000000 0.432972 0.431958 : 0.427206 0.427426 0.444283
670.000000 0.428960 0.427925 : 0.423086 0.423282 0.440511
680.000000 0.425066 0.424007 : 0.419087 0.419257 0.436854
690.000000 0.421309 0.420233 : 0.415228 0.415377 0.433323
700.000000 0.417546 0.416450 : 0.411362 0.411493 0.429784
710.000000 0.413893 0.412779 : 0.407611 0.407708 0.426361
720.000000 0.410236 0.409104 : 0.403859 0.403930 0.422919
730.000000 0.406697 0.405546 : 0.400232 0.400271 0.419589
740.000000 0.403154 0.401984 : 0.396598 0.396610 0.416253
750.000000 0.399728 0.398538 : 0.393073 0.393070 0.413041
760.000000 0.396294 0.395085 : 0.389547 0.389535 0.409801
770.000000 0.392945 0.391718 : 0.386105 0.386084 0.406645
780.000000 0.389719 0.388472 : 0.382777 0.382761 0.403618
790.000000 0.386418 0.385150 : 0.379376 0.379376 0.400502
800.000000 0.383265 0.381979 : 0.376130 0.376130 0.397534
810.000000 0.380097 0.378795 : 0.372875 0.372876 0.394539
820.000000 0.376988 0.375672 : 0.369683 0.369680 0.391602
830.000000 0.373936 0.372605 : 0.366543 0.366542 0.388723
840.000000 0.370919 0.369572 : 0.363441 0.363433 0.385882
850.000000 0.367973 0.366612 : 0.360406 0.360399 0.383113
860.000000 0.365029 0.363649 : 0.357369 0.357365 0.380352
870.000000 0.362217 0.360817 : 0.354461 0.354469 0.377720
880.000000 0.359391 0.357973 : 0.351541 0.351558 0.375073
890.000000 0.356622 0.355188 : 0.348685 0.348699 0.372483
900.000000 0.353892 0.352441 : 0.345862 0.345898 0.369915
910.000000 0.351196 0.349726 : 0.343072 0.343134 0.367383
920.000000 0.348559 0.347070 : 0.340338 0.340423 0.364916
930.000000 0.345957 0.344446 : 0.337643 0.337750 0.362478
940.000000 0.343385 0.341855 : 0.334979 0.335121 0.360056
950.000000 0.340831 0.339279 : 0.332321 0.332517 0.357655
960.000000 0.338364 0.336790 : 0.329758 0.329987 0.355348
970.000000 0.335901 0.334306 : 0.327199 0.327475 0.353029
980.000000 0.333440 0.331826 : 0.324643 0.324960 0.350717
990.000000 0.331028 0.329392 : 0.322140 0.322488 0.348457
1000.000000 0.328656 0.326998 : 0.319683 0.320054 0.346230
1010.000000 0.326322 0.324647 : 0.317267 0.317656 0.344045
1020.000000 0.324004 0.322309 : 0.314876 0.315268 0.341867
1030.000000 0.321712 0.320002 : 0.312513 0.312908 0.339713
1040.000000 0.319452 0.317724 : 0.310179 0.310590 0.337586
1050.000000 0.317236 0.315492 : 0.307890 0.308307 0.335511
1060.000000 0.315030 0.313267 : 0.305622 0.306032 0.333435
1070.000000 0.312847 0.311069 : 0.303376 0.303786 0.331379
1080.000000 0.310722 0.308930 : 0.301183 0.301599 0.329383
1090.000000 0.308617 0.306808 : 0.299015 0.299438 0.327398
1100.000000 0.306536 0.304712 : 0.296872 0.297304 0.325433
1110.000000 0.304487 0.302646 : 0.294760 0.295206 0.323494
1120.000000 0.302470 0.300610 : 0.292697 0.293128 0.321586
1130.000000 0.300463 0.298580 : 0.290639 0.291070 0.319681
1140.000000 0.298496 0.296589 : 0.288632 0.289044 0.317812
1150.000000 0.296571 0.294640 : 0.286667 0.287061 0.315985
1160.000000 0.294647 0.292695 : 0.284703 0.285081 0.314158
1170.000000 0.292739 0.290763 : 0.282751 0.283119 0.312346
1180.000000 0.290877 0.288881 : 0.280842 0.281205 0.310586
1190.000000 0.289025 0.287007 : 0.278952 0.279293 0.308830
1200.000000 0.287188 0.285149 : 0.277059 0.277419 0.307085
1210.000000 0.285367 0.283309 : 0.275190 0.275556 0.305355
1220.000000 0.283566 0.281489 : 0.273336 0.273718 0.303643
1230.000000 0.281797 0.279704 : 0.271500 0.271931 0.301961
1240.000000 0.280043 0.277933 : 0.269678 0.270161 0.300289
1250.000000 0.278296 0.276168 : 0.267860 0.268393 0.298634
1260.000000 0.276579 0.274438 : 0.266076 0.266659 0.297002
1270.000000 0.274873 0.272716 : 0.264297 0.264949 0.295374
1280.000000 0.273195 0.271021 : 0.262548 0.263260 0.293778
1290.000000 0.271538 0.269345 : 0.260819 0.261589 0.292207
1300.000000 0.269908 0.267695 : 0.259121 0.259950 0.290653
1310.000000 0.268292 0.266058 : 0.257439 0.258320 0.289118
1320.000000 0.266692 0.264433 : 0.255774 0.256699 0.287603
1330.000000 0.265130 0.262847 : 0.254148 0.255123 0.286121
1340.000000 0.263568 0.261257 : 0.252525 0.253545 0.284633
1350.000000 0.262032 0.259694 : 0.250932 0.251991 0.283174
1360.000000 0.260527 0.258161 : 0.249367 0.250467 0.281748
1370.000000 0.259025 0.256626 : 0.247800 0.248956 0.280320
1380.000000 0.257540 0.255108 : 0.246245 0.247461 0.278915
1390.000000 0.256073 0.253604 : 0.244705 0.245989 0.277524
1400.000000 0.254624 0.252121 : 0.243174 0.244557 0.276143
1410.000000 0.253177 0.250636 : 0.241644 0.243125 0.274762
1420.000000 0.251749 0.249170 : 0.240128 0.241721 0.273398
1430.000000 0.250329 0.247719 : 0.238628 0.240325 0.272033
1440.000000 0.248918 0.246269 : 0.237138 0.238942 0.270674
1450.000000 0.247525 0.244847 : 0.235660 0.237578 0.269338
1460.000000 0.246140 0.243421 : 0.234199 0.236216 0.268005
1470.000000 0.244770 0.242014 : 0.232749 0.234873 0.266686
1480.000000 0.243419 0.240623 : 0.231315 0.233563 0.265379
1490.000000 0.242075 0.239240 : 0.229889 0.232255 0.264080
1500.000000 0.240742 0.237871 : 0.228465 0.230964 0.262798
1510.000000 0.239425 0.236514 : 0.227062 0.229694 0.261520
1520.000000 0.238125 0.235178 : 0.225677 0.228435 0.260262
1530.000000 0.236839 0.233849 : 0.224315 0.227191 0.259010
1540.000000 0.235556 0.232528 : 0.222957 0.225944 0.257766
1550.000000 0.234291 0.231224 : 0.221615 0.224720 0.256539
1560.000000 0.233040 0.229935 : 0.220305 0.223498 0.255319
1570.000000 0.231801 0.228658 : 0.218999 0.222288 0.254117
1580.000000 0.230577 0.227394 : 0.217708 0.221097 0.252924
1590.000000 0.229351 0.226134 : 0.216428 0.219887 0.251738
1600.000000 0.228155 0.224898 : 0.215189 0.218715 0.250560
1610.000000 0.226968 0.223674 : 0.213960 0.217552 0.249393
1620.000000 0.225792 0.222460 : 0.212738 0.216401 0.248237
1630.000000 0.224640 0.221269 : 0.211540 0.215275 0.247105
1640.000000 0.223493 0.220088 : 0.210334 0.214154 0.245992
1650.000000 0.222355 0.218916 : 0.209141 0.213050 0.244875
1660.000000 0.221230 0.217758 : 0.207949 0.211954 0.243787
1670.000000 0.220116 0.216612 : 0.206776 0.210873 0.242699
1680.000000 0.219005 0.215469 : 0.205596 0.209805 0.241615
1690.000000 0.217898 0.214333 : 0.204420 0.208743 0.240531
1700.000000 0.216808 0.213215 : 0.203272 0.207693 0.239459
1710.000000 0.215723 0.212099 : 0.202118 0.206659 0.238391
1720.000000 0.214638 0.210990 : 0.200973 0.205621 0.237320
1730.000000 0.213569 0.209895 : 0.199844 0.204598 0.236265
1740.000000 0.212508 0.208810 : 0.198729 0.203576 0.235220
1750.000000 0.211454 0.207729 : 0.197607 0.202568 0.234186
1760.000000 0.210409 0.206658 : 0.196497 0.201565 0.233166
1770.000000 0.209373 0.205597 : 0.195387 0.200572 0.232158
1780.000000 0.208356 0.204548 : 0.194299 0.199607 0.231164
1790.000000 0.207352 0.203513 : 0.193225 0.198652 0.230179
1800.000000 0.206348 0.202479 : 0.192149 0.197700 0.229196
1810.000000 0.205359 0.201457 : 0.191087 0.196769 0.228222
1820.000000 0.204385 0.200453 : 0.190034 0.195851 0.227271
1830.000000 0.203418 0.199454 : 0.188998 0.194948 0.226308
1840.000000 0.202459 0.198468 : 0.187953 0.194066 0.225359
1850.000000 0.201515 0.197494 : 0.186925 0.193198 0.224422
1860.000000 0.200573 0.196525 : 0.185902 0.192334 0.223485
1870.000000 0.199636 0.195564 : 0.184874 0.191476 0.222558
1880.000000 0.198703 0.194608 : 0.183857 0.190620 0.221632
1890.000000 0.197778 0.193661 : 0.182854 0.189755 0.220724
1900.000000 0.196853 0.192715 : 0.181850 0.188901 0.219810
1910.000000 0.195948 0.191786 : 0.180856 0.188056 0.218931
1920.000000 0.195045 0.190862 : 0.179884 0.187204 0.218046
1930.000000 0.194142 0.189938 : 0.178908 0.186352 0.217167
1940.000000 0.193258 0.189029 : 0.177954 0.185513 0.216308
1950.000000 0.192385 0.188131 : 0.177016 0.184676 0.215462
1960.000000 0.191519 0.187239 : 0.176086 0.183844 0.214628
1970.000000 0.190662 0.186357 : 0.175169 0.183023 0.213794
1980.000000 0.189815 0.185483 : 0.174246 0.182214 0.212985
1990.000000 0.188973 0.184615 : 0.173340 0.181402 0.212176
2000.000000 0.188138 0.183754 : 0.172426 0.180604 0.211385
