0.000000 1.000000 1.000000 : 1.000000 1.000000 1.000000
10.000000 0.997588 0.997588 : 0.997580 0.997583 0.997600
20.000000 0.996027 0.996027 : 0.996036 0.996035 0.996011
30.000000 0.993737 0.993737 : 0.993765 0.993755 0.993693
40.000000 0.991065 0.991065 : 0.991108 0.991091 0.990997
50.000000 0.988252 0.988252 : 0.988315 0.988296 0.988144
60.000000 0.985520 0.985520 : 0.985606 0.985579 0.985376
70.000000 0.983603 0.983603 : 0.983708 0.983681 0.983420
80.000000 0.980799 0.980799 : 0.980916 0.980894 0.980588
90.000000 0.978825 0.978824 : 0.978952 0.978935 0.978588
100.000000 0.976554 0.976554 : 0.976698 0.976690 0.976274
110.000000 0.974568 0.974567 : 0.974717 0.974720 0.974268
120.000000 0.972887 0.972886 : 0.973038 0.973055 0.972567
130.000000 0.971108 0.971106 : 0.971259 0.971291 0.970773
140.000000 0.969202 0.969200 : 0.969351 0.969400 0.968855
150.000000 0.967213 0.967211 : 0.967360 0.967428 0.966851
160.000000 0.965400 0.965398 : 0.965536 0.965622 0.965042
170.000000 0.963284 0.963281 : 0.963413 0.963516 0.962922
180.000000 0.961473 0.961471 : 0.961594 0.961712 0.961114
190.000000 0.959333 0.959330 : 0.959442 0.959576 0.958981
200.000000 0.957259 0.957256 : 0.957353 0.957501 0.956924
210.000000 0.955394 0.955390 : 0.955469 0.955638 0.955075
220.000000 0.953318 0.953314 : 0.953371 0.953558 0.953025
230.000000 0.951392 0.951388 : 0.951424 0.951628 0.951126
240.000000 0.949267 0.949262 : 0.949274 0.949498 0.949031
250.000000 0.947542 0.947536 : 0.947520 0.947765 0.947341
260.000000 0.945581 0.945575 : 0.945529 0.945799 0.945416
270.000000 0.943733 0.943727 : 0.943650 0.943938 0.943612
280.000000 0.941881 0.941874 : 0.941766 0.942078 0.941800
290.000000 0.940029 0.940021 : 0.939876 0.940215 0.939995
300.000000 0.938277 0.938268 : 0.938086 0.938448 0.938297
310.000000 0.936404 0.936395 : 0.936176 0.936562 0.936475
320.000000 0.934652 0.934642 : 0.934382 0.934796 0.934778
330.000000 0.932774 0.932763 : 0.932463 0.932904 0.932955
340.000000 0.931083 0.931071 : 0.930730 0.931192 0.931326
350.000000 0.929262 0.929250 : 0.928867 0.929353 0.929567
360.000000 0.927527 0.927513 : 0.927088 0.927597 0.927895
370.000000 0.925772 0.925757 : 0.925291 0.925818 0.926207
380.000000 0.924053 0.924037 : 0.923531 0.924075 0.924554
390.000000 0.922425 0.922407 : 0.921858 0.922422 0.922994
400.000000 0.920652 0.920633 : 0.920043 0.920623 0.921290
410.000000 0.919031 0.919010 : 0.918380 0.918978 0.919736
420.000000 0.917311 0.917289 : 0.916616 0.917231 0.918086
430.000000 0.915702 0.915678 : 0.914964 0.915593 0.916550
440.000000 0.914067 0.914042 : 0.913287 0.913931 0.914985
450.000000 0.912412 0.912385 : 0.911588 0.912247 0.913401
460.000000 0.910860 0.910831 : 0.909992 0.910666 0.911922
470.000000 0.909243 0.909213 : 0.908333 0.909021 0.910375
480.000000 0.907684 0.907652 : 0.906730 0.907434 0.908887
490.000000 0.906058 0.906025 : 0.905061 0.905780 0.907333
500.000000 0.904526 0.904490 : 0.903487 0.904218 0.905871
510.000000 0.902934 0.902897 : 0.901853 0.902600 0.904350
520.000000 0.901378 0.901339 : 0.900253 0.901015 0.902865
530.000000 0.899887 0.899846 : 0.898719 0.899496 0.901447
540.000000 0.898321 0.898278 : 0.897111 0.897902 0.899950
550.000000 0.896815 0.896770 : 0.895563 0.896368 0.898515
560.000000 0.895298 0.895251 : 0.894003 0.894823 0.897067
570.000000 0.893843 0.893795 : 0.892506 0.893343 0.895681
580.000000 0.892314 0.892264 : 0.890935 0.891787 0.894221
590.000000 0.890864 0.890812 : 0.889444 0.890311 0.892839
600.000000 0.889416 0.889363 : 0.887954 0.888838 0.891457
610.000000 0.887935 0.887879 : 0.886430 0.887332 0.890041
620.000000 0.886523 0.886465 : 0.884976 0.885896 0.888696
630.000000 0.885072 0.885013 : 0.883485 0.884422 0.887310
640.000000 0.883656 0.883594 : 0.882027 0.882983 0.885958
650.000000 0.882228 0.882164 : 0.880557 0.881531 0.884595
660.000000 0.880850 0.880784 : 0.879140 0.880130 0.883279
670.000000 0.879438 0.879370 : 0.877690 0.878696 0.881928
680.000000 0.878041 0.877972 : 0.876255 0.877277 0.880592
690.000000 0.876680 0.876609 : 0.874857 0.875896 0.879288
700.000000 0.875305 0.875231 : 0.873444 0.874501 0.877969
710.000000 0.873956 0.873881 : 0.872061 0.873132 0.876675
720.000000 0.872593 0.872516 : 0.870664 0.871751 0.875365
730.000000 0.871261 0.871182 : 0.869299 0.870400 0.874084
740.000000 0.869920 0.869839 : 0.867925 0.869042 0.872793
750.000000 0.868600 0.868517 : 0.866572 0.867704 0.871524
760.000000 0.867278 0.867193 : 0.865218 0.866367 0.870249
770.000000 0.865963 0.865876 : 0.863872 0.865037 0.868982
780.000000 0.864682 0.864593 : 0.862558 0.863741 0.867748
790.000000 0.863372 0.863281 : 0.861215 0.862417 0.866484
800.000000 0.862097 0.862004 : 0.859907 0.861128 0.865255
810.000000 0.860815 0.860720 : 0.858594 0.859833 0.864019
820.000000 0.859545 0.859448 : 0.857292 0.858550 0.862792
830.000000 0.858284 0.858184 : 0.855997 0.857277 0.861577
840.000000 0.857026 0.856925 : 0.854708 0.856005 0.860365
850.000000 0.855790 0.855687 : 0.853439 0.854757 0.859173
860.000000 0.854543 0.854438 : 0.852158 0.853497 0.857972
870.000000 0.853327 0.853220 : 0.850908 0.852269 0.856803
880.000000 0.852102 0.851994 : 0.849650 0.851033 0.855625
890.000000 0.850892 0.850782 : 0.848407 0.849809 0.854459
900.000000 0.849685 0.849574 : 0.847167 0.848592 0.853297
910.000000 0.848481 0.848369 : 0.845930 0.847376 0.852138
920.000000 0.847294 0.847180 : 0.844709 0.846177 0.850995
930.000000 0.846109 0.845994 : 0.843492 0.844981 0.849855
940.000000 0.844932 0.844816 : 0.842283 0.843793 0.848722
950.000000 0.843752 0.843634 : 0.841068 0.842602 0.847584
960.000000 0.842594 0.842475 : 0.839877 0.841434 0.846471
970.000000 0.841437 0.841316 : 0.838687 0.840266 0.845357
980.000000 0.840276 0.840154 : 0.837492 0.839096 0.844240
990.000000 0.839128 0.839005 : 0.836311 0.837939 0.843135
1000.000000 0.837987 0.837862 : 0.835136 0.836790 0.842037
1010.000000 0.836859 0.836732 : 0.833973 0.835652 0.840952
1020.000000 0.835728 0.835600 : 0.832810 0.834511 0.839863
1030.000000 0.834606 0.834476 : 0.831656 0.833378 0.838783
1040.000000 0.833489 0.833358 : 0.830508 0.832252 0.837708
1050.000000 0.832382 0.832249 : 0.829370 0.831133 0.836642
1060.000000 0.831276 0.831142 : 0.828237 0.830014 0.835577
1070.000000 0.830173 0.830038 : 0.827107 0.828900 0.834513
1080.000000 0.829088 0.828952 : 0.825995 0.827803 0.833466
1090.000000 0.828000 0.827863 : 0.824879 0.826705 0.832417
1100.000000 0.826921 0.826783 : 0.823774 0.825614 0.831376
1110.000000 0.825849 0.825709 : 0.822675 0.824532 0.830340
1120.000000 0.824782 0.824641 : 0.821583 0.823454 0.829310
1130.000000 0.823716 0.823574 : 0.820491 0.822379 0.828278
1140.000000 0.822658 0.822514 : 0.819407 0.821312 0.827254
1150.000000 0.821614 0.821470 : 0.818341 0.820261 0.826242
1160.000000 0.820567 0.820421 : 0.817269 0.819207 0.825226
1170.000000 0.819525 0.819378 : 0.816203 0.818159 0.824213
1180.000000 0.818495 0.818346 : 0.815148 0.817124 0.823212
1190.000000 0.817468 0.817318 : 0.814099 0.816091 0.822213
1200.000000 0.816443 0.816292 : 0.813052 0.815063 0.821215
1210.000000 0.815422 0.815269 : 0.812007 0.814037 0.820221
1220.000000 0.814406 0.814252 : 0.810969 0.813017 0.819232
1230.000000 0.813398 0.813242 : 0.809937 0.812007 0.818251
1240.000000 0.812394 0.812236 : 0.808908 0.811000 0.817273
1250.000000 0.811387 0.811228 : 0.807877 0.809992 0.816293
1260.000000 0.810392 0.810232 : 0.806858 0.808994 0.815324
1270.000000 0.809397 0.809235 : 0.805838 0.808000 0.814353
1280.000000 0.808407 0.808243 : 0.804821 0.807009 0.813390
1290.000000 0.807424 0.807260 : 0.803815 0.806026 0.812432
1300.000000 0.806447 0.806281 : 0.802813 0.805049 0.811478
1310.000000 0.805472 0.805304 : 0.801814 0.804074 0.810527
1320.000000 0.804499 0.804330 : 0.800817 0.803101 0.809579
1330.000000 0.803538 0.803367 : 0.799833 0.802140 0.808641
1340.000000 0.802575 0.802402 : 0.798846 0.801179 0.807699
1350.000000 0.801616 0.801442 : 0.797864 0.800222 0.806763
1360.000000 0.800668 0.800492 : 0.796893 0.799277 0.805834
1370.000000 0.799718 0.799541 : 0.795921 0.798331 0.804903
1380.000000 0.798772 0.798593 : 0.794950 0.797389 0.803976
1390.000000 0.797829 0.797648 : 0.793984 0.796452 0.803052
1400.000000 0.796892 0.796710 : 0.793022 0.795522 0.802133
1410.000000 0.795955 0.795771 : 0.792060 0.794593 0.801212
1420.000000 0.795025 0.794838 : 0.791104 0.793671 0.800299
1430.000000 0.794097 0.793909 : 0.790152 0.792751 0.799388
1440.000000 0.793171 0.792981 : 0.789202 0.791835 0.798477
1450.000000 0.792254 0.792063 : 0.788260 0.790927 0.797576
1460.000000 0.791337 0.791143 : 0.787318 0.790019 0.796673
1470.000000 0.790425 0.790229 : 0.786382 0.789118 0.795775
1480.000000 0.789517 0.789320 : 0.785450 0.788221 0.794881
1490.000000 0.788613 0.788414 : 0.784522 0.787329 0.793989
1500.000000 0.787711 0.787510 : 0.783596 0.786438 0.793099
1510.000000 0.786812 0.786608 : 0.782673 0.785552 0.792210
1520.000000 0.785919 0.785714 : 0.781757 0.784673 0.791327
1530.000000 0.785027 0.784820 : 0.780841 0.783796 0.790444
1540.000000 0.784138 0.783930 : 0.779929 0.782923 0.789563
1550.000000 0.783254 0.783044 : 0.779021 0.782054 0.788686
1560.000000 0.782373 0.782162 : 0.778116 0.781190 0.787813
1570.000000 0.781496 0.781283 : 0.777215 0.780330 0.786942
1580.000000 0.780623 0.780409 : 0.776318 0.779474 0.786076
1590.000000 0.779752 0.779536 : 0.775423 0.778620 0.785212
1600.000000 0.778886 0.778670 : 0.774535 0.777772 0.784352
1610.000000 0.778024 0.777806 : 0.773650 0.776928 0.783495
1620.000000 0.777165 0.776946 : 0.772768 0.776086 0.782640
1630.000000 0.776313 0.776092 : 0.771894 0.775253 0.781791
1640.000000 0.775462 0.775240 : 0.771021 0.774421 0.780945
1650.000000 0.774615 0.774391 : 0.770151 0.773593 0.780099
1660.000000 0.773773 0.773547 : 0.769287 0.772770 0.779262
1670.000000 0.772934 0.772707 : 0.768425 0.771952 0.778425
1680.000000 0.772097 0.771868 : 0.767564 0.771137 0.777592
1690.000000 0.771262 0.771031 : 0.766705 0.770323 0.776759
1700.000000 0.770433 0.770201 : 0.765852 0.769516 0.775931
1710.000000 0.769605 0.769371 : 0.765000 0.768711 0.775105
1720.000000 0.768778 0.768542 : 0.764149 0.767908 0.774277
1730.000000 0.767957 0.767718 : 0.763304 0.767110 0.773455
1740.000000 0.767138 0.766898 : 0.762461 0.766316 0.772636
1750.000000 0.766320 0.766078 : 0.761620 0.765523 0.771818
1760.000000 0.765506 0.765261 : 0.760782 0.764733 0.771004
1770.000000 0.764696 0.764449 : 0.759948 0.763947 0.770193
1780.000000 0.763889 0.763639 : 0.759116 0.763165 0.769384
1790.000000 0.763086 0.762833 : 0.758291 0.762387 0.768580
1800.000000 0.762284 0.762029 : 0.757466 0.761611 0.767776
1810.000000 0.761488 0.761229 : 0.756646 0.760840 0.766976
1820.000000 0.760694 0.760432 : 0.755830 0.760074 0.766179
1830.000000 0.759904 0.759639 : 0.755017 0.759312 0.765384
1840.000000 0.759119 0.758851 : 0.754208 0.758554 0.764594
1850.000000 0.758335 0.758064 : 0.753401 0.757800 0.763804
1860.000000 0.757554 0.757280 : 0.752597 0.757049 0.763017
1870.000000 0.756774 0.756497 : 0.751793 0.756300 0.762230
1880.000000 0.755997 0.755717 : 0.750992 0.755552 0.761446
1890.000000 0.755221 0.754939 : 0.750193 0.754805 0.760666
1900.000000 0.754448 0.754163 : 0.749397 0.754063 0.759886
1910.000000 0.753680 0.753391 : 0.748604 0.753322 0.759113
1920.000000 0.752915 0.752623 : 0.747816 0.752585 0.758343
1930.000000 0.752151 0.751856 : 0.747029 0.751848 0.757575
1940.000000 0.751392 0.751093 : 0.746246 0.751117 0.756812
1950.000000 0.750637 0.750335 : 0.745467 0.750389 0.756054
1960.000000 0.749884 0.749579 : 0.744690 0.749664 0.755298
1970.000000 0.749136 0.748827 : 0.743919 0.748943 0.754547
1980.000000 0.748392 0.748079 : 0.743150 0.748226 0.753801
1990.000000 0.747649 0.747333 : 0.742383 0.747509 0.753056
2000.000000 0.746911 0.746591 : 0.741620 0.746796 0.752316
