0.000000 1.000000 1.000000 : 1.000000 1.000000 1.000000
10.000000 0.999903 0.999903 : 0.999903 0.999903 0.999904
20.000000 0.999841 0.999841 : 0.999841 0.999841 0.999840
30.000000 0.999748 0.999748 : 0.999750 0.999749 0.999747
40.000000 0.999640 0.999640 : 0.999642 0.999641 0.999638
50.000000 0.999526 0.999526 : 0.999528 0.999528 0.999522
60.000000 0.999414 0.999414 : 0.999418 0.999417 0.999408
70.000000 0.999335 0.999335 : 0.999340 0.999338 0.999328
80.000000 0.999220 0.999220 : 0.999225 0.999224 0.999211
90.000000 0.999138 0.999138 : 0.999143 0.999142 0.999128
100.000000 0.999044 0.999044 : 0.999050 0.999049 0.999032
110.000000 0.998961 0.998961 : 0.998967 0.998967 0.998948
120.000000 0.998890 0.998890 : 0.998897 0.998897 0.998877
130.000000 0.998816 0.998816 : 0.998822 0.998824 0.998802
140.000000 0.998736 0.998736 : 0.998742 0.998744 0.998721
150.000000 0.998653 0.998653 : 0.998659 0.998662 0.998637
160.000000 0.998577 0.998577 : 0.998582 0.998586 0.998561
170.000000 0.998487 0.998487 : 0.998493 0.998497 0.998472
180.000000 0.998411 0.998411 : 0.998416 0.998421 0.998395
190.000000 0.998320 0.998320 : 0.998325 0.998331 0.998305
200.000000 0.998232 0.998232 : 0.998236 0.998243 0.998218
210.000000 0.998153 0.998153 : 0.998156 0.998163 0.998139
220.000000 0.998064 0.998064 : 0.998066 0.998075 0.998051
230.000000 0.997981 0.997981 : 0.997983 0.997992 0.997969
240.000000 0.997890 0.997890 : 0.997891 0.997901 0.997879
250.000000 0.997816 0.997816 : 0.997815 0.997826 0.997806
260.000000 0.997731 0.997731 : 0.997729 0.997741 0.997723
270.000000 0.997651 0.997651 : 0.997647 0.997660 0.997644
280.000000 0.997570 0.997570 : 0.997565 0.997579 0.997565
290.000000 0.997489 0.997489 : 0.997483 0.997498 0.997487
300.000000 0.997412 0.997412 : 0.997404 0.997421 0.997412
310.000000 0.997330 0.997330 : 0.997321 0.997339 0.997332
320.000000 0.997253 0.997253 : 0.997242 0.997261 0.997257
330.000000 0.997171 0.997171 : 0.997157 0.997178 0.997177
340.000000 0.997096 0.997096 : 0.997080 0.997102 0.997105
350.000000 0.997015 0.997015 : 0.996998 0.997021 0.997027
360.000000 0.996938 0.996938 : 0.996919 0.996943 0.996952
370.000000 0.996860 0.996860 : 0.996839 0.996864 0.996877
380.000000 0.996783 0.996783 : 0.996760 0.996787 0.996803
390.000000 0.996710 0.996710 : 0.996685 0.996713 0.996733
400.000000 0.996631 0.996631 : 0.996604 0.996632 0.996657
410.000000 0.996558 0.996558 : 0.996529 0.996558 0.996587
420.000000 0.996480 0.996480 : 0.996449 0.996480 0.996512
430.000000 0.996407 0.996407 : 0.996374 0.996406 0.996442
440.000000 0.996333 0.996333 : 0.996298 0.996331 0.996371
450.000000 0.996258 0.996258 : 0.996221 0.996254 0.996299
460.000000 0.996187 0.996187 : 0.996148 0.996183 0.996231
470.000000 0.996113 0.996113 : 0.996072 0.996108 0.996161
480.000000 0.996042 0.996042 : 0.995998 0.996035 0.996092
490.000000 0.995967 0.995967 : 0.995922 0.995960 0.996021
500.000000 0.995897 0.995897 : 0.995849 0.995888 0.995953
510.000000 0.995823 0.995823 : 0.995774 0.995813 0.995883
520.000000 0.995751 0.995751 : 0.995699 0.995740 0.995814
530.000000 0.995682 0.995682 : 0.995628 0.995670 0.995748
540.000000 0.995609 0.995609 : 0.995553 0.995596 0.995678
550.000000 0.995539 0.995539 : 0.995481 0.995525 0.995611
560.000000 0.995468 0.995468 : 0.995408 0.995453 0.995543
570.000000 0.995399 0.995399 : 0.995337 0.995384 0.995478
580.000000 0.995328 0.995328 : 0.995264 0.995311 0.995409
590.000000 0.995259 0.995259 : 0.995193 0.995241 0.995343
600.000000 0.995191 0.995191 : 0.995123 0.995172 0.995278
610.000000 0.995121 0.995121 : 0.995050 0.995101 0.995211
620.000000 0.995054 0.995054 : 0.994981 0.995033 0.995147
630.000000 0.994985 0.994984 : 0.994910 0.994963 0.995081
640.000000 0.994917 0.994917 : 0.994840 0.994895 0.995016
650.000000 0.994849 0.994849 : 0.994770 0.994826 0.994950
660.000000 0.994783 0.994782 : 0.994702 0.994759 0.994887
670.000000 0.994715 0.994715 : 0.994632 0.994690 0.994822
680.000000 0.994647 0.994647 : 0.994563 0.994622 0.994757
690.000000 0.994582 0.994582 : 0.994495 0.994556 0.994694
700.000000 0.994515 0.994515 : 0.994427 0.994489 0.994630
710.000000 0.994450 0.994449 : 0.994359 0.994422 0.994567
720.000000 0.994383 0.994383 : 0.994291 0.994356 0.994503
730.000000 0.994318 0.994318 : 0.994225 0.994290 0.994440
740.000000 0.994253 0.994253 : 0.994157 0.994224 0.994377
750.000000 0.994188 0.994188 : 0.994091 0.994159 0.994315
760.000000 0.994123 0.994123 : 0.994024 0.994094 0.994252
770.000000 0.994059 0.994058 : 0.993958 0.994029 0.994189
780.000000 0.993995 0.993995 : 0.993893 0.993965 0.994128
790.000000 0.993931 0.993930 : 0.993826 0.993900 0.994066
800.000000 0.993867 0.993867 : 0.993761 0.993836 0.994004
810.000000 0.993804 0.993803 : 0.993696 0.993772 0.993943
820.000000 0.993740 0.993740 : 0.993631 0.993709 0.993882
830.000000 0.993677 0.993677 : 0.993566 0.993645 0.993821
840.000000 0.993614 0.993614 : 0.993501 0.993582 0.993760
850.000000 0.993552 0.993552 : 0.993437 0.993520 0.993700
860.000000 0.993490 0.993490 : 0.993373 0.993457 0.993640
870.000000 0.993428 0.993428 : 0.993310 0.993395 0.993580
880.000000 0.993367 0.993366 : 0.993246 0.993333 0.993521
890.000000 0.993305 0.993305 : 0.993183 0.993272 0.993462
900.000000 0.993244 0.993244 : 0.993120 0.993210 0.993402
910.000000 0.993183 0.993183 : 0.993057 0.993149 0.993343
920.000000 0.993123 0.993122 : 0.992994 0.993088 0.993285
930.000000 0.993062 0.993062 : 0.992932 0.993028 0.993226
940.000000 0.993002 0.993002 : 0.992870 0.992967 0.993168
950.000000 0.992941 0.992941 : 0.992808 0.992907 0.993110
960.000000 0.992882 0.992881 : 0.992746 0.992847 0.993052
970.000000 0.992822 0.992822 : 0.992684 0.992787 0.992995
980.000000 0.992762 0.992762 : 0.992623 0.992727 0.992937
990.000000 0.992703 0.992703 : 0.992561 0.992668 0.992879
1000.000000 0.992644 0.992643 : 0.992500 0.992608 0.992822
1010.000000 0.992585 0.992585 : 0.992439 0.992550 0.992766
1020.000000 0.992526 0.992526 : 0.992379 0.992491 0.992709
1030.000000 0.992468 0.992467 : 0.992318 0.992432 0.992652
1040.000000 0.992409 0.992409 : 0.992258 0.992374 0.992596
1050.000000 0.992351 0.992351 : 0.992198 0.992315 0.992540
1060.000000 0.992293 0.992293 : 0.992138 0.992257 0.992484
1070.000000 0.992235 0.992235 : 0.992078 0.992199 0.992428
1080.000000 0.992178 0.992177 : 0.992019 0.992142 0.992372
1090.000000 0.992120 0.992120 : 0.991960 0.992084 0.992317
1100.000000 0.992063 0.992063 : 0.991901 0.992027 0.992261
1110.000000 0.992006 0.992006 : 0.991842 0.991970 0.992206
1120.000000 0.991949 0.991949 : 0.991784 0.991913 0.992151
1130.000000 0.991892 0.991892 : 0.991725 0.991856 0.992096
1140.000000 0.991836 0.991836 : 0.991667 0.991799 0.992041
1150.000000 0.991780 0.991780 : 0.991609 0.991744 0.991987
1160.000000 0.991724 0.991723 : 0.991551 0.991687 0.991932
1170.000000 0.991668 0.991667 : 0.991494 0.991632 0.991877
1180.000000 0.991612 0.991612 : 0.991437 0.991576 0.991823
1190.000000 0.991557 0.991556 : 0.991380 0.991521 0.991769
1200.000000 0.991501 0.991501 : 0.991323 0.991466 0.991715
1210.000000 0.991446 0.991445 : 0.991266 0.991411 0.991661
1220.000000 0.991391 0.991390 : 0.991209 0.991356 0.991607
1230.000000 0.991336 0.991335 : 0.991152 0.991301 0.991553
1240.000000 0.991281 0.991280 : 0.991096 0.991247 0.991500
1250.000000 0.991226 0.991225 : 0.991040 0.991192 0.991446
1260.000000 0.991171 0.991171 : 0.990983 0.991138 0.991393
1270.000000 0.991117 0.991116 : 0.990927 0.991084 0.991339
1280.000000 0.991062 0.991062 : 0.990871 0.991030 0.991286
1290.000000 0.991008 0.991008 : 0.990815 0.990976 0.991233
1300.000000 0.990954 0.990954 : 0.990760 0.990922 0.991180
1310.000000 0.990900 0.990900 : 0.990704 0.990869 0.991127
1320.000000 0.990846 0.990846 : 0.990649 0.990816 0.991075
1330.000000 0.990793 0.990792 : 0.990594 0.990763 0.991022
1340.000000 0.990739 0.990739 : 0.990539 0.990710 0.990970
1350.000000 0.990686 0.990685 : 0.990484 0.990657 0.990917
1360.000000 0.990633 0.990632 : 0.990429 0.990604 0.990865
1370.000000 0.990580 0.990579 : 0.990374 0.990552 0.990813
1380.000000 0.990527 0.990526 : 0.990320 0.990499 0.990761
1390.000000 0.990474 0.990473 : 0.990265 0.990447 0.990709
1400.000000 0.990421 0.990420 : 0.990211 0.990395 0.990657
1410.000000 0.990368 0.990368 : 0.990156 0.990343 0.990605
1420.000000 0.990315 0.990315 : 0.990102 0.990291 0.990553
1430.000000 0.990263 0.990263 : 0.990048 0.990240 0.990502
1440.000000 0.990210 0.990210 : 0.989994 0.990188 0.990450
1450.000000 0.990158 0.990158 : 0.989940 0.990137 0.990399
1460.000000 0.990106 0.990106 : 0.989886 0.990085 0.990347
1470.000000 0.990054 0.990054 : 0.989832 0.990034 0.990296
1480.000000 0.990002 0.990002 : 0.989779 0.989984 0.990245
1490.000000 0.989951 0.989950 : 0.989726 0.989933 0.990194
1500.000000 0.989899 0.989899 : 0.989672 0.989882 0.990142
1510.000000 0.989847 0.989847 : 0.989619 0.989832 0.990091
1520.000000 0.989796 0.989796 : 0.989566 0.989781 0.990040
1530.000000 0.989745 0.989744 : 0.989513 0.989731 0.989990
1540.000000 0.989693 0.989693 : 0.989460 0.989681 0.989939
1550.000000 0.989642 0.989642 : 0.989408 0.989631 0.989888
1560.000000 0.989591 0.989591 : 0.989355 0.989582 0.989837
1570.000000 0.989540 0.989540 : 0.989302 0.989532 0.989787
1580.000000 0.989490 0.989489 : 0.989250 0.989483 0.989736
1590.000000 0.989439 0.989439 : 0.989198 0.989434 0.989686
1600.000000 0.989389 0.989388 : 0.989145 0.989385 0.989636
1610.000000 0.989338 0.989338 : 0.989093 0.989336 0.989586
1620.000000 0.989288 0.989288 : 0.989041 0.989287 0.989536
1630.000000 0.989238 0.989238 : 0.988989 0.989238 0.989486
1640.000000 0.989188 0.989188 : 0.988938 0.989190 0.989437
1650.000000 0.989138 0.989138 : 0.988886 0.989141 0.989387
1660.000000 0.989088 0.989088 : 0.988835 0.989093 0.989337
1670.000000 0.989039 0.989038 : 0.988783 0.989045 0.989288
1680.000000 0.988989 0.988989 : 0.988732 0.988997 0.989239
1690.000000 0.988940 0.988939 : 0.988681 0.988949 0.989189
1700.000000 0.988890 0.988890 : 0.988630 0.988902 0.989140
1710.000000 0.988841 0.988841 : 0.988579 0.988854 0.989091
1720.000000 0.988792 0.988791 : 0.988528 0.988807 0.989041
1730.000000 0.988743 0.988742 : 0.988477 0.988759 0.988992
1740.000000 0.988694 0.988693 : 0.988426 0.988712 0.988943
1750.000000 0.988645 0.988644 : 0.988376 0.988665 0.988894
1760.000000 0.988596 0.988596 : 0.988325 0.988618 0.988845
1770.000000 0.988547 0.988547 : 0.988275 0.988571 0.988796
1780.000000 0.988499 0.988498 : 0.988224 0.988524 0.988748
1790.000000 0.988450 0.988450 : 0.988174 0.988478 0.988699
1800.000000 0.988402 0.988401 : 0.988124 0.988431 0.988650
1810.000000 0.988354 0.988353 : 0.988074 0.988384 0.988602
1820.000000 0.988305 0.988305 : 0.988024 0.988338 0.988553
1830.000000 0.988257 0.988257 : 0.987975 0.988292 0.988505
1840.000000 0.988209 0.988209 : 0.987925 0.988246 0.988457
1850.000000 0.988162 0.988161 : 0.987876 0.988200 0.988409
1860.000000 0.988114 0.988113 : 0.987826 0.988154 0.988361
1870.000000 0.988066 0.988066 : 0.987777 0.988109 0.988312
1880.000000 0.988018 0.988018 : 0.987727 0.988063 0.988264
1890.000000 0.987971 0.987970 : 0.987678 0.988018 0.988216
1900.000000 0.987923 0.987923 : 0.987629 0.987972 0.988168
1910.000000 0.987876 0.987875 : 0.987580 0.987927 0.988121
1920.000000 0.987829 0.987828 : 0.987531 0.987881 0.988073
1930.000000 0.987781 0.987781 : 0.987482 0.987836 0.988026
1940.000000 0.987734 0.987734 : 0.987433 0.987791 0.987978
1950.000000 0.987687 0.987687 : 0.987385 0.987746 0.987931
1960.000000 0.987640 0.987640 : 0.987336 0.987701 0.987884
1970.000000 0.987594 0.987593 : 0.987288 0.987657 0.987837
1980.000000 0.987547 0.987547 : 0.987239 0.987612 0.987790
1990.000000 0.987501 0.987500 : 0.987191 0.987568 0.987744
2000.000000 0.987454 0.987454 : 0.987143 0.987523 0.987697
