0.000000 1.000000 1.000000 : 1.000000 1.000000 1.000000
5000.000000 0.444028 0.442724 : 0.422807 0.424554 0.484722
10000.000000 0.323144 0.320255 : 0.289139 0.290044 0.390249
15000.000000 0.249801 0.244675 : 0.205890 0.205956 0.337556
20000.000000 0.198264 0.190299 : 0.146536 0.146147 0.302110
25000.000000 0.160912 0.149582 : 0.103438 0.103090 0.276210
30000.000000 0.133663 0.118769 : 0.072760 0.072270 0.255959
35000.000000 0.113950 0.095257 : 0.050552 0.051325 0.239974
40000.000000 0.099406 0.077368 : 0.035002 0.036478 0.226738
45000.000000 0.088821 0.063656 : 0.024378 0.026585 0.215499
50000.000000 0.080775 0.052965 : 0.016839 0.019688 0.205798
55000.000000 0.074877 0.044627 : 0.011783 0.015109 0.197738
60000.000000 0.069946 0.037915 : 0.007375 0.011508 0.190957
65000.000000 0.066370 0.032590 : 0.004937 0.009519 0.184654
70000.000000 0.063350 0.028403 : 0.003142 0.007888 0.179021
75000.000000 0.060779 0.024903 : 0.001706 0.006561 0.174070
80000.000000 0.058682 0.022144 : 0.001061 0.005517 0.169469
85000.000000 0.056617 0.019758 : 0.000192 0.004238 0.165422
90000.000000 0.054953 0.017762 : -0.000143 0.003204 0.161797
95000.000000 0.053402 0.016228 : -0.000469 0.002527 0.158148
100000.000000 0.052009 0.014866 : -0.000577 0.001581 0.155022
105000.000000 0.050763 0.013623 : -0.000758 0.001017 0.152031
110000.000000 0.049770 0.012596 : -0.000509 0.000759 0.149061
115000.000000 0.048486 0.011655 : -0.000779 0.000108 0.146129
120000.000000 0.047554 0.010754 : -0.000920 -0.000025 0.143606
125000.000000 0.046650 0.009966 : -0.000942 -0.000542 0.141434
130000.000000 0.045785 0.009215 : -0.001222 -0.000522 0.139099
135000.000000 0.045179 0.008602 : -0.001144 -0.000354 0.137036
140000.000000 0.044517 0.008090 : -0.001392 0.000162 0.134781
145000.000000 0.044061 0.007711 : -0.001660 0.001018 0.132826
150000.000000 0.043641 0.007310 : -0.001419 0.001337 0.131005
155000.000000 0.042954 0.006881 : -0.001799 0.001221 0.129440
160000.000000 0.042338 0.006585 : -0.002143 0.001268 0.127888
165000.000000 0.041737 0.006181 : -0.002379 0.001152 0.126438
170000.000000 0.041264 0.005910 : -0.002070 0.000967 0.124895
175000.000000 0.040848 0.005591 : -0.001821 0.000914 0.123451
180000.000000 0.040283 0.005267 : -0.002124 0.000780 0.122192
185000.000000 0.039610 0.004976 : -0.002393 0.000239 0.120984
190000.000000 0.039108 0.004722 : -0.002531 0.000139 0.119715
195000.000000 0.038786 0.004507 : -0.002535 0.000078 0.118814
200000.000000 0.038468 0.004294 : -0.002223 0.000057 0.117571
205000.000000 0.038040 0.004167 : -0.002665 0.000371 0.116414
210000.000000 0.037804 0.004034 : -0.002458 0.000604 0.115267
215000.000000 0.037586 0.003878 : -0.001931 0.000598 0.114092
220000.000000 0.037370 0.003776 : -0.001332 0.000276 0.113166
225000.000000 0.037231 0.003710 : -0.000688 0.000234 0.112148
230000.000000 0.037064 0.003588 : -0.000429 0.000303 0.111317
235000.000000 0.036946 0.003471 : -0.000138 0.000684 0.110293
240000.000000 0.036726 0.003362 : 0.000005 0.000752 0.109422
245000.000000 0.036297 0.003264 : 0.000011 0.000485 0.108395
250000.000000 0.036174 0.003240 : 0.000575 0.000430 0.107518
255000.000000 0.035793 0.003141 : 0.000301 0.000420 0.106659
260000.000000 0.035416 0.002982 : 0.000108 0.000274 0.105865
265000.000000 0.034910 0.002836 : 0.000077 -0.000180 0.104831
270000.000000 0.034714 0.002714 : 0.000156 -0.000143 0.104130
275000.000000 0.034452 0.002634 : 0.000093 -0.000241 0.103503
280000.000000 0.034195 0.002512 : 0.000193 -0.000338 0.102730
285000.000000 0.033879 0.002406 : -0.000170 -0.000237 0.102044
290000.000000 0.033608 0.002318 : -0.000361 -0.000291 0.101474
295000.000000 0.033290 0.002247 : -0.000619 -0.000154 0.100644
300000.000000 0.033303 0.002214 : -0.000405 0.000271 0.100044
305000.000000 0.033195 0.002194 : -0.000386 0.000679 0.099293
310000.000000 0.032976 0.002147 : -0.000024 0.000370 0.098582
315000.000000 0.032865 0.002068 : 0.000130 0.000582 0.097884
320000.000000 0.032541 0.001971 : 0.000076 0.000387 0.097161
325000.000000 0.032334 0.001921 : 0.000041 0.000374 0.096587
330000.000000 0.032274 0.001881 : 0.000475 0.000464 0.095885
335000.000000 0.032101 0.001867 : 0.000363 0.000347 0.095593
340000.000000 0.031990 0.001823 : 0.000356 0.000555 0.095060
345000.000000 0.031701 0.001741 : 0.000414 0.000366 0.094322
350000.000000 0.031557 0.001661 : 0.000572 0.000089 0.094010
355000.000000 0.031231 0.001614 : 0.000551 0.000099 0.093045
360000.000000 0.031189 0.001567 : 0.000872 0.000102 0.092592
365000.000000 0.030846 0.001476 : 0.000887 -0.000051 0.091701
370000.000000 0.030669 0.001416 : 0.000922 -0.000107 0.091194
375000.000000 0.030429 0.001350 : 0.000893 -0.000428 0.090824
380000.000000 0.030121 0.001315 : 0.000713 -0.000583 0.090234
385000.000000 0.029834 0.001294 : 0.000647 -0.000939 0.089795
390000.000000 0.029550 0.001288 : 0.000356 -0.000978 0.089272
395000.000000 0.029587 0.001303 : 0.000412 -0.000577 0.088926
400000.000000 0.029471 0.001301 : 0.000174 -0.000169 0.088407
405000.000000 0.029537 0.001332 : 0.000488 0.000001 0.088123
410000.000000 0.029314 0.001292 : 0.000236 0.000131 0.087576
415000.000000 0.029115 0.001287 : 0.000102 0.000127 0.087116
420000.000000 0.028969 0.001303 : -0.000209 0.000288 0.086829
425000.000000 0.028844 0.001260 : -0.000323 0.000270 0.086587
430000.000000 0.028592 0.001264 : -0.000680 0.000446 0.086011
435000.000000 0.028521 0.001227 : -0.001085 0.000838 0.085809
440000.000000 0.028362 0.001190 : -0.001107 0.000904 0.085288
445000.000000 0.028161 0.001146 : -0.001039 0.000659 0.084864
450000.000000 0.028114 0.001157 : -0.000890 0.000729 0.084502
455000.000000 0.027856 0.001079 : -0.000847 0.000418 0.083997
460000.000000 0.027650 0.001073 : -0.000790 0.000205 0.083536
465000.000000 0.027597 0.001023 : -0.000578 -0.000079 0.083449
470000.000000 0.027667 0.001031 : -0.000048 -0.000315 0.083364
475000.000000 0.027327 0.000998 : -0.000231 -0.000843 0.083054
480000.000000 0.027171 0.000950 : -0.000093 -0.001000 0.082605
485000.000000 0.027244 0.000885 : 0.000259 -0.001042 0.082515
490000.000000 0.027195 0.000850 : 0.000364 -0.000664 0.081885
495000.000000 0.027185 0.000791 : 0.000679 -0.000692 0.081569
500000.000000 0.027085 0.000757 : 0.001043 -0.000699 0.080912
505000.000000 0.027287 0.000748 : 0.001421 -0.000574 0.081015
510000.000000 0.027260 0.000676 : 0.001447 -0.000532 0.080864
515000.000000 0.027148 0.000683 : 0.001408 -0.000558 0.080595
520000.000000 0.027101 0.000646 : 0.001813 -0.000592 0.080082
525000.000000 0.026976 0.000650 : 0.001572 -0.000535 0.079891
530000.000000 0.026912 0.000650 : 0.001545 -0.000227 0.079418
535000.000000 0.026752 0.000657 : 0.001559 -0.000186 0.078882
540000.000000 0.026533 0.000645 : 0.001308 -0.000117 0.078407
545000.000000 0.026445 0.000673 : 0.001313 0.000168 0.077853
550000.000000 0.026464 0.000703 : 0.001470 0.000392 0.077530
555000.000000 0.026296 0.000703 : 0.001064 0.000356 0.077467
560000.000000 0.026220 0.000737 : 0.001128 0.000400 0.077132
565000.000000 0.026059 0.000739 : 0.001451 0.000004 0.076721
570000.000000 0.026086 0.000767 : 0.001464 0.000036 0.076758
575000.000000 0.025893 0.000761 : 0.001133 0.000280 0.076265
580000.000000 0.025752 0.000751 : 0.000971 0.000220 0.076064
585000.000000 0.025707 0.000791 : 0.000778 0.000434 0.075910
590000.000000 0.025522 0.000793 : 0.001074 0.000181 0.075313
595000.000000 0.025483 0.000760 : 0.000898 0.000298 0.075254
600000.000000 0.025358 0.000763 : 0.000764 0.000354 0.074957
605000.000000 0.025268 0.000783 : 0.000521 0.000178 0.075105
610000.000000 0.025197 0.000769 : 0.000590 0.000010 0.074992
615000.000000 0.025035 0.000780 : 0.000553 -0.000029 0.074581
620000.000000 0.024811 0.000758 : 0.000492 -0.000152 0.074093
625000.000000 0.024802 0.000755 : 0.000632 -0.000113 0.073887
630000.000000 0.024510 0.000734 : 0.000397 -0.000484 0.073616
635000.000000 0.024455 0.000691 : 0.000505 -0.000372 0.073233
640000.000000 0.024403 0.000675 : 0.000387 -0.000230 0.073051
645000.000000 0.024393 0.000667 : 0.000134 0.000187 0.072858
650000.000000 0.024303 0.000628 : 0.000102 0.000245 0.072564
655000.000000 0.024229 0.000585 : -0.000172 0.000346 0.072514
660000.000000 0.024182 0.000604 : 0.000024 0.000263 0.072260
665000.000000 0.024202 0.000616 : 0.000060 0.000381 0.072166
670000.000000 0.024074 0.000603 : 0.000059 0.000340 0.071823
675000.000000 0.023931 0.000621 : 0.000055 0.000373 0.071365
680000.000000 0.023701 0.000613 : -0.000382 0.000344 0.071141
685000.000000 0.023746 0.000635 : -0.000156 0.000248 0.071148
690000.000000 0.023537 0.000650 : -0.000225 0.000003 0.070833
695000.000000 0.023473 0.000602 : -0.000157 -0.000067 0.070642
700000.000000 0.023405 0.000598 : -0.000390 -0.000103 0.070708
705000.000000 0.023300 0.000587 : -0.000412 -0.000185 0.070496
710000.000000 0.023103 0.000563 : -0.000566 -0.000065 0.069939
715000.000000 0.023266 0.000553 : -0.000403 0.000142 0.070059
720000.000000 0.023260 0.000548 : -0.000452 0.000569 0.069664
725000.000000 0.023222 0.000531 : -0.000337 0.000627 0.069374
730000.000000 0.023152 0.000522 : -0.000254 0.000475 0.069234
735000.000000 0.023119 0.000513 : -0.000229 0.000626 0.068961
740000.000000 0.022979 0.000490 : -0.000029 0.000002 0.068965
745000.000000 0.022982 0.000493 : 0.000170 0.000030 0.068746
750000.000000 0.022877 0.000505 : 0.000183 -0.000206 0.068655
755000.000000 0.022781 0.000463 : 0.000161 0.000014 0.068166
760000.000000 0.022651 0.000424 : 0.000010 -0.000119 0.068062
765000.000000 0.022645 0.000429 : -0.000024 -0.000057 0.068016
770000.000000 0.022451 0.000424 : 0.000047 -0.000214 0.067520
775000.000000 0.022457 0.000414 : 0.000227 0.000076 0.067068
780000.000000 0.022512 0.000433 : 0.000380 0.000169 0.066988
785000.000000 0.022472 0.000422 : 0.000100 0.000388 0.066928
790000.000000 0.022398 0.000431 : 0.000055 0.000390 0.066750
795000.000000 0.022325 0.000408 : -0.000057 0.000500 0.066532
800000.000000 0.022213 0.000413 : 0.000019 0.000290 0.066332
805000.000000 0.022174 0.000399 : 0.000186 0.000122 0.066213
810000.000000 0.022025 0.000383 : 0.000131 0.000029 0.065915
815000.000000 0.021803 0.000391 : 0.000188 -0.000575 0.065795
820000.000000 0.021910 0.000421 : 0.000096 -0.000230 0.065864
825000.000000 0.021955 0.000412 : 0.000212 -0.000148 0.065801
830000.000000 0.021791 0.000409 : -0.000068 -0.000145 0.065585
835000.000000 0.021733 0.000433 : 0.000125 -0.000148 0.065221
840000.000000 0.021695 0.000474 : 0.000193 0.000022 0.064871
845000.000000 0.021809 0.000474 : 0.000255 0.000219 0.064953
850000.000000 0.021703 0.000522 : 0.000062 0.000135 0.064912
855000.000000 0.021514 0.000528 : -0.000088 0.000085 0.064545
860000.000000 0.021271 0.000524 : -0.000517 -0.000351 0.064683
865000.000000 0.021350 0.000513 : -0.000281 -0.000223 0.064554
870000.000000 0.021339 0.000542 : -0.000011 -0.000220 0.064248
875000.000000 0.021297 0.000590 : 0.000052 -0.000374 0.064213
880000.000000 0.021441 0.000589 : 0.000196 -0.000022 0.064149
885000.000000 0.021330 0.000598 : 0.000286 -0.000046 0.063751
890000.000000 0.021435 0.000608 : 0.000199 0.000469 0.063637
895000.000000 0.021422 0.000584 : 0.000230 0.000510 0.063526
900000.000000 0.021451 0.000590 : 0.000290 0.000722 0.063342
905000.000000 0.021321 0.000586 : -0.000024 0.000785 0.063201
910000.000000 0.021236 0.000594 : 0.000155 0.000835 0.062718
915000.000000 0.021203 0.000556 : 0.000196 0.000537 0.062875
920000.000000 0.021060 0.000520 : 0.000133 0.000723 0.062325
925000.000000 0.021066 0.000518 : 0.000022 0.000897 0.062279
930000.000000 0.021069 0.000515 : 0.000020 0.001156 0.062032
935000.000000 0.021039 0.000503 : -0.000083 0.001238 0.061962
940000.000000 0.020912 0.000500 : -0.000385 0.001425 0.061697
945000.000000 0.020837 0.000492 : -0.000473 0.001430 0.061553
950000.000000 0.020629 0.000466 : -0.000542 0.001147 0.061283
955000.000000 0.020612 0.000453 : -0.000527 0.001161 0.061203
960000.000000 0.020586 0.000435 : -0.000712 0.001307 0.061164
965000.000000 0.020552 0.000425 : -0.000634 0.001213 0.061078
970000.000000 0.020579 0.000445 : -0.000732 0.001463 0.061006
975000.000000 0.020607 0.000439 : -0.000863 0.001643 0.061040
980000.000000 0.020383 0.000419 : -0.000843 0.001248 0.060744
985000.000000 0.020468 0.000433 : -0.000323 0.001205 0.060522
990000.000000 0.020321 0.000457 : -0.000466 0.001158 0.060270
995000.000000 0.020207 0.000449 : -0.000555 0.000951 0.060224
1000000.000000 0.020088 0.000463 : -0.000606 0.000665 0.060206
