0.000000 1.000000 1.000000 : 1.000000 1.000000 1.000000
5000.000000 0.532154 0.531281 : 0.513879 0.515356 0.567228
10000.000000 0.409953 0.407954 : 0.378948 0.379749 0.471162
15000.000000 0.330847 0.327200 : 0.289096 0.289050 0.414395
20000.000000 0.271977 0.266187 : 0.220970 0.220264 0.374697
25000.000000 0.226641 0.218136 : 0.168072 0.167058 0.344794
30000.000000 0.191564 0.179904 : 0.127541 0.126129 0.321023
35000.000000 0.164309 0.149133 : 0.095742 0.095488 0.301697
40000.000000 0.143111 0.124631 : 0.071618 0.072083 0.285631
45000.000000 0.126890 0.104986 : 0.053857 0.054948 0.271866
50000.000000 0.114011 0.089062 : 0.040081 0.042025 0.259927
55000.000000 0.104257 0.076216 : 0.030121 0.032798 0.249852
60000.000000 0.096158 0.065619 : 0.021611 0.025714 0.241147
65000.000000 0.089977 0.057050 : 0.015915 0.020849 0.233168
70000.000000 0.085067 0.050123 : 0.011894 0.017172 0.226134
75000.000000 0.081005 0.044247 : 0.008577 0.014441 0.219996
80000.000000 0.077533 0.039387 : 0.006312 0.012136 0.214153
85000.000000 0.074450 0.035280 : 0.004271 0.010142 0.208936
90000.000000 0.071831 0.031789 : 0.002975 0.008253 0.204266
95000.000000 0.069577 0.028972 : 0.001941 0.007221 0.199570
100000.000000 0.067426 0.026475 : 0.001277 0.005445 0.195556
105000.000000 0.065569 0.024274 : 0.000816 0.004238 0.191653
110000.000000 0.063839 0.022383 : 0.000826 0.002864 0.187827
115000.000000 0.062066 0.020711 : 0.000568 0.001617 0.184012
120000.000000 0.060536 0.019122 : 0.000209 0.000584 0.180815
125000.000000 0.059234 0.017749 : -0.000030 -0.000260 0.177992
130000.000000 0.057797 0.016492 : -0.000562 -0.001074 0.175026
135000.000000 0.056892 0.015421 : -0.000708 -0.001092 0.172475
140000.000000 0.055971 0.014501 : -0.001145 -0.000607 0.169666
145000.000000 0.055245 0.013779 : -0.001381 -0.000029 0.167145
150000.000000 0.054626 0.013069 : -0.001481 0.000535 0.164823
155000.000000 0.053845 0.012432 : -0.002078 0.000836 0.162776
160000.000000 0.053278 0.011911 : -0.002372 0.001415 0.160792
165000.000000 0.052562 0.011299 : -0.002906 0.001707 0.158884
170000.000000 0.051766 0.010788 : -0.003081 0.001594 0.156786
175000.000000 0.051198 0.010255 : -0.003342 0.001962 0.154973
180000.000000 0.050424 0.009718 : -0.003879 0.001753 0.153398
185000.000000 0.049736 0.009227 : -0.004148 0.001478 0.151876
190000.000000 0.048938 0.008769 : -0.004628 0.001082 0.150360
195000.000000 0.048318 0.008335 : -0.004682 0.000573 0.149062
200000.000000 0.047904 0.007928 : -0.004315 0.000479 0.147549
205000.000000 0.047339 0.007566 : -0.004439 0.000367 0.146088
210000.000000 0.046792 0.007269 : -0.004539 0.000181 0.144736
215000.000000 0.046312 0.006937 : -0.004502 0.000203 0.143235
220000.000000 0.045856 0.006660 : -0.004180 -0.000124 0.141873
225000.000000 0.045485 0.006437 : -0.003908 -0.000162 0.140525
230000.000000 0.045240 0.006143 : -0.003590 -0.000186 0.139495
235000.000000 0.045088 0.005936 : -0.003279 0.000235 0.138308
240000.000000 0.044888 0.005738 : -0.003041 0.000521 0.137185
245000.000000 0.044357 0.005564 : -0.003083 0.000416 0.135738
250000.000000 0.044097 0.005425 : -0.002671 0.000492 0.134470
255000.000000 0.043666 0.005243 : -0.002658 0.000080 0.133575
260000.000000 0.043279 0.005045 : -0.002673 -0.000162 0.132672
265000.000000 0.042642 0.004796 : -0.002664 -0.000888 0.131477
270000.000000 0.042381 0.004639 : -0.002479 -0.000823 0.130446
275000.000000 0.042057 0.004489 : -0.002514 -0.000968 0.129654
280000.000000 0.041702 0.004316 : -0.002324 -0.001174 0.128603
285000.000000 0.041546 0.004123 : -0.002106 -0.000991 0.127734
290000.000000 0.041228 0.003900 : -0.002268 -0.001087 0.127037
295000.000000 0.040788 0.003713 : -0.002346 -0.001324 0.126033
300000.000000 0.040527 0.003591 : -0.002338 -0.001095 0.125014
305000.000000 0.040247 0.003439 : -0.002527 -0.000996 0.124262
310000.000000 0.040041 0.003331 : -0.002305 -0.000948 0.123378
315000.000000 0.039921 0.003167 : -0.002013 -0.000714 0.122489
320000.000000 0.039499 0.003064 : -0.002157 -0.000814 0.121468
325000.000000 0.039364 0.002967 : -0.002143 -0.000657 0.120893
330000.000000 0.039292 0.002860 : -0.002051 -0.000072 0.119999
335000.000000 0.039110 0.002773 : -0.002187 -0.000026 0.119544
340000.000000 0.039084 0.002660 : -0.001968 0.000385 0.118834
345000.000000 0.038799 0.002566 : -0.001899 0.000332 0.117966
350000.000000 0.038745 0.002482 : -0.001459 0.000202 0.117492
355000.000000 0.038416 0.002458 : -0.001406 0.000127 0.116525
360000.000000 0.038201 0.002369 : -0.000986 -0.000192 0.115781
365000.000000 0.037956 0.002297 : -0.000552 -0.000333 0.114754
370000.000000 0.037769 0.002233 : -0.000406 -0.000466 0.114179
375000.000000 0.037690 0.002184 : -0.000235 -0.000394 0.113700
380000.000000 0.037501 0.002185 : 0.000013 -0.000531 0.113020
385000.000000 0.037223 0.002171 : 0.000001 -0.000803 0.112471
390000.000000 0.036935 0.002167 : 0.000040 -0.001019 0.111784
395000.000000 0.037020 0.002195 : 0.000280 -0.000598 0.111377
400000.000000 0.036855 0.002181 : 0.000131 -0.000367 0.110801
405000.000000 0.036759 0.002234 : 0.000070 -0.000260 0.110468
410000.000000 0.036514 0.002238 : 0.000037 -0.000317 0.109821
415000.000000 0.036334 0.002242 : 0.000228 -0.000487 0.109261
420000.000000 0.036298 0.002254 : 0.000455 -0.000275 0.108713
425000.000000 0.036175 0.002199 : 0.000509 -0.000285 0.108300
430000.000000 0.035971 0.002208 : 0.000215 0.000188 0.107510
435000.000000 0.035964 0.002189 : -0.000054 0.000699 0.107248
440000.000000 0.035796 0.002143 : -0.000102 0.000733 0.106759
445000.000000 0.035529 0.002073 : -0.000369 0.000857 0.106098
450000.000000 0.035286 0.002050 : -0.000550 0.000856 0.105554
455000.000000 0.035056 0.002014 : -0.000470 0.000646 0.104993
460000.000000 0.035023 0.002016 : -0.000232 0.000711 0.104589
465000.000000 0.034892 0.001972 : -0.000036 0.000493 0.104219
470000.000000 0.034890 0.001956 : 0.000025 0.000594 0.104051
475000.000000 0.034684 0.001899 : 0.000292 0.000055 0.103705
480000.000000 0.034522 0.001821 : 0.000155 0.000112 0.103300
485000.000000 0.034330 0.001735 : 0.000009 0.000030 0.102950
490000.000000 0.034097 0.001598 : -0.000080 0.000029 0.102343
495000.000000 0.033928 0.001521 : 0.000039 -0.000215 0.101960
500000.000000 0.033748 0.001450 : 0.000033 -0.000048 0.101257
505000.000000 0.033739 0.001400 : 0.000338 -0.000242 0.101123
510000.000000 0.033484 0.001267 : 0.000420 -0.000685 0.100718
515000.000000 0.033474 0.001261 : 0.000463 -0.000584 0.100542
520000.000000 0.033232 0.001175 : 0.000576 -0.000863 0.099984
525000.000000 0.033172 0.001179 : 0.000881 -0.000923 0.099557
530000.000000 0.032953 0.001161 : 0.000876 -0.001096 0.099079
535000.000000 0.032617 0.001157 : 0.000652 -0.001325 0.098525
540000.000000 0.032393 0.001130 : 0.000320 -0.001376 0.098236
545000.000000 0.032226 0.001152 : 0.000356 -0.001351 0.097672
550000.000000 0.032109 0.001182 : 0.000372 -0.001308 0.097264
555000.000000 0.032126 0.001247 : 0.000299 -0.001142 0.097220
560000.000000 0.032093 0.001275 : 0.000655 -0.001069 0.096693
565000.000000 0.031879 0.001353 : 0.000548 -0.001147 0.096235
570000.000000 0.031794 0.001370 : 0.000467 -0.001109 0.096023
575000.000000 0.031696 0.001409 : 0.000285 -0.000740 0.095541
580000.000000 0.031523 0.001391 : 0.000250 -0.001076 0.095396
585000.000000 0.031408 0.001402 : 0.000029 -0.000973 0.095167
590000.000000 0.031383 0.001405 : 0.000020 -0.000537 0.094666
595000.000000 0.031312 0.001375 : 0.000130 -0.000620 0.094425
600000.000000 0.031292 0.001341 : 0.000324 -0.000629 0.094180
605000.000000 0.031171 0.001324 : -0.000037 -0.000593 0.094143
610000.000000 0.031010 0.001330 : -0.000218 -0.000585 0.093832
615000.000000 0.030918 0.001304 : -0.000383 -0.000271 0.093409
620000.000000 0.030814 0.001276 : -0.000239 -0.000254 0.092936
625000.000000 0.030641 0.001195 : -0.000131 -0.000462 0.092516
630000.000000 0.030325 0.001134 : -0.000457 -0.000654 0.092087
635000.000000 0.030202 0.001064 : -0.000294 -0.000772 0.091671
640000.000000 0.030091 0.001044 : -0.000114 -0.000855 0.091241
645000.000000 0.030175 0.001025 : 0.000178 -0.000676 0.091022
650000.000000 0.029976 0.001000 : 0.000098 -0.000765 0.090595
655000.000000 0.029954 0.000997 : 0.000025 -0.000517 0.090354
660000.000000 0.029827 0.000985 : 0.000084 -0.000794 0.090192
665000.000000 0.029843 0.000956 : 0.000121 -0.000710 0.090118
670000.000000 0.029792 0.000978 : 0.000399 -0.000689 0.089667
675000.000000 0.029574 0.000947 : 0.000228 -0.000731 0.089226
680000.000000 0.029530 0.000946 : 0.000291 -0.000672 0.088969
685000.000000 0.029496 0.000941 : 0.000275 -0.000703 0.088914
690000.000000 0.029299 0.000941 : 0.000207 -0.000796 0.088488
695000.000000 0.029307 0.000945 : 0.000113 -0.000521 0.088330
700000.000000 0.029293 0.000930 : 0.000175 -0.000660 0.088365
705000.000000 0.029228 0.000928 : 0.000143 -0.000549 0.088090
710000.000000 0.029133 0.000925 : 0.000130 -0.000327 0.087598
715000.000000 0.029183 0.000932 : 0.000098 -0.000121 0.087573
720000.000000 0.029063 0.000930 : 0.000022 0.000010 0.087159
725000.000000 0.028913 0.000924 : -0.000253 0.000056 0.086935
730000.000000 0.028683 0.000916 : -0.000883 0.000241 0.086692
735000.000000 0.028446 0.000884 : -0.001369 0.000344 0.086361
740000.000000 0.028476 0.000881 : -0.001070 0.000113 0.086385
745000.000000 0.028175 0.000861 : -0.001424 -0.000117 0.086066
750000.000000 0.028034 0.000856 : -0.001676 -0.000037 0.085814
755000.000000 0.027977 0.000850 : -0.001442 0.000005 0.085368
760000.000000 0.028078 0.000808 : -0.001265 0.000199 0.085298
765000.000000 0.027970 0.000814 : -0.001631 0.000351 0.085191
770000.000000 0.027773 0.000830 : -0.001852 0.000544 0.084627
775000.000000 0.027773 0.000817 : -0.001513 0.000655 0.084179
780000.000000 0.027773 0.000812 : -0.001073 0.000534 0.083858
785000.000000 0.027878 0.000796 : -0.001050 0.000888 0.083796
790000.000000 0.027834 0.000788 : -0.000885 0.000884 0.083504
795000.000000 0.027927 0.000782 : -0.000782 0.001242 0.083322
800000.000000 0.027834 0.000755 : -0.000887 0.001030 0.083358
805000.000000 0.027797 0.000756 : -0.000757 0.000906 0.083241
810000.000000 0.027680 0.000772 : -0.000647 0.000722 0.082964
815000.000000 0.027636 0.000780 : -0.000601 0.000487 0.083023
820000.000000 0.027830 0.000775 : -0.000376 0.000927 0.082937
825000.000000 0.027793 0.000728 : -0.000458 0.001046 0.082790
830000.000000 0.027579 0.000756 : -0.000615 0.000724 0.082630
835000.000000 0.027398 0.000787 : -0.000365 0.000602 0.081955
840000.000000 0.027400 0.000816 : -0.000172 0.000733 0.081639
845000.000000 0.027452 0.000813 : 0.000026 0.000747 0.081583
850000.000000 0.027423 0.000866 : -0.000015 0.000741 0.081541
855000.000000 0.027384 0.000893 : 0.000121 0.000746 0.081285
860000.000000 0.027250 0.000921 : -0.000121 0.000468 0.081403
865000.000000 0.027169 0.000929 : -0.000129 0.000397 0.081238
870000.000000 0.027172 0.000978 : 0.000149 0.000611 0.080756
875000.000000 0.026996 0.000993 : 0.000027 0.000321 0.080641
880000.000000 0.026875 0.001027 : 0.000060 0.000044 0.080521
885000.000000 0.026964 0.001046 : 0.000322 0.000388 0.080181
890000.000000 0.026971 0.001017 : 0.000117 0.000782 0.080013
895000.000000 0.027025 0.000997 : 0.000079 0.001328 0.079668
900000.000000 0.026836 0.000951 : -0.000252 0.001401 0.079361
905000.000000 0.026697 0.000946 : -0.000485 0.001402 0.079175
910000.000000 0.026501 0.000884 : -0.000588 0.001264 0.078826
915000.000000 0.026472 0.000856 : -0.000818 0.001249 0.078987
920000.000000 0.026313 0.000823 : -0.000870 0.001426 0.078384
925000.000000 0.026213 0.000816 : -0.001088 0.001397 0.078329
930000.000000 0.026238 0.000823 : -0.001114 0.001806 0.078023
935000.000000 0.026244 0.000827 : -0.001036 0.001790 0.077979
940000.000000 0.026197 0.000830 : -0.001036 0.001892 0.077735
945000.000000 0.026156 0.000804 : -0.000963 0.001886 0.077546
950000.000000 0.026099 0.000784 : -0.000681 0.001910 0.077067
955000.000000 0.025964 0.000728 : -0.000811 0.001569 0.077135
960000.000000 0.025925 0.000708 : -0.000815 0.001535 0.077056
965000.000000 0.025992 0.000691 : -0.000725 0.001628 0.077072
970000.000000 0.026017 0.000697 : -0.000341 0.001460 0.076932
975000.000000 0.025804 0.000673 : -0.000468 0.001108 0.076773
980000.000000 0.025676 0.000667 : -0.000368 0.000605 0.076793
985000.000000 0.025576 0.000680 : -0.000184 0.000396 0.076516
990000.000000 0.025576 0.000687 : -0.000001 0.000513 0.076217
995000.000000 0.025277 0.000655 : -0.000265 0.000180 0.075918
1000000.000000 0.025192 0.000661 : -0.000153 -0.000177 0.075906
