0.000000 1.000000 1.000000 : 1.000000 1.000000 1.000000
5000.000000 0.203033 0.199263 : 0.175159 0.177251 0.256689
10000.000000 0.123718 0.116574 : 0.087590 0.088680 0.194885
15000.000000 0.085984 0.075074 : 0.045839 0.046325 0.165788
20000.000000 0.065267 0.050270 : 0.023801 0.024054 0.147946
25000.000000 0.053482 0.034969 : 0.011775 0.012809 0.135863
30000.000000 0.046363 0.025361 : 0.005592 0.007017 0.126478
35000.000000 0.042472 0.019365 : 0.003121 0.004662 0.119632
40000.000000 0.039639 0.015122 : 0.001671 0.003551 0.113696
45000.000000 0.037427 0.012100 : 0.000644 0.002954 0.108684
50000.000000 0.035692 0.009872 : 0.000538 0.001964 0.104572
55000.000000 0.033973 0.008182 : 0.000213 0.000834 0.100871
60000.000000 0.032666 0.006707 : -0.000416 0.000448 0.097967
65000.000000 0.031856 0.005731 : -0.000274 0.000558 0.095284
70000.000000 0.031044 0.005015 : 0.000081 0.000408 0.092644
75000.000000 0.030269 0.004424 : 0.000318 0.000333 0.090156
80000.000000 0.029692 0.003977 : 0.000591 0.000252 0.088233
85000.000000 0.028779 0.003568 : 0.000197 -0.000122 0.086262
90000.000000 0.027993 0.003222 : 0.000003 -0.000432 0.084408
95000.000000 0.027306 0.002959 : -0.000202 -0.000824 0.082945
100000.000000 0.026793 0.002785 : -0.000406 -0.000645 0.081429
105000.000000 0.026548 0.002620 : -0.000300 -0.000352 0.080294
110000.000000 0.025868 0.002383 : -0.000508 -0.000527 0.078640
115000.000000 0.025550 0.002200 : -0.000387 -0.000510 0.077547
120000.000000 0.025096 0.002059 : -0.000233 -0.000704 0.076225
125000.000000 0.024952 0.001998 : 0.000183 -0.000701 0.075372
130000.000000 0.024406 0.001844 : -0.000236 -0.000858 0.074314
135000.000000 0.024293 0.001746 : 0.000139 -0.000598 0.073337
140000.000000 0.023757 0.001662 : -0.000194 -0.000677 0.072143
145000.000000 0.023502 0.001633 : -0.000152 -0.000533 0.071190
150000.000000 0.023154 0.001518 : -0.000416 -0.000654 0.070533
155000.000000 0.022914 0.001425 : -0.000346 -0.000527 0.069614
160000.000000 0.022638 0.001340 : -0.000505 -0.000405 0.068824
165000.000000 0.022470 0.001218 : -0.000339 -0.000720 0.068470
170000.000000 0.022297 0.001205 : -0.000388 -0.000376 0.067655
175000.000000 0.022101 0.001108 : -0.000730 0.000046 0.066988
180000.000000 0.022063 0.001082 : -0.000326 0.000131 0.066384
185000.000000 0.021737 0.000963 : -0.000358 0.000120 0.065449
190000.000000 0.021563 0.000919 : -0.000147 0.000245 0.064591
195000.000000 0.021313 0.000883 : -0.000131 -0.000009 0.064077
200000.000000 0.021253 0.000859 : 0.000192 -0.000020 0.063587
205000.000000 0.021016 0.000849 : 0.000194 -0.000158 0.063011
210000.000000 0.020759 0.000824 : 0.000128 -0.000146 0.062295
215000.000000 0.020478 0.000808 : 0.000042 -0.000336 0.061729
220000.000000 0.020500 0.000804 : 0.000110 0.000117 0.061272
225000.000000 0.020131 0.000765 : -0.000209 -0.000253 0.060855
230000.000000 0.020101 0.000768 : -0.000172 0.000112 0.060362
235000.000000 0.019820 0.000762 : -0.000022 -0.000223 0.059704
240000.000000 0.019613 0.000724 : -0.000213 -0.000086 0.059139
245000.000000 0.019418 0.000740 : -0.000182 0.000022 0.058413
250000.000000 0.019324 0.000664 : 0.000011 -0.000287 0.058250
255000.000000 0.019240 0.000628 : -0.000065 0.000055 0.057730
260000.000000 0.019057 0.000632 : -0.000164 -0.000159 0.057494
265000.000000 0.018934 0.000630 : -0.000097 -0.000255 0.057154
270000.000000 0.018843 0.000584 : -0.000098 -0.000241 0.056869
275000.000000 0.018681 0.000585 : -0.000030 -0.000275 0.056348
280000.000000 0.018514 0.000552 : -0.000169 -0.000170 0.055881
285000.000000 0.018445 0.000560 : 0.000193 -0.000247 0.055390
290000.000000 0.018269 0.000545 : -0.000220 -0.000220 0.055245
295000.000000 0.017947 0.000489 : -0.000506 -0.000407 0.054754
300000.000000 0.018137 0.000519 : -0.000170 -0.000035 0.054616
305000.000000 0.017995 0.000538 : -0.000110 -0.000019 0.054112
310000.000000 0.017969 0.000539 : 0.000077 0.000013 0.053817
315000.000000 0.017878 0.000523 : 0.000085 0.000065 0.053485
320000.000000 0.017826 0.000507 : 0.000381 -0.000014 0.053110
325000.000000 0.017819 0.000510 : 0.000527 0.000078 0.052854
330000.000000 0.017744 0.000512 : 0.000528 -0.000025 0.052729
335000.000000 0.017535 0.000478 : 0.000432 -0.000020 0.052194
340000.000000 0.017339 0.000435 : 0.000021 0.000103 0.051892
345000.000000 0.017391 0.000407 : 0.000203 0.000150 0.051820
350000.000000 0.017268 0.000367 : 0.000149 0.000246 0.051410
355000.000000 0.017080 0.000331 : 0.000024 0.000191 0.051026
360000.000000 0.016925 0.000329 : -0.000024 0.000216 0.050583
365000.000000 0.016849 0.000333 : 0.000198 -0.000019 0.050369
370000.000000 0.016717 0.000295 : -0.000049 0.000092 0.050108
375000.000000 0.016587 0.000279 : -0.000117 -0.000024 0.049902
380000.000000 0.016757 0.000277 : 0.000350 0.000229 0.049691
385000.000000 0.016601 0.000254 : 0.000210 0.000096 0.049497
390000.000000 0.016412 0.000232 : 0.000115 -0.000188 0.049309
395000.000000 0.016270 0.000226 : -0.000018 -0.000127 0.048957
400000.000000 0.016336 0.000229 : 0.000179 -0.000097 0.048927
405000.000000 0.016137 0.000199 : 0.000123 -0.000205 0.048492
410000.000000 0.016066 0.000198 : 0.000002 0.000098 0.048096
415000.000000 0.016067 0.000211 : 0.000258 -0.000084 0.048028
420000.000000 0.015873 0.000213 : 0.000020 -0.000106 0.047704
425000.000000 0.015688 0.000200 : -0.000024 -0.000278 0.047367
430000.000000 0.015662 0.000218 : 0.000024 -0.000285 0.047247
435000.000000 0.015573 0.000204 : -0.000208 -0.000103 0.047031
440000.000000 0.015729 0.000238 : 0.000144 0.000118 0.046926
445000.000000 0.015471 0.000209 : -0.000138 -0.000132 0.046682
450000.000000 0.015553 0.000229 : -0.000041 0.000076 0.046624
455000.000000 0.015630 0.000228 : 0.000026 0.000251 0.046612
460000.000000 0.015445 0.000207 : 0.000119 0.000026 0.046189
465000.000000 0.015373 0.000225 : -0.000072 0.000124 0.046066
470000.000000 0.015299 0.000218 : 0.000001 0.000066 0.045831
475000.000000 0.015137 0.000223 : -0.000080 -0.000054 0.045545
480000.000000 0.015167 0.000208 : 0.000040 -0.000094 0.045554
485000.000000 0.015017 0.000182 : -0.000216 -0.000016 0.045282
490000.000000 0.014804 0.000188 : -0.000476 -0.000301 0.045190
495000.000000 0.014998 0.000205 : -0.000144 -0.000071 0.045208
500000.000000 0.014926 0.000190 : -0.000303 0.000108 0.044972
505000.000000 0.014838 0.000193 : -0.000217 -0.000023 0.044754
510000.000000 0.014831 0.000203 : -0.000097 0.000028 0.044561
515000.000000 0.014870 0.000201 : 0.000080 0.000305 0.044225
520000.000000 0.014716 0.000184 : 0.000117 -0.000011 0.044042
525000.000000 0.014706 0.000189 : -0.000115 0.000404 0.043828
530000.000000 0.014629 0.000172 : 0.000071 0.000211 0.043606
535000.000000 0.014438 0.000152 : -0.000048 -0.000188 0.043551
540000.000000 0.014366 0.000152 : -0.000187 0.000088 0.043197
545000.000000 0.014442 0.000152 : 0.000234 0.000010 0.043083
550000.000000 0.014283 0.000144 : 0.000060 0.000038 0.042753
555000.000000 0.014278 0.000146 : 0.000036 -0.000035 0.042834
560000.000000 0.014246 0.000152 : 0.000070 0.000047 0.042621
565000.000000 0.014195 0.000168 : -0.000133 0.000037 0.042681
570000.000000 0.014059 0.000148 : -0.000097 -0.000159 0.042434
575000.000000 0.013900 0.000144 : -0.000004 -0.000508 0.042212
580000.000000 0.013829 0.000153 : -0.000327 -0.000326 0.042140
585000.000000 0.013866 0.000167 : -0.000158 -0.000156 0.041911
590000.000000 0.013888 0.000153 : -0.000049 0.000038 0.041676
595000.000000 0.013875 0.000164 : -0.000108 0.000278 0.041456
600000.000000 0.013718 0.000174 : 0.000178 -0.000041 0.041018
605000.000000 0.013734 0.000156 : -0.000035 0.000008 0.041230
610000.000000 0.013795 0.000172 : 0.000078 0.000259 0.041049
615000.000000 0.013677 0.000185 : 0.000230 0.000147 0.040653
620000.000000 0.013559 0.000172 : 0.000086 0.000085 0.040508
625000.000000 0.013587 0.000188 : -0.000006 0.000200 0.040567
630000.000000 0.013566 0.000178 : 0.000255 -0.000028 0.040471
635000.000000 0.013493 0.000163 : 0.000107 0.000089 0.040284
640000.000000 0.013277 0.000167 : -0.000050 -0.000089 0.039970
645000.000000 0.013280 0.000169 : 0.000051 0.000136 0.039653
650000.000000 0.013146 0.000157 : -0.000330 -0.000034 0.039802
655000.000000 0.013189 0.000153 : -0.000388 0.000173 0.039782
660000.000000 0.013198 0.000139 : -0.000231 0.000108 0.039716
665000.000000 0.013198 0.000152 : -0.000050 -0.000105 0.039747
670000.000000 0.013227 0.000148 : 0.000114 0.000004 0.039562
675000.000000 0.013104 0.000134 : 0.000012 -0.000186 0.039487
680000.000000 0.013081 0.000160 : -0.000104 -0.000027 0.039374
685000.000000 0.013117 0.000145 : 0.000266 0.000046 0.039038
690000.000000 0.013185 0.000145 : 0.000243 0.000147 0.039165
695000.000000 0.012922 0.000134 : 0.000162 -0.000255 0.038860
700000.000000 0.012937 0.000117 : 0.000066 -0.000118 0.038862
705000.000000 0.012816 0.000103 : 0.000209 -0.000244 0.038482
710000.000000 0.012782 0.000107 : 0.000138 -0.000113 0.038319
715000.000000 0.012594 0.000106 : -0.000158 -0.000138 0.038078
720000.000000 0.012805 0.000101 : 0.000245 0.000039 0.038132
725000.000000 0.012778 0.000119 : 0.000214 -0.000114 0.038235
730000.000000 0.012701 0.000125 : 0.000180 -0.000068 0.037991
735000.000000 0.012604 0.000111 : 0.000149 -0.000173 0.037836
740000.000000 0.012671 0.000107 : 0.000343 -0.000278 0.037948
745000.000000 0.012563 0.000133 : 0.000103 0.000048 0.037539
750000.000000 0.012649 0.000125 : 0.000163 0.000149 0.037634
755000.000000 0.012578 0.000108 : 0.000069 -0.000064 0.037729
760000.000000 0.012663 0.000112 : 0.000168 0.000123 0.037698
765000.000000 0.012559 0.000108 : 0.000158 0.000063 0.037458
770000.000000 0.012540 0.000116 : 0.000089 0.000194 0.037337
775000.000000 0.012484 0.000121 : 0.000026 0.000287 0.037140
780000.000000 0.012492 0.000113 : 0.000254 0.000346 0.036876
785000.000000 0.012535 0.000104 : 0.000465 0.000337 0.036803
790000.000000 0.012477 0.000106 : 0.000226 0.000278 0.036926
795000.000000 0.012451 0.000103 : 0.000219 0.000241 0.036894
800000.000000 0.012412 0.000095 : 0.000195 0.000081 0.036960
805000.000000 0.012412 0.000099 : 0.000165 0.000295 0.036775
810000.000000 0.012315 0.000112 : 0.000106 0.000331 0.036508
815000.000000 0.012183 0.000094 : 0.000042 0.000068 0.036438
820000.000000 0.012091 0.000102 : -0.000235 -0.000083 0.036589
825000.000000 0.012172 0.000081 : -0.000032 -0.000041 0.036589
830000.000000 0.012160 0.000096 : 0.000068 0.000017 0.036395
835000.000000 0.012063 0.000097 : -0.000229 0.000159 0.036261
840000.000000 0.011944 0.000099 : -0.000205 -0.000166 0.036203
845000.000000 0.012020 0.000096 : -0.000104 0.000163 0.036001
850000.000000 0.011989 0.000109 : -0.000122 0.000082 0.036006
855000.000000 0.012078 0.000118 : 0.000177 0.000237 0.035821
860000.000000 0.011922 0.000125 : 0.000110 0.000073 0.035584
865000.000000 0.011871 0.000113 : 0.000090 -0.000206 0.035731
870000.000000 0.011800 0.000114 : 0.000168 -0.000312 0.035544
875000.000000 0.011650 0.000108 : -0.000106 -0.000331 0.035386
880000.000000 0.011670 0.000111 : -0.000106 -0.000359 0.035475
885000.000000 0.011681 0.000093 : -0.000022 -0.000237 0.035301
890000.000000 0.011733 0.000094 : 0.000017 -0.000339 0.035521
895000.000000 0.011783 0.000098 : 0.000109 -0.000027 0.035267
900000.000000 0.011864 0.000110 : 0.000350 0.000128 0.035115
905000.000000 0.011679 0.000113 : 0.000284 -0.000192 0.034946
910000.000000 0.011637 0.000100 : 0.000224 -0.000171 0.034859
915000.000000 0.011691 0.000112 : 0.000205 0.000175 0.034693
920000.000000 0.011771 0.000104 : 0.000283 0.000258 0.034773
925000.000000 0.011717 0.000099 : 0.000103 0.000349 0.034700
930000.000000 0.011518 0.000089 : -0.000039 -0.000194 0.034786
935000.000000 0.011442 0.000093 : -0.000131 -0.000172 0.034628
940000.000000 0.011397 0.000091 : -0.000219 -0.000264 0.034674
945000.000000 0.011278 0.000100 : -0.000111 -0.000435 0.034380
950000.000000 0.011335 0.000072 : 0.000011 -0.000324 0.034318
955000.000000 0.011324 0.000087 : -0.000280 -0.000018 0.034271
960000.000000 0.011421 0.000089 : 0.000121 0.000043 0.034101
965000.000000 0.011390 0.000088 : 0.000200 -0.000130 0.034100
970000.000000 0.011436 0.000093 : 0.000388 -0.000121 0.034040
975000.000000 0.011262 0.000087 : -0.000021 -0.000228 0.034034
980000.000000 0.011377 0.000087 : 0.000106 -0.000018 0.034042
985000.000000 0.011324 0.000080 : 0.000013 0.000050 0.033909
990000.000000 0.011427 0.000094 : 0.000247 0.000242 0.033793
995000.000000 0.011316 0.000087 : 0.000182 0.000144 0.033623
1000000.000000 0.011259 0.000080 : 0.000140 -0.000034 0.033673
