0.000000 1.000000 1.000000 : 1.000000 1.000000 1.000000
5000.000000 0.093212 0.087118 : 0.065971 0.067852 0.145811
10000.000000 0.053240 0.043197 : 0.023649 0.024408 0.111662
15000.000000 0.038058 0.024661 : 0.008444 0.008912 0.096817
20000.000000 0.031410 0.015328 : 0.003095 0.003328 0.087806
25000.000000 0.028185 0.010400 : 0.000976 0.002057 0.081522
30000.000000 0.026321 0.007641 : 0.000625 0.001456 0.076883
35000.000000 0.024733 0.005893 : 0.000256 0.000898 0.073045
40000.000000 0.023695 0.004584 : 0.000101 0.000667 0.070318
45000.000000 0.022747 0.003727 : 0.000134 0.000661 0.067446
50000.000000 0.021853 0.002990 : 0.000212 0.000237 0.065111
55000.000000 0.021172 0.002528 : 0.000076 0.000133 0.063306
60000.000000 0.020483 0.002095 : -0.000330 0.000058 0.061720
65000.000000 0.019953 0.001806 : -0.000132 0.000021 0.059970
70000.000000 0.019590 0.001582 : -0.000090 0.000125 0.058736
75000.000000 0.019028 0.001401 : -0.000064 -0.000071 0.057218
80000.000000 0.018629 0.001276 : -0.000013 -0.000310 0.056209
85000.000000 0.018111 0.001169 : 0.000016 -0.000491 0.054807
90000.000000 0.017873 0.001067 : -0.000074 -0.000165 0.053858
95000.000000 0.017547 0.000948 : -0.000144 -0.000166 0.052952
100000.000000 0.017331 0.000918 : 0.000201 -0.000072 0.051864
105000.000000 0.017200 0.000892 : 0.000089 0.000089 0.051421
110000.000000 0.016870 0.000884 : -0.000050 0.000059 0.050601
115000.000000 0.016603 0.000798 : -0.000071 0.000095 0.049787
120000.000000 0.016360 0.000748 : 0.000066 -0.000076 0.049089
125000.000000 0.016259 0.000726 : -0.000053 0.000168 0.048662
130000.000000 0.016026 0.000622 : -0.000027 0.000120 0.047984
135000.000000 0.015868 0.000590 : 0.000386 -0.000098 0.047316
140000.000000 0.015313 0.000529 : -0.000285 -0.000500 0.046725
145000.000000 0.015385 0.000543 : 0.000055 -0.000144 0.046243
150000.000000 0.015154 0.000529 : 0.000116 -0.000416 0.045762
155000.000000 0.015041 0.000492 : -0.000031 -0.000259 0.045414
160000.000000 0.014712 0.000434 : -0.000304 -0.000374 0.044814
165000.000000 0.014736 0.000405 : -0.000238 -0.000231 0.044676
170000.000000 0.014540 0.000448 : -0.000166 -0.000228 0.044015
175000.000000 0.014594 0.000422 : 0.000123 0.000008 0.043649
180000.000000 0.014270 0.000398 : 0.000100 -0.000420 0.043131
185000.000000 0.014278 0.000351 : 0.000275 -0.000052 0.042612
190000.000000 0.013808 0.000330 : -0.000131 -0.000358 0.041913
195000.000000 0.013820 0.000318 : -0.000065 -0.000372 0.041896
200000.000000 0.013803 0.000318 : -0.000068 -0.000095 0.041574
205000.000000 0.013716 0.000321 : -0.000040 0.000075 0.041114
210000.000000 0.013483 0.000263 : -0.000301 -0.000072 0.040822
215000.000000 0.013403 0.000264 : -0.000154 0.000011 0.040353
220000.000000 0.013182 0.000257 : -0.000184 -0.000186 0.039918
225000.000000 0.013088 0.000255 : -0.000282 -0.000197 0.039744
230000.000000 0.013134 0.000244 : 0.000104 -0.000236 0.039535
235000.000000 0.012978 0.000248 : 0.000024 -0.000326 0.039234
240000.000000 0.013005 0.000232 : 0.000124 0.000131 0.038761
245000.000000 0.012829 0.000236 : 0.000011 -0.000119 0.038596
250000.000000 0.012820 0.000241 : 0.000103 0.000080 0.038278
255000.000000 0.012742 0.000249 : 0.000041 0.000181 0.038005
260000.000000 0.012546 0.000241 : -0.000097 0.000022 0.037712
265000.000000 0.012716 0.000238 : 0.000332 0.000213 0.037604
270000.000000 0.012652 0.000221 : 0.000130 0.000173 0.037655
275000.000000 0.012497 0.000238 : 0.000258 -0.000013 0.037246
280000.000000 0.012449 0.000226 : 0.000202 0.000293 0.036851
285000.000000 0.012280 0.000188 : 0.000017 0.000190 0.036634
290000.000000 0.012138 0.000153 : -0.000041 0.000029 0.036426
295000.000000 0.012151 0.000170 : 0.000170 0.000053 0.036228
300000.000000 0.011916 0.000183 : 0.000105 -0.000080 0.035722
305000.000000 0.011771 0.000167 : 0.000160 -0.000455 0.035608
310000.000000 0.011780 0.000184 : -0.000083 -0.000176 0.035598
315000.000000 0.011822 0.000208 : 0.000183 0.000057 0.035224
320000.000000 0.011670 0.000171 : 0.000003 -0.000087 0.035093
325000.000000 0.011448 0.000167 : -0.000187 -0.000200 0.034733
330000.000000 0.011464 0.000154 : -0.000023 -0.000156 0.034572
335000.000000 0.011548 0.000149 : 0.000032 0.000116 0.034495
340000.000000 0.011448 0.000128 : 0.000063 -0.000024 0.034305
345000.000000 0.011353 0.000118 : 0.000075 0.000032 0.033951
350000.000000 0.011305 0.000124 : -0.000083 -0.000048 0.034047
355000.000000 0.011280 0.000104 : -0.000003 0.000075 0.033769
360000.000000 0.011117 0.000121 : 0.000012 -0.000126 0.033464
365000.000000 0.011222 0.000133 : -0.000023 0.000166 0.033521
370000.000000 0.011103 0.000125 : -0.000069 0.000107 0.033272
375000.000000 0.011187 0.000128 : 0.000024 0.000279 0.033257
380000.000000 0.011116 0.000123 : 0.000317 0.000092 0.032938
385000.000000 0.010841 0.000115 : -0.000205 0.000062 0.032667
390000.000000 0.010751 0.000101 : -0.000131 -0.000189 0.032573
395000.000000 0.010885 0.000084 : 0.000089 0.000148 0.032416
400000.000000 0.010827 0.000090 : -0.000125 0.000232 0.032374
405000.000000 0.010774 0.000100 : 0.000096 0.000176 0.032051
410000.000000 0.010572 0.000076 : -0.000164 0.000028 0.031852
415000.000000 0.010539 0.000073 : 0.000190 -0.000222 0.031649
420000.000000 0.010599 0.000053 : -0.000125 0.000205 0.031715
425000.000000 0.010442 0.000058 : 0.000074 -0.000007 0.031259
430000.000000 0.010475 0.000073 : 0.000020 0.000081 0.031323
435000.000000 0.010285 0.000071 : -0.000184 -0.000064 0.031105
440000.000000 0.010150 0.000074 : -0.000333 -0.000278 0.031063
445000.000000 0.010311 0.000079 : 0.000068 -0.000012 0.030877
450000.000000 0.010266 0.000092 : -0.000006 -0.000228 0.031032
455000.000000 0.010173 0.000074 : -0.000075 -0.000188 0.030781
460000.000000 0.010055 0.000071 : -0.000160 -0.000135 0.030459
465000.000000 0.009948 0.000091 : 0.000008 -0.000215 0.030052
470000.000000 0.010016 0.000098 : 0.000056 -0.000146 0.030139
475000.000000 0.009909 0.000072 : -0.000061 -0.000311 0.030099
480000.000000 0.009966 0.000079 : -0.000097 -0.000128 0.030124
485000.000000 0.009901 0.000067 : -0.000194 0.000087 0.029808
490000.000000 0.009957 0.000074 : -0.000181 0.000141 0.029911
495000.000000 0.009822 0.000086 : -0.000175 -0.000109 0.029749
500000.000000 0.009929 0.000088 : 0.000034 -0.000009 0.029762
505000.000000 0.009913 0.000063 : 0.000053 0.000056 0.029631
510000.000000 0.009830 0.000069 : 0.000051 -0.000194 0.029633
515000.000000 0.009682 0.000061 : -0.000003 -0.000048 0.029097
520000.000000 0.009782 0.000069 : 0.000196 0.000184 0.028967
525000.000000 0.009745 0.000078 : 0.000096 0.000107 0.029032
530000.000000 0.009553 0.000059 : 0.000035 -0.000235 0.028859
535000.000000 0.009554 0.000065 : -0.000025 -0.000046 0.028734
540000.000000 0.009606 0.000049 : 0.000113 0.000093 0.028610
545000.000000 0.009520 0.000080 : 0.000100 -0.000254 0.028714
550000.000000 0.009509 0.000063 : -0.000021 -0.000092 0.028640
555000.000000 0.009346 0.000055 : 0.000016 -0.000475 0.028496
560000.000000 0.009461 0.000052 : 0.000109 -0.000114 0.028388
565000.000000 0.009311 0.000047 : -0.000205 -0.000298 0.028434
570000.000000 0.009216 0.000060 : -0.000085 -0.000388 0.028120
575000.000000 0.009249 0.000065 : 0.000233 -0.000386 0.027900
580000.000000 0.009384 0.000068 : 0.000176 -0.000025 0.028002
585000.000000 0.009262 0.000046 : 0.000014 -0.000309 0.028080
590000.000000 0.009226 0.000044 : 0.000198 -0.000172 0.027653
595000.000000 0.009231 0.000045 : 0.000048 -0.000189 0.027833
600000.000000 0.009044 0.000055 : -0.000437 0.000022 0.027548
605000.000000 0.009089 0.000055 : -0.000320 0.000042 0.027544
610000.000000 0.009081 0.000052 : -0.000295 0.000140 0.027398
615000.000000 0.009164 0.000048 : 0.000155 0.000090 0.027246
620000.000000 0.009222 0.000056 : 0.000298 0.000186 0.027181
625000.000000 0.009064 0.000053 : 0.000184 0.000026 0.026983
630000.000000 0.008922 0.000065 : -0.000119 0.000039 0.026845
635000.000000 0.008862 0.000061 : -0.000220 0.000027 0.026780
640000.000000 0.009058 0.000069 : 0.000140 0.000087 0.026946
645000.000000 0.008925 0.000063 : 0.000079 0.000111 0.026585
650000.000000 0.008982 0.000045 : 0.000324 -0.000006 0.026628
655000.000000 0.008831 0.000046 : 0.000011 -0.000231 0.026713
660000.000000 0.008883 0.000048 : -0.000062 0.000082 0.026628
665000.000000 0.008932 0.000049 : 0.000145 -0.000189 0.026840
670000.000000 0.008871 0.000061 : 0.000354 -0.000204 0.026463
675000.000000 0.008753 0.000055 : 0.000068 0.000014 0.026177
680000.000000 0.008741 0.000063 : 0.000060 0.000074 0.026089
685000.000000 0.008776 0.000056 : 0.000097 -0.000172 0.026404
690000.000000 0.008616 0.000052 : 0.000085 -0.000257 0.026021
695000.000000 0.008672 0.000046 : -0.000146 -0.000028 0.026190
700000.000000 0.008607 0.000052 : -0.000071 -0.000114 0.026005
705000.000000 0.008720 0.000038 : -0.000027 0.000118 0.026070
710000.000000 0.008709 0.000050 : 0.000136 0.000012 0.025979
715000.000000 0.008486 0.000045 : -0.000042 -0.000284 0.025784
720000.000000 0.008598 0.000046 : 0.000056 0.000145 0.025593
725000.000000 0.008626 0.000039 : 0.000124 0.000130 0.025624
730000.000000 0.008613 0.000039 : 0.000260 0.000058 0.025520
735000.000000 0.008589 0.000043 : 0.000262 -0.000031 0.025536
740000.000000 0.008558 0.000043 : -0.000074 0.000017 0.025730
745000.000000 0.008581 0.000051 : 0.000059 0.000056 0.025629
750000.000000 0.008459 0.000049 : -0.000130 -0.000032 0.025540
755000.000000 0.008367 0.000043 : -0.000144 -0.000076 0.025319
760000.000000 0.008410 0.000041 : 0.000011 -0.000047 0.025265
765000.000000 0.008458 0.000040 : -0.000021 0.000301 0.025095
770000.000000 0.008442 0.000040 : 0.000095 0.000187 0.025043
775000.000000 0.008389 0.000034 : 0.000270 0.000007 0.024890
780000.000000 0.008305 0.000053 : -0.000137 0.000270 0.024782
785000.000000 0.008271 0.000038 : 0.000040 0.000053 0.024721
790000.000000 0.008310 0.000049 : 0.000168 0.000176 0.024586
795000.000000 0.008173 0.000034 : 0.000158 -0.000171 0.024533
800000.000000 0.008137 0.000044 : 0.000116 -0.000096 0.024391
805000.000000 0.008211 0.000044 : 0.000025 0.000003 0.024605
810000.000000 0.008145 0.000034 : -0.000077 -0.000119 0.024630
815000.000000 0.008153 0.000037 : -0.000065 -0.000022 0.024546
820000.000000 0.008164 0.000035 : 0.000063 0.000037 0.024391
825000.000000 0.008162 0.000048 : -0.000100 0.000087 0.024499
830000.000000 0.007982 0.000034 : -0.000471 0.000068 0.024350
835000.000000 0.008082 0.000044 : -0.000147 0.000179 0.024216
840000.000000 0.008178 0.000033 : 0.000109 0.000098 0.024328
845000.000000 0.008093 0.000045 : 0.000110 0.000020 0.024148
850000.000000 0.008083 0.000048 : 0.000031 0.000246 0.023971
855000.000000 0.007900 0.000040 : -0.000024 -0.000264 0.023986
860000.000000 0.007949 0.000035 : 0.000006 -0.000037 0.023877
865000.000000 0.007997 0.000050 : 0.000047 -0.000021 0.023966
870000.000000 0.007901 0.000024 : -0.000043 -0.000122 0.023867
875000.000000 0.007875 0.000031 : 0.000185 -0.000198 0.023637
880000.000000 0.007882 0.000037 : 0.000001 -0.000009 0.023654
885000.000000 0.007851 0.000040 : 0.000127 -0.000241 0.023667
890000.000000 0.007766 0.000027 : 0.000167 -0.000160 0.023291
895000.000000 0.007805 0.000033 : 0.000071 0.000066 0.023277
900000.000000 0.007809 0.000048 : -0.000031 0.000062 0.023395
905000.000000 0.007846 0.000046 : -0.000045 -0.000014 0.023597
910000.000000 0.007807 0.000039 : -0.000052 0.000054 0.023417
915000.000000 0.007720 0.000033 : -0.000245 0.000186 0.023221
920000.000000 0.007822 0.000045 : 0.000046 -0.000074 0.023494
925000.000000 0.007736 0.000052 : -0.000091 -0.000148 0.023449
930000.000000 0.007865 0.000047 : 0.000286 -0.000174 0.023483
935000.000000 0.007767 0.000040 : -0.000089 0.000037 0.023355
940000.000000 0.007810 0.000030 : 0.000185 0.000066 0.023179
945000.000000 0.007735 0.000032 : 0.000128 -0.000083 0.023161
950000.000000 0.007632 0.000027 : -0.000144 -0.000091 0.023131
955000.000000 0.007823 0.000036 : 0.000045 0.000220 0.023206
960000.000000 0.007680 0.000031 : -0.000084 0.000246 0.022877
965000.000000 0.007628 0.000028 : 0.000152 -0.000217 0.022949
970000.000000 0.007644 0.000029 : 0.000126 -0.000086 0.022892
975000.000000 0.007536 0.000030 : 0.000085 -0.000192 0.022715
980000.000000 0.007672 0.000042 : 0.000135 0.000062 0.022819
985000.000000 0.007735 0.000019 : 0.000211 0.000132 0.022861
990000.000000 0.007467 0.000025 : -0.000143 -0.000066 0.022609
995000.000000 0.007547 0.000035 : 0.000050 -0.000013 0.022603
1000000.000000 0.007615 0.000041 : 0.000288 0.000002 0.022555
