0.000000 1.000000 1.000000 : 1.000000 1.000000 1.000000
5000.000000 0.832501 0.832365 : 0.825026 0.825364 0.847114
10000.000000 0.761512 0.761138 : 0.746393 0.746458 0.791683
15000.000000 0.706079 0.705386 : 0.683180 0.682645 0.752412
20000.000000 0.657780 0.656624 : 0.626773 0.625573 0.720995
25000.000000 0.614117 0.612339 : 0.574915 0.572772 0.694664
30000.000000 0.574237 0.571658 : 0.526972 0.523823 0.671915
35000.000000 0.537590 0.533935 : 0.482207 0.478819 0.651744
40000.000000 0.503984 0.499186 : 0.440805 0.437332 0.633815
45000.000000 0.473048 0.466942 : 0.402455 0.399164 0.617526
50000.000000 0.444675 0.437112 : 0.367008 0.364189 0.602829
55000.000000 0.418799 0.409592 : 0.334297 0.332527 0.589573
60000.000000 0.395085 0.384047 : 0.304141 0.303853 0.577259
65000.000000 0.373324 0.360440 : 0.276296 0.277811 0.565867
70000.000000 0.353514 0.338683 : 0.250897 0.254300 0.555345
75000.000000 0.335321 0.318488 : 0.227440 0.233005 0.545517
80000.000000 0.318626 0.299754 : 0.205840 0.213834 0.536204
85000.000000 0.303676 0.282629 : 0.186400 0.197045 0.527584
90000.000000 0.289963 0.266812 : 0.168346 0.182081 0.519462
95000.000000 0.277434 0.252169 : 0.151982 0.168749 0.511571
100000.000000 0.265957 0.238582 : 0.137000 0.156737 0.504136
105000.000000 0.255410 0.225915 : 0.123210 0.145981 0.497039
110000.000000 0.245799 0.214177 : 0.110728 0.136364 0.490305
115000.000000 0.236912 0.203243 : 0.099263 0.127823 0.483651
120000.000000 0.228851 0.193096 : 0.089026 0.120051 0.477476
125000.000000 0.221451 0.183641 : 0.079643 0.112995 0.471715
130000.000000 0.214537 0.174759 : 0.071031 0.106482 0.466098
135000.000000 0.208326 0.166524 : 0.063652 0.100507 0.460819
140000.000000 0.202546 0.158862 : 0.057076 0.094949 0.455615
145000.000000 0.197269 0.151620 : 0.051396 0.089939 0.450473
150000.000000 0.192445 0.144921 : 0.046256 0.085575 0.445503
155000.000000 0.188129 0.138678 : 0.041875 0.081580 0.440931
160000.000000 0.184156 0.132854 : 0.038307 0.077689 0.436471
165000.000000 0.180535 0.127447 : 0.035296 0.074240 0.432069
170000.000000 0.177218 0.122460 : 0.032628 0.071221 0.427804
175000.000000 0.174121 0.117820 : 0.030222 0.068278 0.423862
180000.000000 0.171261 0.113530 : 0.028172 0.065649 0.419961
185000.000000 0.168470 0.109488 : 0.026151 0.063132 0.416126
190000.000000 0.166057 0.105854 : 0.024663 0.061014 0.412493
195000.000000 0.163743 0.102509 : 0.023352 0.058902 0.408977
200000.000000 0.161486 0.099311 : 0.022220 0.056810 0.405429
205000.000000 0.159481 0.096376 : 0.021162 0.055220 0.402060
210000.000000 0.157405 0.093578 : 0.020066 0.053413 0.398737
215000.000000 0.155476 0.090928 : 0.019220 0.051883 0.395325
220000.000000 0.153570 0.088422 : 0.018387 0.050402 0.391920
225000.000000 0.151820 0.086051 : 0.017825 0.048980 0.388654
230000.000000 0.150114 0.083803 : 0.017084 0.047502 0.385755
235000.000000 0.148318 0.081614 : 0.016123 0.046148 0.382685
240000.000000 0.146570 0.079486 : 0.015188 0.044706 0.379815
245000.000000 0.144810 0.077431 : 0.013990 0.043446 0.376995
250000.000000 0.143084 0.075472 : 0.012859 0.042251 0.374142
255000.000000 0.141434 0.073562 : 0.011925 0.040977 0.371399
260000.000000 0.139902 0.071766 : 0.011014 0.040014 0.368678
265000.000000 0.138364 0.069998 : 0.010102 0.038812 0.366178
270000.000000 0.136855 0.068255 : 0.009252 0.037601 0.363711
275000.000000 0.135352 0.066541 : 0.008368 0.036371 0.361318
280000.000000 0.133921 0.064887 : 0.007846 0.035192 0.358725
285000.000000 0.132514 0.063239 : 0.007107 0.034090 0.356346
290000.000000 0.131037 0.061624 : 0.006245 0.032979 0.353888
295000.000000 0.129579 0.060009 : 0.005307 0.031916 0.351515
300000.000000 0.128139 0.058364 : 0.004322 0.030728 0.349368
305000.000000 0.126660 0.056774 : 0.003355 0.029486 0.347140
310000.000000 0.125068 0.055176 : 0.002178 0.028031 0.344995
315000.000000 0.123388 0.053492 : 0.000975 0.026456 0.342732
320000.000000 0.121852 0.051846 : -0.000006 0.025077 0.340486
325000.000000 0.120314 0.050129 : -0.000947 0.023602 0.338287
330000.000000 0.118718 0.048373 : -0.001883 0.021916 0.336120
335000.000000 0.117273 0.046726 : -0.002731 0.020458 0.334093
340000.000000 0.115872 0.045049 : -0.003594 0.019201 0.332008
345000.000000 0.114693 0.043434 : -0.004097 0.018104 0.330073
350000.000000 0.113513 0.041855 : -0.004660 0.017075 0.328124
355000.000000 0.112454 0.040302 : -0.005108 0.016164 0.326304
360000.000000 0.111544 0.038814 : -0.005430 0.015372 0.324692
365000.000000 0.110795 0.037504 : -0.005551 0.014987 0.322949
370000.000000 0.110170 0.036255 : -0.005514 0.014750 0.321274
375000.000000 0.109578 0.035024 : -0.005650 0.014532 0.319853
380000.000000 0.109010 0.033838 : -0.005639 0.014451 0.318219
385000.000000 0.108523 0.032711 : -0.005630 0.014558 0.316641
390000.000000 0.108031 0.031664 : -0.005529 0.014567 0.315055
395000.000000 0.107626 0.030626 : -0.005383 0.014584 0.313678
400000.000000 0.107196 0.029692 : -0.005162 0.014551 0.312198
405000.000000 0.106855 0.028758 : -0.005089 0.014807 0.310849
410000.000000 0.106528 0.027908 : -0.004985 0.015133 0.309435
415000.000000 0.106206 0.027132 : -0.004774 0.015503 0.307889
420000.000000 0.105822 0.026401 : -0.004577 0.015441 0.306601
425000.000000 0.105438 0.025730 : -0.004198 0.015435 0.305076
430000.000000 0.105127 0.025085 : -0.003904 0.015580 0.303706
435000.000000 0.104736 0.024506 : -0.003630 0.015503 0.302336
440000.000000 0.104365 0.023951 : -0.003319 0.015314 0.301101
445000.000000 0.104002 0.023437 : -0.003079 0.015229 0.299856
450000.000000 0.103491 0.022926 : -0.002863 0.015065 0.298270
455000.000000 0.102987 0.022408 : -0.002748 0.014783 0.296926
460000.000000 0.102383 0.021901 : -0.002804 0.014458 0.295496
465000.000000 0.101784 0.021358 : -0.002866 0.014017 0.294199
470000.000000 0.101205 0.020871 : -0.002984 0.013734 0.292866
475000.000000 0.100598 0.020401 : -0.003326 0.013400 0.291720
480000.000000 0.100016 0.019915 : -0.003562 0.013004 0.290606
485000.000000 0.099490 0.019454 : -0.003810 0.012717 0.289565
490000.000000 0.098926 0.018925 : -0.004098 0.012516 0.288361
495000.000000 0.098381 0.018466 : -0.004357 0.012317 0.287183
500000.000000 0.097778 0.018022 : -0.004518 0.011888 0.285964
505000.000000 0.097271 0.017632 : -0.004607 0.011636 0.284786
510000.000000 0.096783 0.017253 : -0.004747 0.011463 0.283635
515000.000000 0.096188 0.016877 : -0.004867 0.010989 0.282442
520000.000000 0.095620 0.016442 : -0.005065 0.010467 0.281458
525000.000000 0.095075 0.016064 : -0.005182 0.010078 0.280329
530000.000000 0.094593 0.015701 : -0.005311 0.009735 0.279356
535000.000000 0.094073 0.015399 : -0.005489 0.009408 0.278299
540000.000000 0.093684 0.015140 : -0.005508 0.009167 0.277392
545000.000000 0.093269 0.014895 : -0.005597 0.008929 0.276475
550000.000000 0.092906 0.014731 : -0.005665 0.008869 0.275512
555000.000000 0.092574 0.014523 : -0.005933 0.009077 0.274579
560000.000000 0.092240 0.014317 : -0.006072 0.009088 0.273704
565000.000000 0.091976 0.014128 : -0.006019 0.009294 0.272652
570000.000000 0.091765 0.013955 : -0.005908 0.009392 0.271810
575000.000000 0.091549 0.013764 : -0.005880 0.009755 0.270773
580000.000000 0.091269 0.013571 : -0.006085 0.010041 0.269852
585000.000000 0.091019 0.013399 : -0.006324 0.010611 0.268771
590000.000000 0.090909 0.013302 : -0.006502 0.011224 0.268006
595000.000000 0.090716 0.013226 : -0.006684 0.011828 0.267003
600000.000000 0.090544 0.013198 : -0.006805 0.012290 0.266146
605000.000000 0.090355 0.013156 : -0.006919 0.012712 0.265273
610000.000000 0.090314 0.013127 : -0.006825 0.013381 0.264386
615000.000000 0.090299 0.013110 : -0.006521 0.013845 0.263572
620000.000000 0.090146 0.013104 : -0.006508 0.014205 0.262739
625000.000000 0.090048 0.013132 : -0.006320 0.014450 0.262015
630000.000000 0.089993 0.013158 : -0.005990 0.014779 0.261190
635000.000000 0.089859 0.013162 : -0.005866 0.014974 0.260467
640000.000000 0.089811 0.013190 : -0.005598 0.015212 0.259820
645000.000000 0.089721 0.013193 : -0.005423 0.015419 0.259165
650000.000000 0.089635 0.013226 : -0.005172 0.015695 0.258383
655000.000000 0.089618 0.013278 : -0.004879 0.015998 0.257736
660000.000000 0.089527 0.013323 : -0.004627 0.016084 0.257124
665000.000000 0.089451 0.013381 : -0.004280 0.016147 0.256486
670000.000000 0.089220 0.013393 : -0.003995 0.015964 0.255692
675000.000000 0.089007 0.013383 : -0.003948 0.016015 0.254955
680000.000000 0.088728 0.013341 : -0.003918 0.015822 0.254280
685000.000000 0.088417 0.013269 : -0.003813 0.015700 0.253365
690000.000000 0.088059 0.013234 : -0.003696 0.015426 0.252445
695000.000000 0.087612 0.013142 : -0.003661 0.015011 0.251486
700000.000000 0.087358 0.013092 : -0.003363 0.014853 0.250582
705000.000000 0.087002 0.012993 : -0.003395 0.014638 0.249764
710000.000000 0.086569 0.012906 : -0.003554 0.014222 0.249039
715000.000000 0.086164 0.012801 : -0.003576 0.013881 0.248186
720000.000000 0.085859 0.012650 : -0.003636 0.013836 0.247377
725000.000000 0.085575 0.012504 : -0.003735 0.013725 0.246734
730000.000000 0.085244 0.012332 : -0.003913 0.013452 0.246193
735000.000000 0.084927 0.012134 : -0.004096 0.013297 0.245581
740000.000000 0.084638 0.011978 : -0.004136 0.013141 0.244911
745000.000000 0.084324 0.011819 : -0.004244 0.012973 0.244243
750000.000000 0.084082 0.011690 : -0.004293 0.012877 0.243661
755000.000000 0.083844 0.011618 : -0.004288 0.012746 0.243074
760000.000000 0.083605 0.011500 : -0.004185 0.012577 0.242423
765000.000000 0.083354 0.011390 : -0.004113 0.012453 0.241720
770000.000000 0.083079 0.011267 : -0.004067 0.012359 0.240944
775000.000000 0.082886 0.011192 : -0.003974 0.012283 0.240348
780000.000000 0.082557 0.011079 : -0.004098 0.011962 0.239808
785000.000000 0.082291 0.010982 : -0.003924 0.011644 0.239154
790000.000000 0.082034 0.010876 : -0.003935 0.011520 0.238519
795000.000000 0.081820 0.010777 : -0.003881 0.011488 0.237853
800000.000000 0.081604 0.010675 : -0.003841 0.011357 0.237297
805000.000000 0.081431 0.010642 : -0.003860 0.011363 0.236791
810000.000000 0.081229 0.010611 : -0.003828 0.011245 0.236270
815000.000000 0.081031 0.010523 : -0.003804 0.011178 0.235717
820000.000000 0.080664 0.010468 : -0.004038 0.010874 0.235157
825000.000000 0.080407 0.010411 : -0.004305 0.010891 0.234635
830000.000000 0.080192 0.010361 : -0.004407 0.010787 0.234197
835000.000000 0.079969 0.010313 : -0.004438 0.010733 0.233613
840000.000000 0.079703 0.010240 : -0.004486 0.010627 0.232967
845000.000000 0.079382 0.010156 : -0.004697 0.010510 0.232333
850000.000000 0.079181 0.010157 : -0.004791 0.010627 0.231706
855000.000000 0.078988 0.010094 : -0.004883 0.010755 0.231092
860000.000000 0.078666 0.010036 : -0.005075 0.010654 0.230420
865000.000000 0.078359 0.009938 : -0.005409 0.010658 0.229827
870000.000000 0.078091 0.009882 : -0.005533 0.010632 0.229173
875000.000000 0.077845 0.009845 : -0.005576 0.010785 0.228325
880000.000000 0.077691 0.009796 : -0.005498 0.010978 0.227592
885000.000000 0.077576 0.009748 : -0.005482 0.011262 0.226949
890000.000000 0.077455 0.009690 : -0.005579 0.011528 0.226415
895000.000000 0.077311 0.009639 : -0.005618 0.011676 0.225875
900000.000000 0.077153 0.009565 : -0.005749 0.011851 0.225357
905000.000000 0.077019 0.009527 : -0.005753 0.011873 0.224936
910000.000000 0.077011 0.009453 : -0.005636 0.012114 0.224555
915000.000000 0.076944 0.009405 : -0.005471 0.012233 0.224071
920000.000000 0.076780 0.009335 : -0.005596 0.012364 0.223573
925000.000000 0.076591 0.009280 : -0.005757 0.012461 0.223070
930000.000000 0.076438 0.009215 : -0.005620 0.012329 0.222604
935000.000000 0.076287 0.009121 : -0.005519 0.012221 0.222159
940000.000000 0.076069 0.009045 : -0.005410 0.012029 0.221586
945000.000000 0.075837 0.008951 : -0.005498 0.011904 0.221106
950000.000000 0.075659 0.008869 : -0.005618 0.011880 0.220716
955000.000000 0.075364 0.008744 : -0.005678 0.011589 0.220181
960000.000000 0.075075 0.008657 : -0.005769 0.011348 0.219647
965000.000000 0.074934 0.008617 : -0.005602 0.011177 0.219226
970000.000000 0.074708 0.008573 : -0.005484 0.010934 0.218674
975000.000000 0.074538 0.008534 : -0.005400 0.010774 0.218240
980000.000000 0.074374 0.008490 : -0.005248 0.010726 0.217643
985000.000000 0.074140 0.008463 : -0.005293 0.010532 0.217181
990000.000000 0.073958 0.008445 : -0.005235 0.010332 0.216777
995000.000000 0.073637 0.008411 : -0.005228 0.009971 0.216167
1000000.000000 0.073418 0.008362 : -0.005200 0.009739 0.215716
