0.000000 1.000000 1.000000 : 1.000000 1.000000 1.000000
5000.000000 0.367286 0.365448 : 0.343593 0.345535 0.412729
10000.000000 0.253501 0.249578 : 0.217628 0.218591 0.324283
15000.000000 0.188687 0.181994 : 0.144259 0.144342 0.277460
20000.000000 0.145799 0.135633 : 0.095256 0.095178 0.246962
25000.000000 0.116519 0.102613 : 0.062053 0.062248 0.225256
30000.000000 0.096329 0.078818 : 0.040127 0.040376 0.208482
35000.000000 0.082874 0.061642 : 0.025845 0.027196 0.195582
40000.000000 0.073366 0.049080 : 0.016623 0.018662 0.184814
45000.000000 0.066551 0.039763 : 0.010553 0.013394 0.175707
50000.000000 0.061588 0.032724 : 0.006871 0.009982 0.167910
55000.000000 0.057829 0.027341 : 0.004425 0.007603 0.161458
60000.000000 0.054595 0.023016 : 0.002158 0.005481 0.156146
65000.000000 0.052273 0.019623 : 0.001102 0.004600 0.151117
70000.000000 0.050198 0.016997 : 0.000261 0.003746 0.146588
75000.000000 0.048402 0.014870 : -0.000220 0.002959 0.142466
80000.000000 0.047047 0.013280 : -0.000201 0.002522 0.138820
85000.000000 0.045625 0.011865 : -0.000403 0.001589 0.135690
90000.000000 0.044477 0.010676 : -0.000472 0.001135 0.132769
95000.000000 0.043372 0.009755 : -0.000401 0.000633 0.129883
100000.000000 0.042460 0.008974 : -0.000488 0.000599 0.127270
105000.000000 0.041704 0.008271 : -0.000410 0.000517 0.125007
110000.000000 0.040975 0.007681 : -0.000452 0.000746 0.122631
115000.000000 0.040055 0.007106 : -0.000663 0.000395 0.120434
120000.000000 0.039374 0.006572 : -0.000806 0.000583 0.118346
125000.000000 0.038666 0.006101 : -0.000794 0.000160 0.116630
130000.000000 0.038133 0.005646 : -0.000741 0.000279 0.114861
135000.000000 0.037614 0.005262 : -0.000638 0.000388 0.113093
140000.000000 0.037038 0.004950 : -0.000751 0.000679 0.111185
145000.000000 0.036655 0.004729 : -0.000978 0.001255 0.109689
150000.000000 0.036187 0.004493 : -0.000622 0.000976 0.108208
155000.000000 0.035713 0.004203 : -0.000809 0.000900 0.107047
160000.000000 0.035231 0.004031 : -0.000828 0.000772 0.105749
165000.000000 0.034686 0.003760 : -0.000990 0.000418 0.104630
170000.000000 0.034307 0.003617 : -0.001017 0.000512 0.103427
175000.000000 0.033907 0.003435 : -0.000895 0.000451 0.102163
180000.000000 0.033693 0.003277 : -0.000670 0.000572 0.101178
185000.000000 0.033188 0.003070 : -0.000781 0.000265 0.100080
190000.000000 0.032889 0.002904 : -0.000899 0.000528 0.099036
195000.000000 0.032731 0.002817 : -0.000874 0.000748 0.098319
200000.000000 0.032411 0.002703 : -0.000907 0.000883 0.097259
205000.000000 0.032070 0.002648 : -0.001021 0.000864 0.096368
210000.000000 0.031852 0.002596 : -0.000966 0.001167 0.095355
215000.000000 0.031572 0.002496 : -0.000700 0.001040 0.094377
220000.000000 0.031360 0.002448 : -0.000166 0.000677 0.093570
225000.000000 0.031204 0.002409 : 0.000184 0.000566 0.092863
230000.000000 0.030888 0.002348 : 0.000198 0.000288 0.092179
235000.000000 0.030539 0.002221 : 0.000164 0.000249 0.091205
240000.000000 0.030254 0.002138 : 0.000261 0.000142 0.090359
245000.000000 0.030019 0.002041 : 0.000197 0.000130 0.089729
250000.000000 0.029796 0.002005 : 0.000321 0.000028 0.089039
255000.000000 0.029450 0.001925 : 0.000115 0.000049 0.088185
260000.000000 0.029202 0.001809 : 0.000059 0.000069 0.087477
265000.000000 0.028839 0.001737 : 0.000045 -0.000156 0.086627
270000.000000 0.028755 0.001630 : 0.000004 0.000168 0.086093
275000.000000 0.028403 0.001591 : -0.000462 0.000118 0.085554
280000.000000 0.028304 0.001508 : -0.000201 0.000082 0.085032
285000.000000 0.027955 0.001447 : -0.000614 -0.000006 0.084485
290000.000000 0.027711 0.001374 : -0.000564 -0.000227 0.083923
295000.000000 0.027631 0.001377 : -0.000453 0.000006 0.083339
300000.000000 0.027761 0.001391 : -0.000148 0.000382 0.083048
305000.000000 0.027673 0.001449 : -0.000043 0.000702 0.082361
310000.000000 0.027467 0.001428 : 0.000233 0.000329 0.081839
315000.000000 0.027312 0.001413 : 0.000072 0.000586 0.081279
320000.000000 0.027026 0.001309 : -0.000054 0.000316 0.080816
325000.000000 0.026939 0.001318 : -0.000021 0.000636 0.080202
330000.000000 0.026768 0.001273 : 0.000006 0.000648 0.079650
335000.000000 0.026493 0.001266 : 0.000093 0.000179 0.079206
340000.000000 0.026477 0.001226 : 0.000254 0.000265 0.078912
345000.000000 0.026249 0.001151 : 0.000159 0.000221 0.078367
350000.000000 0.025937 0.001087 : -0.000370 0.000069 0.078114
355000.000000 0.025719 0.001009 : -0.000314 0.000214 0.077257
360000.000000 0.025639 0.000975 : -0.000324 0.000349 0.076891
365000.000000 0.025338 0.000914 : -0.000175 0.000124 0.076066
370000.000000 0.025182 0.000873 : -0.000112 -0.000015 0.075672
375000.000000 0.024884 0.000811 : -0.000082 -0.000527 0.075262
380000.000000 0.024783 0.000782 : 0.000178 -0.000668 0.074838
385000.000000 0.024715 0.000786 : 0.000259 -0.000679 0.074566
390000.000000 0.024597 0.000765 : 0.000037 -0.000443 0.074197
395000.000000 0.024571 0.000743 : 0.000139 -0.000213 0.073786
400000.000000 0.024349 0.000739 : -0.000223 -0.000130 0.073400
405000.000000 0.024300 0.000729 : -0.000123 -0.000168 0.073192
410000.000000 0.024276 0.000684 : 0.000109 0.000101 0.072619
415000.000000 0.024230 0.000691 : 0.000124 0.000268 0.072296
420000.000000 0.024082 0.000726 : 0.000028 0.000047 0.072171
425000.000000 0.023924 0.000699 : -0.000154 0.000079 0.071846
430000.000000 0.023853 0.000730 : -0.000101 0.000190 0.071469
435000.000000 0.023722 0.000689 : -0.000442 0.000312 0.071296
440000.000000 0.023675 0.000674 : -0.000292 0.000478 0.070840
445000.000000 0.023661 0.000676 : -0.000241 0.000513 0.070713
450000.000000 0.023584 0.000679 : -0.000117 0.000565 0.070304
455000.000000 0.023332 0.000649 : -0.000052 0.000069 0.069981
460000.000000 0.023077 0.000622 : -0.000019 -0.000181 0.069431
465000.000000 0.023083 0.000600 : 0.000275 -0.000496 0.069471
470000.000000 0.023065 0.000580 : 0.000437 -0.000493 0.069251
475000.000000 0.022816 0.000566 : 0.000278 -0.000775 0.068945
480000.000000 0.022765 0.000556 : 0.000399 -0.000653 0.068548
485000.000000 0.022750 0.000531 : 0.000633 -0.000820 0.068435
490000.000000 0.022697 0.000514 : 0.000575 -0.000636 0.068151
495000.000000 0.022522 0.000475 : 0.000413 -0.000659 0.067811
500000.000000 0.022320 0.000478 : 0.000310 -0.000733 0.067381
505000.000000 0.022315 0.000467 : 0.000186 -0.000823 0.067583
510000.000000 0.022340 0.000442 : 0.000294 -0.000715 0.067441
515000.000000 0.022249 0.000455 : 0.000360 -0.000614 0.067001
520000.000000 0.022143 0.000434 : 0.000442 -0.000558 0.066544
525000.000000 0.022206 0.000452 : 0.000569 -0.000435 0.066484
530000.000000 0.022016 0.000427 : 0.000353 -0.000452 0.066146
535000.000000 0.021962 0.000449 : 0.000571 -0.000355 0.065670
540000.000000 0.021810 0.000420 : 0.000431 -0.000078 0.065077
545000.000000 0.021710 0.000438 : 0.000553 -0.000103 0.064680
550000.000000 0.021703 0.000444 : 0.000611 0.000092 0.064405
555000.000000 0.021566 0.000422 : 0.000485 -0.000057 0.064269
560000.000000 0.021559 0.000435 : 0.000288 0.000282 0.064106
565000.000000 0.021332 0.000436 : 0.000088 0.000110 0.063799
570000.000000 0.021287 0.000461 : 0.000020 0.000006 0.063836
575000.000000 0.021087 0.000456 : -0.000145 -0.000160 0.063566
580000.000000 0.021000 0.000457 : -0.000165 0.000135 0.063030
585000.000000 0.021156 0.000505 : 0.000271 0.000179 0.063017
590000.000000 0.020959 0.000494 : 0.000427 -0.000079 0.062528
595000.000000 0.021069 0.000522 : 0.000552 0.000286 0.062368
600000.000000 0.020899 0.000518 : 0.000532 0.000063 0.062101
605000.000000 0.020829 0.000524 : 0.000326 0.000019 0.062142
610000.000000 0.020843 0.000484 : 0.000154 0.000188 0.062187
615000.000000 0.020762 0.000486 : 0.000347 0.000177 0.061762
620000.000000 0.020478 0.000459 : 0.000129 -0.000125 0.061432
625000.000000 0.020304 0.000471 : -0.000105 -0.000112 0.061129
630000.000000 0.020316 0.000495 : -0.000148 0.000011 0.061084
635000.000000 0.020090 0.000462 : -0.000401 -0.000033 0.060705
640000.000000 0.020142 0.000472 : -0.000469 0.000236 0.060657
645000.000000 0.020076 0.000463 : -0.000357 0.000056 0.060528
650000.000000 0.020153 0.000435 : -0.000207 0.000330 0.060337
655000.000000 0.020113 0.000405 : -0.000297 0.000377 0.060260
660000.000000 0.020197 0.000428 : -0.000190 0.000812 0.059969
665000.000000 0.020191 0.000429 : 0.000018 0.000740 0.059814
670000.000000 0.020227 0.000414 : 0.000057 0.001031 0.059593
675000.000000 0.020072 0.000383 : -0.000029 0.000868 0.059377
680000.000000 0.020010 0.000383 : 0.000047 0.000684 0.059299
685000.000000 0.019972 0.000398 : 0.000046 0.000589 0.059281
690000.000000 0.019880 0.000386 : -0.000038 0.000566 0.059113
695000.000000 0.019666 0.000357 : 0.000011 0.000233 0.058755
700000.000000 0.019547 0.000365 : -0.000126 0.000035 0.058732
705000.000000 0.019341 0.000347 : -0.000226 -0.000341 0.058591
710000.000000 0.019163 0.000338 : -0.000333 -0.000380 0.058203
715000.000000 0.019161 0.000329 : -0.000453 -0.000147 0.058082
720000.000000 0.019271 0.000319 : -0.000093 0.000011 0.057894
725000.000000 0.019333 0.000324 : 0.000228 0.000121 0.057651
730000.000000 0.019334 0.000318 : 0.000145 0.000272 0.057584
735000.000000 0.019352 0.000326 : 0.000245 0.000337 0.057474
740000.000000 0.019262 0.000348 : 0.000172 0.000323 0.057291
745000.000000 0.019163 0.000330 : 0.000073 0.000183 0.057232
750000.000000 0.019229 0.000310 : 0.000192 0.000247 0.057247
755000.000000 0.019227 0.000281 : 0.000357 0.000406 0.056918
760000.000000 0.019070 0.000245 : 0.000428 0.000049 0.056734
765000.000000 0.019022 0.000233 : 0.000333 0.000132 0.056603
770000.000000 0.018973 0.000247 : 0.000301 0.000219 0.056399
775000.000000 0.018875 0.000263 : 0.000391 0.000330 0.055903
780000.000000 0.018957 0.000285 : 0.000405 0.000643 0.055824
785000.000000 0.018946 0.000287 : 0.000385 0.000662 0.055790
790000.000000 0.018878 0.000288 : 0.000531 0.000440 0.055662
795000.000000 0.018727 0.000275 : 0.000281 0.000463 0.055437
800000.000000 0.018494 0.000264 : 0.000202 0.000031 0.055250
805000.000000 0.018614 0.000287 : 0.000523 0.000332 0.054987
810000.000000 0.018592 0.000279 : 0.000673 0.000386 0.054716
815000.000000 0.018365 0.000279 : 0.000587 0.000020 0.054487
820000.000000 0.018290 0.000299 : 0.000104 0.000100 0.054665
825000.000000 0.018056 0.000288 : -0.000224 -0.000202 0.054595
830000.000000 0.017959 0.000289 : -0.000021 -0.000385 0.054282
835000.000000 0.017866 0.000313 : -0.000350 -0.000287 0.054235
840000.000000 0.017812 0.000360 : -0.000438 -0.000093 0.053967
845000.000000 0.017745 0.000346 : -0.000468 -0.000158 0.053862
850000.000000 0.017728 0.000403 : -0.000538 -0.000154 0.053876
855000.000000 0.017584 0.000396 : -0.000552 -0.000238 0.053542
860000.000000 0.017697 0.000396 : -0.000299 -0.000260 0.053649
865000.000000 0.017637 0.000376 : -0.000448 -0.000226 0.053585
870000.000000 0.017665 0.000393 : -0.000337 -0.000055 0.053389
875000.000000 0.017610 0.000394 : -0.000295 -0.000118 0.053243
880000.000000 0.017584 0.000385 : -0.000241 -0.000257 0.053252
885000.000000 0.017511 0.000395 : -0.000094 -0.000215 0.052842
890000.000000 0.017634 0.000389 : 0.000160 -0.000216 0.052958
895000.000000 0.017480 0.000384 : -0.000243 -0.000179 0.052862
900000.000000 0.017459 0.000370 : 0.000106 -0.000453 0.052724
905000.000000 0.017538 0.000355 : 0.000104 -0.000130 0.052642
910000.000000 0.017379 0.000339 : 0.000002 -0.000182 0.052317
915000.000000 0.017375 0.000335 : 0.000162 -0.000327 0.052288
920000.000000 0.017353 0.000332 : 0.000248 -0.000068 0.051879
925000.000000 0.017276 0.000343 : -0.000105 0.000038 0.051894
930000.000000 0.017181 0.000309 : -0.000227 0.000165 0.051606
935000.000000 0.017053 0.000282 : -0.000574 0.000154 0.051578
940000.000000 0.017028 0.000282 : -0.000565 0.000321 0.051328
945000.000000 0.016815 0.000236 : -0.000927 0.000278 0.051094
950000.000000 0.016906 0.000215 : -0.000814 0.000373 0.051161
955000.000000 0.016844 0.000210 : -0.000556 0.000219 0.050869
960000.000000 0.016831 0.000216 : -0.000534 0.000369 0.050659
965000.000000 0.016888 0.000217 : -0.000481 0.000469 0.050676
970000.000000 0.016920 0.000228 : -0.000347 0.000391 0.050717
975000.000000 0.016900 0.000247 : -0.000230 0.000248 0.050682
980000.000000 0.016759 0.000233 : -0.000285 0.000231 0.050332
985000.000000 0.016730 0.000246 : -0.000268 0.000330 0.050127
990000.000000 0.016734 0.000241 : -0.000081 0.000169 0.050115
995000.000000 0.016702 0.000262 : -0.000302 0.000170 0.050237
1000000.000000 0.016530 0.000242 : -0.000401 -0.000006 0.049998
