0.000000 1.000000 1.000000 : 1.000000 1.000000 1.000000
5000.000000 0.166452 0.162033 : 0.138196 0.140233 0.220926
10000.000000 0.098645 0.090574 : 0.063701 0.064752 0.167482
15000.000000 0.068207 0.056286 : 0.030521 0.031103 0.142998
20000.000000 0.052474 0.036705 : 0.014507 0.014816 0.128098
25000.000000 0.044089 0.025149 : 0.006524 0.007670 0.118073
30000.000000 0.039143 0.018176 : 0.002875 0.004298 0.110258
35000.000000 0.036384 0.013913 : 0.001600 0.003008 0.104544
40000.000000 0.034262 0.010856 : 0.000879 0.002305 0.099603
45000.000000 0.032550 0.008686 : 0.000243 0.002003 0.095403
50000.000000 0.031044 0.007068 : 0.000236 0.000989 0.091908
55000.000000 0.029718 0.005873 : 0.000199 0.000200 0.088754
60000.000000 0.028803 0.004811 : -0.000239 0.000234 0.086413
65000.000000 0.028112 0.004154 : -0.000003 0.000234 0.084104
70000.000000 0.027370 0.003646 : 0.000092 0.000215 0.081802
75000.000000 0.026740 0.003223 : 0.000375 0.000123 0.079722
80000.000000 0.026194 0.002877 : 0.000543 -0.000040 0.078081
85000.000000 0.025303 0.002580 : 0.000115 -0.000420 0.076213
90000.000000 0.024612 0.002334 : -0.000267 -0.000516 0.074621
95000.000000 0.023969 0.002145 : -0.000541 -0.000989 0.073438
100000.000000 0.023602 0.002033 : -0.000577 -0.000677 0.072059
105000.000000 0.023569 0.001945 : -0.000173 -0.000355 0.071236
110000.000000 0.023077 0.001765 : -0.000208 -0.000335 0.069775
115000.000000 0.022910 0.001641 : 0.000067 -0.000273 0.068936
120000.000000 0.022449 0.001542 : 0.000056 -0.000352 0.067644
125000.000000 0.022295 0.001515 : 0.000534 -0.000531 0.066882
130000.000000 0.021727 0.001373 : -0.000065 -0.000691 0.065939
135000.000000 0.021561 0.001296 : 0.000120 -0.000563 0.065125
140000.000000 0.021097 0.001237 : -0.000246 -0.000569 0.064105
145000.000000 0.020934 0.001240 : -0.000194 -0.000319 0.063316
150000.000000 0.020605 0.001153 : -0.000457 -0.000496 0.062768
155000.000000 0.020507 0.001068 : -0.000376 -0.000227 0.062123
160000.000000 0.020250 0.001019 : -0.000355 -0.000256 0.061361
165000.000000 0.020145 0.000920 : -0.000157 -0.000440 0.061032
170000.000000 0.019969 0.000911 : -0.000081 -0.000340 0.060329
175000.000000 0.019868 0.000849 : -0.000282 0.000130 0.059755
180000.000000 0.019719 0.000812 : 0.000065 -0.000063 0.059155
185000.000000 0.019378 0.000739 : -0.000023 -0.000103 0.058259
190000.000000 0.019248 0.000694 : 0.000019 0.000213 0.057512
195000.000000 0.019048 0.000650 : 0.000012 -0.000073 0.057205
200000.000000 0.018924 0.000629 : 0.000052 0.000004 0.056715
205000.000000 0.018634 0.000625 : -0.000220 -0.000009 0.056131
210000.000000 0.018487 0.000583 : -0.000111 -0.000047 0.055620
215000.000000 0.018286 0.000589 : -0.000110 -0.000107 0.055074
220000.000000 0.018126 0.000566 : -0.000126 -0.000156 0.054661
225000.000000 0.017916 0.000559 : -0.000100 -0.000474 0.054321
230000.000000 0.017919 0.000541 : -0.000004 -0.000139 0.053899
235000.000000 0.017514 0.000557 : -0.000134 -0.000562 0.053239
240000.000000 0.017431 0.000533 : -0.000250 -0.000263 0.052807
245000.000000 0.017218 0.000535 : -0.000213 -0.000395 0.052261
250000.000000 0.017213 0.000484 : -0.000134 -0.000217 0.051988
255000.000000 0.017121 0.000448 : -0.000174 -0.000012 0.051550
260000.000000 0.016982 0.000462 : -0.000090 -0.000327 0.051364
265000.000000 0.016978 0.000480 : -0.000047 -0.000113 0.051096
270000.000000 0.016912 0.000465 : -0.000024 -0.000110 0.050870
275000.000000 0.016818 0.000462 : 0.000051 -0.000029 0.050431
280000.000000 0.016538 0.000431 : -0.000008 -0.000242 0.049863
285000.000000 0.016495 0.000451 : 0.000129 -0.000211 0.049568
290000.000000 0.016367 0.000407 : -0.000120 -0.000098 0.049319
295000.000000 0.016131 0.000355 : -0.000168 -0.000372 0.048934
300000.000000 0.016188 0.000402 : -0.000158 -0.000045 0.048766
305000.000000 0.016284 0.000411 : 0.000166 0.000185 0.048501
310000.000000 0.016154 0.000410 : 0.000226 0.000093 0.048144
315000.000000 0.016058 0.000410 : 0.000139 0.000199 0.047835
320000.000000 0.016012 0.000383 : 0.000236 0.000191 0.047609
325000.000000 0.015869 0.000382 : 0.000213 0.000161 0.047234
330000.000000 0.015899 0.000393 : 0.000501 0.000167 0.047030
335000.000000 0.015638 0.000359 : 0.000174 0.000066 0.046674
340000.000000 0.015462 0.000335 : -0.000250 0.000153 0.046484
345000.000000 0.015384 0.000288 : -0.000124 0.000072 0.046203
350000.000000 0.015215 0.000273 : -0.000020 -0.000287 0.045951
355000.000000 0.015270 0.000272 : 0.000147 0.000105 0.045559
360000.000000 0.015077 0.000257 : -0.000207 0.000124 0.045312
365000.000000 0.015021 0.000259 : -0.000044 0.000026 0.045081
370000.000000 0.014952 0.000229 : -0.000035 -0.000003 0.044895
375000.000000 0.015069 0.000208 : 0.000130 0.000239 0.044837
380000.000000 0.014912 0.000214 : 0.000018 0.000138 0.044579
385000.000000 0.014749 0.000187 : 0.000060 -0.000174 0.044361
390000.000000 0.014767 0.000183 : 0.000233 -0.000088 0.044156
395000.000000 0.014623 0.000170 : 0.000164 -0.000122 0.043827
400000.000000 0.014656 0.000168 : 0.000051 0.000032 0.043885
405000.000000 0.014409 0.000151 : 0.000176 -0.000292 0.043342
410000.000000 0.014336 0.000147 : -0.000011 -0.000084 0.043104
415000.000000 0.014324 0.000171 : 0.000127 -0.000125 0.042969
420000.000000 0.014108 0.000167 : -0.000184 -0.000244 0.042752
425000.000000 0.014076 0.000161 : 0.000013 -0.000306 0.042521
430000.000000 0.014071 0.000186 : 0.000063 -0.000156 0.042307
435000.000000 0.014101 0.000166 : 0.000003 0.000062 0.042238
440000.000000 0.014110 0.000214 : 0.000232 -0.000002 0.042099
445000.000000 0.014009 0.000194 : 0.000227 -0.000045 0.041846
450000.000000 0.013954 0.000187 : -0.000162 0.000167 0.041856
455000.000000 0.013783 0.000181 : -0.000201 -0.000151 0.041701
460000.000000 0.013733 0.000153 : 0.000084 -0.000213 0.041329
465000.000000 0.013775 0.000178 : 0.000132 0.000024 0.041168
470000.000000 0.013700 0.000178 : 0.000188 -0.000046 0.040957
475000.000000 0.013519 0.000166 : -0.000238 -0.000002 0.040796
480000.000000 0.013629 0.000147 : -0.000044 0.000120 0.040811
485000.000000 0.013565 0.000141 : 0.000036 0.000258 0.040400
490000.000000 0.013458 0.000151 : -0.000141 0.000038 0.040477
495000.000000 0.013435 0.000148 : 0.000015 -0.000098 0.040389
500000.000000 0.013412 0.000149 : -0.000212 0.000143 0.040304
505000.000000 0.013359 0.000140 : -0.000044 0.000072 0.040049
510000.000000 0.013329 0.000151 : 0.000052 0.000042 0.039894
515000.000000 0.013286 0.000147 : 0.000155 0.000111 0.039591
520000.000000 0.013133 0.000140 : 0.000033 -0.000056 0.039421
525000.000000 0.013038 0.000135 : -0.000262 0.000127 0.039250
530000.000000 0.012964 0.000128 : -0.000229 -0.000022 0.039144
535000.000000 0.012796 0.000116 : -0.000214 -0.000272 0.038874
540000.000000 0.012851 0.000126 : -0.000238 0.000102 0.038691
545000.000000 0.012847 0.000131 : -0.000119 0.000103 0.038558
550000.000000 0.012708 0.000143 : -0.000340 0.000117 0.038346
555000.000000 0.012809 0.000131 : 0.000024 0.000030 0.038372
560000.000000 0.012741 0.000120 : 0.000026 0.000013 0.038185
565000.000000 0.012864 0.000132 : 0.000088 0.000156 0.038347
570000.000000 0.012692 0.000108 : 0.000200 -0.000168 0.038045
575000.000000 0.012465 0.000107 : -0.000011 -0.000291 0.037697
580000.000000 0.012472 0.000120 : -0.000296 -0.000038 0.037750
585000.000000 0.012445 0.000104 : 0.000006 -0.000197 0.037526
590000.000000 0.012312 0.000099 : -0.000099 -0.000194 0.037229
595000.000000 0.012519 0.000133 : 0.000244 -0.000014 0.037325
600000.000000 0.012419 0.000150 : 0.000439 -0.000039 0.036857
605000.000000 0.012511 0.000134 : 0.000292 0.000287 0.036954
610000.000000 0.012255 0.000126 : 0.000096 -0.000249 0.036916
615000.000000 0.012140 0.000130 : 0.000259 -0.000315 0.036475
620000.000000 0.012135 0.000120 : 0.000155 0.000070 0.036181
625000.000000 0.012081 0.000137 : -0.000009 -0.000083 0.036335
630000.000000 0.012008 0.000141 : -0.000052 0.000032 0.036044
635000.000000 0.012025 0.000132 : 0.000001 0.000102 0.035972
640000.000000 0.011832 0.000118 : -0.000306 -0.000021 0.035824
645000.000000 0.011838 0.000103 : -0.000267 0.000189 0.035593
650000.000000 0.011810 0.000102 : -0.000295 -0.000042 0.035767
655000.000000 0.011873 0.000097 : -0.000129 0.000104 0.035644
660000.000000 0.011872 0.000095 : -0.000138 0.000180 0.035573
665000.000000 0.011872 0.000108 : -0.000097 0.000138 0.035574
670000.000000 0.011878 0.000101 : 0.000062 0.000119 0.035454
675000.000000 0.011777 0.000097 : 0.000042 -0.000002 0.035291
680000.000000 0.011815 0.000090 : -0.000063 0.000263 0.035245
685000.000000 0.011685 0.000098 : -0.000011 0.000101 0.034966
690000.000000 0.011681 0.000096 : -0.000161 0.000154 0.035050
695000.000000 0.011432 0.000094 : -0.000188 -0.000251 0.034736
700000.000000 0.011379 0.000078 : -0.000252 -0.000251 0.034639
705000.000000 0.011372 0.000075 : -0.000013 -0.000293 0.034422
710000.000000 0.011552 0.000075 : 0.000163 0.000041 0.034453
715000.000000 0.011304 0.000077 : -0.000069 -0.000109 0.034091
720000.000000 0.011370 0.000070 : -0.000033 0.000031 0.034114
725000.000000 0.011447 0.000094 : 0.000163 0.000021 0.034156
730000.000000 0.011252 0.000087 : -0.000189 0.000025 0.033921
735000.000000 0.011239 0.000079 : -0.000269 0.000117 0.033867
740000.000000 0.011383 0.000094 : 0.000040 -0.000029 0.034140
745000.000000 0.011276 0.000107 : -0.000071 0.000017 0.033881
750000.000000 0.011214 0.000097 : -0.000143 0.000073 0.033710
755000.000000 0.011148 0.000076 : -0.000284 0.000022 0.033706
760000.000000 0.011330 0.000082 : 0.000151 -0.000023 0.033862
765000.000000 0.011102 0.000079 : -0.000034 -0.000198 0.033538
770000.000000 0.011196 0.000092 : -0.000077 0.000155 0.033509
775000.000000 0.010996 0.000086 : -0.000341 0.000102 0.033226
780000.000000 0.011027 0.000077 : 0.000012 0.000062 0.033007
785000.000000 0.011089 0.000058 : -0.000028 0.000262 0.033033
790000.000000 0.011048 0.000082 : 0.000233 -0.000157 0.033069
795000.000000 0.011130 0.000093 : 0.000192 0.000240 0.032958
800000.000000 0.011025 0.000078 : 0.000219 0.000006 0.032849
805000.000000 0.011049 0.000086 : 0.000030 0.000206 0.032911
810000.000000 0.011011 0.000086 : -0.000013 0.000278 0.032770
815000.000000 0.010978 0.000073 : -0.000051 0.000186 0.032798
820000.000000 0.011089 0.000076 : -0.000041 0.000439 0.032869
825000.000000 0.011067 0.000063 : 0.000221 0.000251 0.032728
830000.000000 0.010890 0.000067 : 0.000002 -0.000063 0.032731
835000.000000 0.010871 0.000076 : -0.000077 0.000270 0.032420
840000.000000 0.010721 0.000088 : -0.000359 0.000114 0.032410
845000.000000 0.010789 0.000084 : -0.000187 0.000302 0.032252
850000.000000 0.010738 0.000091 : -0.000167 0.000251 0.032129
855000.000000 0.010789 0.000092 : -0.000072 0.000429 0.032010
860000.000000 0.010766 0.000096 : 0.000162 0.000232 0.031904
865000.000000 0.010704 0.000088 : 0.000368 -0.000140 0.031883
870000.000000 0.010487 0.000076 : -0.000177 -0.000054 0.031692
875000.000000 0.010509 0.000088 : -0.000056 -0.000012 0.031594
880000.000000 0.010468 0.000073 : -0.000109 -0.000187 0.031700
885000.000000 0.010492 0.000082 : -0.000240 0.000228 0.031488
890000.000000 0.010421 0.000080 : -0.000209 -0.000088 0.031560
895000.000000 0.010470 0.000081 : -0.000125 0.000152 0.031383
900000.000000 0.010404 0.000082 : -0.000181 0.000278 0.031114
905000.000000 0.010397 0.000068 : -0.000001 -0.000005 0.031195
910000.000000 0.010410 0.000069 : 0.000040 0.000082 0.031108
915000.000000 0.010455 0.000081 : -0.000016 0.000310 0.031069
920000.000000 0.010511 0.000088 : -0.000060 0.000414 0.031179
925000.000000 0.010440 0.000077 : 0.000198 0.000138 0.030985
930000.000000 0.010253 0.000072 : -0.000273 -0.000135 0.031167
935000.000000 0.010181 0.000065 : -0.000278 -0.000168 0.030990
940000.000000 0.010137 0.000066 : -0.000251 -0.000219 0.030882
945000.000000 0.010145 0.000071 : 0.000036 -0.000406 0.030805
950000.000000 0.010110 0.000064 : -0.000056 -0.000214 0.030599
955000.000000 0.010235 0.000063 : -0.000086 -0.000028 0.030818
960000.000000 0.010192 0.000065 : 0.000101 -0.000059 0.030534
965000.000000 0.010188 0.000067 : 0.000150 -0.000105 0.030520
970000.000000 0.010173 0.000067 : 0.000088 -0.000028 0.030459
975000.000000 0.010117 0.000069 : -0.000238 0.000174 0.030415
980000.000000 0.010118 0.000057 : -0.000203 -0.000004 0.030561
985000.000000 0.010099 0.000055 : -0.000140 -0.000001 0.030439
990000.000000 0.010069 0.000062 : 0.000041 -0.000005 0.030172
995000.000000 0.010021 0.000057 : -0.000100 -0.000055 0.030217
1000000.000000 0.010064 0.000060 : -0.000032 -0.000105 0.030329
