0.000000 1.000000 1.000000 : 1.000000 1.000000 1.000000
5000.000000 0.978574 0.978571 : 0.977510 0.977525 0.980687
10000.000000 0.967418 0.967408 : 0.965026 0.964953 0.972276
15000.000000 0.957893 0.957872 : 0.954049 0.953810 0.965819
20000.000000 0.948945 0.948908 : 0.943470 0.943040 0.960324
25000.000000 0.940290 0.940230 : 0.933050 0.932341 0.955478
30000.000000 0.931801 0.931713 : 0.922685 0.921639 0.951079
35000.000000 0.923421 0.923295 : 0.912261 0.910989 0.947013
40000.000000 0.915185 0.915019 : 0.901897 0.900392 0.943268
45000.000000 0.907022 0.906808 : 0.891483 0.889836 0.939747
50000.000000 0.898960 0.898693 : 0.881101 0.879320 0.936459
55000.000000 0.891032 0.890702 : 0.870758 0.868969 0.933369
60000.000000 0.883194 0.882787 : 0.860420 0.858749 0.930411
65000.000000 0.875459 0.874968 : 0.850072 0.848723 0.927582
70000.000000 0.867839 0.867256 : 0.839721 0.838892 0.924904
75000.000000 0.860313 0.859631 : 0.829396 0.829240 0.922304
80000.000000 0.852922 0.852137 : 0.819150 0.819825 0.919791
85000.000000 0.845675 0.844776 : 0.808996 0.810674 0.917356
90000.000000 0.838573 0.837549 : 0.798887 0.801783 0.915050
95000.000000 0.831589 0.830429 : 0.788853 0.793130 0.912784
100000.000000 0.824734 0.823428 : 0.778856 0.784761 0.910587
105000.000000 0.817999 0.816532 : 0.768898 0.776645 0.908454
110000.000000 0.811434 0.809797 : 0.759070 0.768814 0.906418
115000.000000 0.805001 0.803186 : 0.749364 0.761212 0.904429
120000.000000 0.798694 0.796692 : 0.739803 0.753802 0.902476
125000.000000 0.792505 0.790300 : 0.730341 0.746574 0.900600
130000.000000 0.786420 0.784004 : 0.720992 0.739528 0.898739
135000.000000 0.780412 0.777773 : 0.711707 0.732582 0.896948
140000.000000 0.774511 0.771639 : 0.702552 0.725790 0.895191
145000.000000 0.768678 0.765563 : 0.693476 0.719131 0.893428
150000.000000 0.762955 0.759586 : 0.684537 0.712617 0.891710
155000.000000 0.757344 0.753714 : 0.675728 0.706234 0.890071
160000.000000 0.751815 0.747917 : 0.667043 0.699955 0.888447
165000.000000 0.746376 0.742202 : 0.658516 0.693765 0.886848
170000.000000 0.741048 0.736595 : 0.650179 0.687669 0.885297
175000.000000 0.735806 0.731072 : 0.641934 0.681695 0.883789
180000.000000 0.730649 0.725632 : 0.633851 0.675807 0.882290
185000.000000 0.725565 0.720262 : 0.625884 0.670002 0.880810
190000.000000 0.720572 0.714972 : 0.618062 0.664280 0.879373
195000.000000 0.715647 0.709762 : 0.610376 0.658611 0.877954
200000.000000 0.710796 0.704624 : 0.602808 0.653013 0.876567
205000.000000 0.706002 0.699545 : 0.595319 0.647509 0.875179
210000.000000 0.701249 0.694507 : 0.587865 0.642096 0.873784
215000.000000 0.696560 0.689538 : 0.580481 0.636794 0.872406
220000.000000 0.691932 0.684626 : 0.573199 0.631567 0.871030
225000.000000 0.687381 0.679784 : 0.565996 0.626455 0.869693
230000.000000 0.682903 0.675021 : 0.558879 0.621441 0.868389
235000.000000 0.678466 0.670300 : 0.551813 0.616479 0.867107
240000.000000 0.674089 0.665627 : 0.544826 0.611567 0.865875
245000.000000 0.669763 0.661008 : 0.537907 0.606752 0.864629
250000.000000 0.665471 0.656425 : 0.531047 0.601985 0.863380
255000.000000 0.661225 0.651883 : 0.524238 0.597314 0.862122
260000.000000 0.657043 0.647396 : 0.517537 0.592683 0.860909
265000.000000 0.652894 0.642938 : 0.510925 0.588035 0.859722
270000.000000 0.648777 0.638512 : 0.504396 0.583387 0.858549
275000.000000 0.644689 0.634110 : 0.497951 0.578747 0.857369
280000.000000 0.640638 0.629729 : 0.491571 0.574151 0.856192
285000.000000 0.636595 0.625345 : 0.485202 0.569548 0.855037
290000.000000 0.632570 0.620968 : 0.478913 0.564945 0.853853
295000.000000 0.628594 0.616633 : 0.472710 0.560368 0.852704
300000.000000 0.624646 0.612319 : 0.466548 0.555764 0.851625
305000.000000 0.620728 0.608033 : 0.460457 0.551218 0.850509
310000.000000 0.616843 0.603768 : 0.454408 0.546710 0.849411
315000.000000 0.612983 0.599513 : 0.448416 0.542197 0.848335
320000.000000 0.609136 0.595272 : 0.442469 0.537689 0.847249
325000.000000 0.605305 0.591040 : 0.436548 0.533183 0.846183
330000.000000 0.601511 0.586842 : 0.430699 0.528706 0.845128
335000.000000 0.597757 0.582665 : 0.424901 0.524262 0.844109
340000.000000 0.594012 0.578487 : 0.419164 0.519813 0.843060
345000.000000 0.590326 0.574354 : 0.413503 0.515413 0.842061
350000.000000 0.586677 0.570255 : 0.407934 0.511045 0.841051
355000.000000 0.583055 0.566182 : 0.402429 0.506676 0.840060
360000.000000 0.579463 0.562125 : 0.396961 0.502311 0.839117
365000.000000 0.575927 0.558115 : 0.391578 0.498055 0.838149
370000.000000 0.572446 0.554156 : 0.386249 0.493880 0.837209
375000.000000 0.569014 0.550244 : 0.380972 0.489761 0.836308
380000.000000 0.565630 0.546373 : 0.375791 0.485713 0.835387
385000.000000 0.562287 0.542534 : 0.370671 0.481746 0.834444
390000.000000 0.559037 0.538766 : 0.365706 0.477881 0.833523
395000.000000 0.555829 0.535038 : 0.360829 0.474055 0.832603
400000.000000 0.552691 0.531381 : 0.356044 0.470326 0.831704
405000.000000 0.549617 0.527775 : 0.351369 0.466650 0.830832
410000.000000 0.546612 0.524233 : 0.346827 0.463071 0.829939
415000.000000 0.543668 0.520740 : 0.342395 0.459546 0.829062
420000.000000 0.540784 0.517304 : 0.338076 0.456058 0.828220
425000.000000 0.537961 0.513916 : 0.333905 0.452610 0.827370
430000.000000 0.535169 0.510557 : 0.329820 0.449156 0.826530
435000.000000 0.532424 0.507246 : 0.325791 0.445774 0.825708
440000.000000 0.529711 0.503958 : 0.321830 0.442405 0.824899
445000.000000 0.527035 0.500699 : 0.317965 0.439065 0.824074
450000.000000 0.524388 0.497471 : 0.314204 0.435720 0.823240
455000.000000 0.521814 0.494299 : 0.310534 0.432477 0.822429
460000.000000 0.519251 0.491144 : 0.306891 0.429243 0.821619
465000.000000 0.516725 0.488021 : 0.303291 0.426032 0.820852
470000.000000 0.514250 0.484943 : 0.299778 0.422898 0.820074
475000.000000 0.511807 0.481905 : 0.296284 0.419845 0.819292
480000.000000 0.509399 0.478901 : 0.292840 0.416846 0.818510
485000.000000 0.507039 0.475935 : 0.289448 0.413894 0.817774
490000.000000 0.504722 0.473005 : 0.286108 0.411032 0.817025
495000.000000 0.502409 0.470094 : 0.282777 0.408167 0.816283
500000.000000 0.500136 0.467224 : 0.279530 0.405345 0.815533
505000.000000 0.497894 0.464386 : 0.276318 0.402551 0.814813
510000.000000 0.495680 0.461587 : 0.273175 0.399778 0.814089
515000.000000 0.493499 0.458814 : 0.270084 0.397033 0.813381
520000.000000 0.491340 0.456064 : 0.267015 0.394320 0.812686
525000.000000 0.489204 0.453352 : 0.264015 0.391625 0.811971
530000.000000 0.487097 0.450677 : 0.261043 0.388997 0.811250
535000.000000 0.485032 0.448050 : 0.258161 0.386392 0.810543
540000.000000 0.482975 0.445436 : 0.255308 0.383791 0.809828
545000.000000 0.480959 0.442867 : 0.252519 0.381233 0.809126
550000.000000 0.478957 0.440307 : 0.249776 0.378664 0.808430
555000.000000 0.476984 0.437769 : 0.247085 0.376122 0.807744
560000.000000 0.475008 0.435237 : 0.244400 0.373586 0.807038
565000.000000 0.473048 0.432713 : 0.241728 0.371046 0.806372
570000.000000 0.471067 0.430183 : 0.239057 0.368460 0.805684
575000.000000 0.469098 0.427658 : 0.236406 0.365879 0.805007
580000.000000 0.467144 0.425140 : 0.233831 0.363243 0.804358
585000.000000 0.465176 0.422623 : 0.231249 0.360586 0.803692
590000.000000 0.463224 0.420107 : 0.228716 0.357903 0.803052
595000.000000 0.461252 0.417566 : 0.226163 0.355179 0.802414
600000.000000 0.459305 0.415038 : 0.223641 0.352473 0.801800
605000.000000 0.457343 0.412510 : 0.221176 0.349691 0.801161
610000.000000 0.455377 0.409971 : 0.218715 0.346876 0.800539
615000.000000 0.453420 0.407435 : 0.216306 0.344036 0.799920
620000.000000 0.451442 0.404883 : 0.213925 0.341139 0.799263
625000.000000 0.449479 0.402338 : 0.211543 0.338229 0.798664
630000.000000 0.447527 0.399794 : 0.209199 0.335323 0.798058
635000.000000 0.445562 0.397222 : 0.206846 0.332391 0.797450
640000.000000 0.443611 0.394660 : 0.204508 0.329438 0.796888
645000.000000 0.441652 0.392107 : 0.202156 0.326480 0.796320
650000.000000 0.439697 0.389560 : 0.199800 0.323527 0.795763
655000.000000 0.437733 0.387012 : 0.197420 0.320589 0.795191
660000.000000 0.435803 0.384479 : 0.195064 0.317695 0.794649
665000.000000 0.433880 0.381951 : 0.192684 0.314839 0.794117
670000.000000 0.431935 0.379421 : 0.190257 0.312008 0.793540
675000.000000 0.430010 0.376915 : 0.187815 0.309224 0.792990
680000.000000 0.428089 0.374427 : 0.185343 0.306484 0.792442
685000.000000 0.426171 0.371949 : 0.182851 0.303795 0.791867
690000.000000 0.424253 0.369485 : 0.180339 0.301135 0.791286
695000.000000 0.422357 0.367052 : 0.177857 0.298530 0.790682
700000.000000 0.420495 0.364651 : 0.175398 0.295966 0.790121
705000.000000 0.418640 0.362258 : 0.172949 0.293394 0.789576
710000.000000 0.416815 0.359908 : 0.170511 0.290902 0.789033
715000.000000 0.414991 0.357570 : 0.168072 0.288413 0.788489
720000.000000 0.413205 0.355266 : 0.165656 0.286012 0.787946
725000.000000 0.411446 0.352991 : 0.163281 0.283673 0.787383
730000.000000 0.409701 0.350732 : 0.160887 0.281377 0.786838
735000.000000 0.408012 0.348515 : 0.158606 0.279150 0.786281
740000.000000 0.406342 0.346310 : 0.156325 0.276981 0.785719
745000.000000 0.404694 0.344124 : 0.154072 0.274850 0.785160
750000.000000 0.403089 0.341961 : 0.151892 0.272726 0.784647
755000.000000 0.401510 0.339822 : 0.149760 0.270640 0.784131
760000.000000 0.399952 0.337708 : 0.147693 0.268570 0.783594
765000.000000 0.398447 0.335615 : 0.145728 0.266554 0.783060
770000.000000 0.396989 0.333544 : 0.143858 0.264584 0.782526
775000.000000 0.395565 0.331500 : 0.142003 0.262655 0.782037
780000.000000 0.394153 0.329458 : 0.140186 0.260753 0.781519
785000.000000 0.392762 0.327427 : 0.138404 0.258884 0.780997
790000.000000 0.391423 0.325426 : 0.136659 0.257102 0.780507
795000.000000 0.390108 0.323435 : 0.134958 0.255358 0.780008
800000.000000 0.388810 0.321461 : 0.133289 0.253648 0.779492
805000.000000 0.387568 0.319523 : 0.131705 0.251992 0.779006
810000.000000 0.386358 0.317600 : 0.130164 0.250400 0.778512
815000.000000 0.385178 0.315700 : 0.128654 0.248833 0.778046
820000.000000 0.384006 0.313810 : 0.127143 0.247328 0.777546
825000.000000 0.382850 0.311953 : 0.125683 0.245830 0.777036
830000.000000 0.381727 0.310122 : 0.124276 0.244336 0.776569
835000.000000 0.380632 0.308310 : 0.122949 0.242865 0.776083
840000.000000 0.379546 0.306510 : 0.121629 0.241390 0.775617
845000.000000 0.378463 0.304713 : 0.120332 0.239886 0.775171
850000.000000 0.377387 0.302925 : 0.119066 0.238370 0.774726
855000.000000 0.376316 0.301143 : 0.117833 0.236864 0.774252
860000.000000 0.375227 0.299359 : 0.116613 0.235316 0.773750
865000.000000 0.374142 0.297582 : 0.115432 0.233697 0.773297
870000.000000 0.373053 0.295810 : 0.114256 0.232046 0.772856
875000.000000 0.371959 0.294031 : 0.113102 0.230393 0.772382
880000.000000 0.370852 0.292256 : 0.111989 0.228691 0.771877
885000.000000 0.369740 0.290479 : 0.110893 0.226957 0.771370
890000.000000 0.368653 0.288738 : 0.109823 0.225248 0.770889
895000.000000 0.367566 0.287004 : 0.108781 0.223497 0.770420
900000.000000 0.366489 0.285289 : 0.107764 0.221766 0.769938
905000.000000 0.365428 0.283591 : 0.106770 0.220016 0.769496
910000.000000 0.364367 0.281901 : 0.105796 0.218252 0.769054
915000.000000 0.363319 0.280221 : 0.104849 0.216493 0.768614
920000.000000 0.362267 0.278547 : 0.103904 0.214760 0.768137
925000.000000 0.361233 0.276895 : 0.102992 0.213026 0.767679
930000.000000 0.360234 0.275270 : 0.102109 0.211323 0.767270
935000.000000 0.359258 0.273662 : 0.101235 0.209680 0.766859
940000.000000 0.358290 0.272075 : 0.100382 0.208069 0.766420
945000.000000 0.357350 0.270512 : 0.099562 0.206477 0.766011
950000.000000 0.356424 0.268964 : 0.098765 0.204896 0.765611
955000.000000 0.355509 0.267439 : 0.097979 0.203359 0.765189
960000.000000 0.354604 0.265931 : 0.097225 0.201804 0.764784
965000.000000 0.353724 0.264457 : 0.096492 0.200297 0.764382
970000.000000 0.352867 0.263000 : 0.095790 0.198828 0.763982
975000.000000 0.352008 0.261559 : 0.095073 0.197395 0.763556
980000.000000 0.351190 0.260158 : 0.094411 0.196020 0.763139
985000.000000 0.350394 0.258780 : 0.093749 0.194687 0.762745
990000.000000 0.349610 0.257424 : 0.093127 0.193348 0.762353
995000.000000 0.348843 0.256089 : 0.092543 0.192042 0.761944
1000000.000000 0.348097 0.254780 : 0.092001 0.190745 0.761546
