0.000000 1.000000 1.000000 : 1.000000 1.000000 1.000000
5000.000000 0.918932 0.918896 : 0.915091 0.915195 0.926512
10000.000000 0.880116 0.880002 : 0.871874 0.871758 0.896715
15000.000000 0.848204 0.847982 : 0.835295 0.834748 0.874568
20000.000000 0.819163 0.818784 : 0.801168 0.800142 0.856180
25000.000000 0.791855 0.791256 : 0.768512 0.766759 0.840294
30000.000000 0.765850 0.764982 : 0.736976 0.734411 0.826164
35000.000000 0.740926 0.739691 : 0.706232 0.703228 0.813320
40000.000000 0.717113 0.715484 : 0.676520 0.673159 0.801661
45000.000000 0.694209 0.692125 : 0.647620 0.644162 0.790846
50000.000000 0.672264 0.669663 : 0.619668 0.616235 0.780890
55000.000000 0.651339 0.648135 : 0.592674 0.589654 0.771691
60000.000000 0.631302 0.627386 : 0.566551 0.564350 0.763005
65000.000000 0.612119 0.607449 : 0.541261 0.540288 0.754808
70000.000000 0.593818 0.588332 : 0.516848 0.517481 0.747126
75000.000000 0.576270 0.569931 : 0.493256 0.495769 0.739785
80000.000000 0.559510 0.552294 : 0.470504 0.475280 0.732747
85000.000000 0.543676 0.535480 : 0.448795 0.456166 0.726065
90000.000000 0.528611 0.519410 : 0.427834 0.438243 0.719756
95000.000000 0.514263 0.503993 : 0.407717 0.421477 0.713594
100000.000000 0.500607 0.489228 : 0.388356 0.405789 0.707674
105000.000000 0.487592 0.475046 : 0.369666 0.391146 0.701963
110000.000000 0.475281 0.461500 : 0.351823 0.377485 0.696534
115000.000000 0.463567 0.448524 : 0.334766 0.364714 0.691220
120000.000000 0.452422 0.436097 : 0.318515 0.352639 0.686111
125000.000000 0.441803 0.424126 : 0.302942 0.341212 0.681256
130000.000000 0.431600 0.412587 : 0.287986 0.330330 0.676484
135000.000000 0.421909 0.401477 : 0.273798 0.319985 0.671945
140000.000000 0.412644 0.390789 : 0.260302 0.310142 0.667488
145000.000000 0.403728 0.380407 : 0.247430 0.300703 0.663049
150000.000000 0.395261 0.370450 : 0.235221 0.291811 0.658751
155000.000000 0.387219 0.360884 : 0.223688 0.283285 0.654683
160000.000000 0.379505 0.351652 : 0.212791 0.275043 0.650680
165000.000000 0.372177 0.342786 : 0.202564 0.267215 0.646754
170000.000000 0.365223 0.334292 : 0.192911 0.259791 0.642967
175000.000000 0.358546 0.326128 : 0.183651 0.252645 0.639342
180000.000000 0.352165 0.318298 : 0.174993 0.245779 0.635723
185000.000000 0.346045 0.310751 : 0.166767 0.239202 0.632167
190000.000000 0.340267 0.303559 : 0.159086 0.232959 0.628755
195000.000000 0.334674 0.296659 : 0.151811 0.226797 0.625413
200000.000000 0.329291 0.289999 : 0.144935 0.220830 0.622108
205000.000000 0.324161 0.283612 : 0.138367 0.215238 0.618878
210000.000000 0.319162 0.277411 : 0.132039 0.209778 0.615669
215000.000000 0.314348 0.271416 : 0.126024 0.204585 0.612434
220000.000000 0.309696 0.265634 : 0.120329 0.199545 0.609214
225000.000000 0.305251 0.260035 : 0.114900 0.194758 0.606095
230000.000000 0.300970 0.254665 : 0.109617 0.190143 0.603150
235000.000000 0.296826 0.249460 : 0.104545 0.185754 0.600180
240000.000000 0.292855 0.244388 : 0.099672 0.181515 0.597379
245000.000000 0.288959 0.239466 : 0.094928 0.177368 0.594582
250000.000000 0.285161 0.234685 : 0.090369 0.173320 0.591795
255000.000000 0.281474 0.230010 : 0.086020 0.169366 0.589036
260000.000000 0.277952 0.225498 : 0.081866 0.165666 0.586325
265000.000000 0.274481 0.221054 : 0.077822 0.161897 0.583723
270000.000000 0.271034 0.216682 : 0.073847 0.158098 0.581157
275000.000000 0.267636 0.212372 : 0.070082 0.154234 0.578593
280000.000000 0.264372 0.208167 : 0.066620 0.150544 0.575951
285000.000000 0.261158 0.203986 : 0.063244 0.146796 0.573434
290000.000000 0.257980 0.199866 : 0.060004 0.143084 0.570851
295000.000000 0.254858 0.195832 : 0.056824 0.139409 0.568341
300000.000000 0.251793 0.191827 : 0.053659 0.135674 0.566045
305000.000000 0.248761 0.187919 : 0.050618 0.132034 0.563631
310000.000000 0.245753 0.184068 : 0.047607 0.128394 0.561258
315000.000000 0.242758 0.180232 : 0.044631 0.124729 0.558914
320000.000000 0.239828 0.176445 : 0.041738 0.121193 0.556553
325000.000000 0.236892 0.172658 : 0.038849 0.117550 0.554277
330000.000000 0.233960 0.168914 : 0.035976 0.113902 0.552001
335000.000000 0.231176 0.165258 : 0.033292 0.110405 0.549832
340000.000000 0.228392 0.161624 : 0.030598 0.106974 0.547604
345000.000000 0.225788 0.158100 : 0.028185 0.103688 0.545491
350000.000000 0.223183 0.154603 : 0.025806 0.100382 0.543363
355000.000000 0.220656 0.151151 : 0.023552 0.097089 0.541326
360000.000000 0.218247 0.147734 : 0.021385 0.093929 0.539427
365000.000000 0.215989 0.144444 : 0.019364 0.091136 0.537466
370000.000000 0.213829 0.141238 : 0.017446 0.088461 0.535580
375000.000000 0.211832 0.138139 : 0.015675 0.086004 0.533818
380000.000000 0.209932 0.135130 : 0.014068 0.083756 0.531973
385000.000000 0.208085 0.132161 : 0.012498 0.081658 0.530098
390000.000000 0.206352 0.129316 : 0.011118 0.079695 0.528242
395000.000000 0.204700 0.126552 : 0.009858 0.077772 0.526472
400000.000000 0.203160 0.123919 : 0.008770 0.076023 0.524686
405000.000000 0.201702 0.121334 : 0.007847 0.074277 0.522982
410000.000000 0.200338 0.118882 : 0.007042 0.072772 0.521200
415000.000000 0.199060 0.116519 : 0.006369 0.071410 0.519402
420000.000000 0.197869 0.114252 : 0.005832 0.070007 0.517769
425000.000000 0.196673 0.112059 : 0.005543 0.068463 0.516013
430000.000000 0.195555 0.109953 : 0.005272 0.067060 0.514334
435000.000000 0.194459 0.107946 : 0.005023 0.065661 0.512691
440000.000000 0.193425 0.106001 : 0.004920 0.064259 0.511094
445000.000000 0.192426 0.104144 : 0.004907 0.062847 0.509523
450000.000000 0.191408 0.102338 : 0.004965 0.061432 0.507828
455000.000000 0.190447 0.100606 : 0.004997 0.060147 0.506195
460000.000000 0.189498 0.098927 : 0.005113 0.058795 0.504586
465000.000000 0.188558 0.097257 : 0.005155 0.057475 0.503043
470000.000000 0.187675 0.095671 : 0.005377 0.056163 0.501486
475000.000000 0.186710 0.094109 : 0.005372 0.054791 0.499968
480000.000000 0.185763 0.092600 : 0.005457 0.053362 0.498469
485000.000000 0.184871 0.091159 : 0.005525 0.051994 0.497093
490000.000000 0.183901 0.089692 : 0.005416 0.050631 0.495656
495000.000000 0.182902 0.088283 : 0.005281 0.049208 0.494217
500000.000000 0.181910 0.086933 : 0.005069 0.047892 0.492767
505000.000000 0.180902 0.085598 : 0.004916 0.046456 0.491334
510000.000000 0.179946 0.084347 : 0.004719 0.045206 0.489913
515000.000000 0.178995 0.083102 : 0.004509 0.043948 0.488528
520000.000000 0.178093 0.081855 : 0.004256 0.042801 0.487222
525000.000000 0.177161 0.080645 : 0.003969 0.041653 0.485862
530000.000000 0.176233 0.079448 : 0.003637 0.040517 0.484544
535000.000000 0.175334 0.078334 : 0.003234 0.039544 0.483223
540000.000000 0.174451 0.077252 : 0.002890 0.038575 0.481888
545000.000000 0.173554 0.076189 : 0.002354 0.037698 0.480609
550000.000000 0.172693 0.075157 : 0.001856 0.036900 0.479322
555000.000000 0.171895 0.074107 : 0.001268 0.036345 0.478071
560000.000000 0.171055 0.073072 : 0.000539 0.035790 0.476835
565000.000000 0.170232 0.072029 : -0.000164 0.035259 0.475602
570000.000000 0.169397 0.071004 : -0.001003 0.034807 0.474386
575000.000000 0.168610 0.069993 : -0.001860 0.034552 0.473136
580000.000000 0.167820 0.068978 : -0.002661 0.034185 0.471937
585000.000000 0.167001 0.067944 : -0.003651 0.033997 0.470657
590000.000000 0.166280 0.066944 : -0.004644 0.033940 0.469545
595000.000000 0.165488 0.065945 : -0.005780 0.033924 0.468321
600000.000000 0.164785 0.064974 : -0.006834 0.033977 0.467211
605000.000000 0.164038 0.064009 : -0.007860 0.033939 0.466034
610000.000000 0.163291 0.063025 : -0.008890 0.033887 0.464875
615000.000000 0.162565 0.062038 : -0.009865 0.033780 0.463779
620000.000000 0.161813 0.061049 : -0.010844 0.033717 0.462567
625000.000000 0.161089 0.060062 : -0.011821 0.033559 0.461529
630000.000000 0.160395 0.059118 : -0.012672 0.033427 0.460430
635000.000000 0.159745 0.058170 : -0.013576 0.033423 0.459390
640000.000000 0.159080 0.057207 : -0.014453 0.033290 0.458403
645000.000000 0.158405 0.056265 : -0.015260 0.033030 0.457447
650000.000000 0.157769 0.055346 : -0.016000 0.032831 0.456477
655000.000000 0.157127 0.054462 : -0.016819 0.032696 0.455504
660000.000000 0.156537 0.053577 : -0.017580 0.032596 0.454594
665000.000000 0.155936 0.052732 : -0.018372 0.032493 0.453687
670000.000000 0.155291 0.051881 : -0.019069 0.032309 0.452631
675000.000000 0.154765 0.051071 : -0.019691 0.032277 0.451708
680000.000000 0.154182 0.050286 : -0.020347 0.032150 0.450742
685000.000000 0.153563 0.049509 : -0.020970 0.031995 0.449665
690000.000000 0.152932 0.048739 : -0.021657 0.031872 0.448581
695000.000000 0.152352 0.048026 : -0.022155 0.031763 0.447449
700000.000000 0.151795 0.047323 : -0.022575 0.031551 0.446409
705000.000000 0.151257 0.046596 : -0.022995 0.031325 0.445442
710000.000000 0.150737 0.045883 : -0.023334 0.031026 0.444518
715000.000000 0.150198 0.045208 : -0.023629 0.030697 0.443526
720000.000000 0.149745 0.044530 : -0.023795 0.030475 0.442555
725000.000000 0.149330 0.043873 : -0.023858 0.030209 0.441638
730000.000000 0.148923 0.043249 : -0.023945 0.029937 0.440777
735000.000000 0.148529 0.042603 : -0.024006 0.029722 0.439869
740000.000000 0.148136 0.041988 : -0.024102 0.029592 0.438918
745000.000000 0.147762 0.041405 : -0.024135 0.029447 0.437973
750000.000000 0.147457 0.040845 : -0.024037 0.029269 0.437138
755000.000000 0.147186 0.040330 : -0.023881 0.029157 0.436281
760000.000000 0.146921 0.039837 : -0.023720 0.029086 0.435396
765000.000000 0.146700 0.039376 : -0.023452 0.029022 0.434528
770000.000000 0.146459 0.038950 : -0.023118 0.028928 0.433566
775000.000000 0.146279 0.038547 : -0.022739 0.028825 0.432753
780000.000000 0.146186 0.038166 : -0.022259 0.028868 0.431948
785000.000000 0.146066 0.037777 : -0.021686 0.028837 0.431046
790000.000000 0.145984 0.037399 : -0.021182 0.028916 0.430216
795000.000000 0.145925 0.037051 : -0.020641 0.029032 0.429384
800000.000000 0.145863 0.036723 : -0.020112 0.029170 0.428530
805000.000000 0.145845 0.036431 : -0.019495 0.029306 0.427725
810000.000000 0.145837 0.036181 : -0.018891 0.029534 0.426868
815000.000000 0.145837 0.035920 : -0.018306 0.029688 0.426128
820000.000000 0.145842 0.035694 : -0.017561 0.029788 0.425300
825000.000000 0.145802 0.035500 : -0.016904 0.029864 0.424444
830000.000000 0.145804 0.035301 : -0.016260 0.029958 0.423714
835000.000000 0.145772 0.035097 : -0.015708 0.030129 0.422896
840000.000000 0.145686 0.034909 : -0.015152 0.030139 0.422072
845000.000000 0.145692 0.034744 : -0.014521 0.030276 0.421322
850000.000000 0.145681 0.034616 : -0.013819 0.030303 0.420557
855000.000000 0.145650 0.034484 : -0.013102 0.030292 0.419759
860000.000000 0.145548 0.034362 : -0.012396 0.030184 0.418855
865000.000000 0.145389 0.034185 : -0.011744 0.029868 0.418043
870000.000000 0.145240 0.034007 : -0.011058 0.029552 0.417226
875000.000000 0.145069 0.033827 : -0.010347 0.029262 0.416292
880000.000000 0.144843 0.033618 : -0.009789 0.028948 0.415369
885000.000000 0.144585 0.033418 : -0.009191 0.028504 0.414441
890000.000000 0.144322 0.033189 : -0.008745 0.028101 0.413610
895000.000000 0.144021 0.032939 : -0.008381 0.027619 0.412825
900000.000000 0.143663 0.032657 : -0.008049 0.026997 0.412041
905000.000000 0.143354 0.032379 : -0.007650 0.026425 0.411285
910000.000000 0.142959 0.032079 : -0.007365 0.025698 0.410545
915000.000000 0.142635 0.031798 : -0.007028 0.025086 0.409845
920000.000000 0.142268 0.031485 : -0.006721 0.024446 0.409079
925000.000000 0.141826 0.031176 : -0.006514 0.023722 0.408271
930000.000000 0.141505 0.030891 : -0.006241 0.023175 0.407582
935000.000000 0.141116 0.030578 : -0.006063 0.022511 0.406901
940000.000000 0.140626 0.030271 : -0.005969 0.021742 0.406106
945000.000000 0.140167 0.029948 : -0.005943 0.021054 0.405391
950000.000000 0.139765 0.029637 : -0.005864 0.020425 0.404733
955000.000000 0.139285 0.029310 : -0.005918 0.019799 0.403975
960000.000000 0.138809 0.029019 : -0.005910 0.019056 0.403281
965000.000000 0.138407 0.028775 : -0.005824 0.018446 0.402598
970000.000000 0.137987 0.028523 : -0.005758 0.017813 0.401908
975000.000000 0.137547 0.028290 : -0.005757 0.017168 0.401230
980000.000000 0.137051 0.028086 : -0.005831 0.016458 0.400527
985000.000000 0.136655 0.027904 : -0.005878 0.015941 0.399902
990000.000000 0.136284 0.027732 : -0.005944 0.015505 0.399292
995000.000000 0.135856 0.027552 : -0.006011 0.014976 0.398605
1000000.000000 0.135422 0.027381 : -0.006080 0.014424 0.397922
