0.000000 1.000000 1.000000 : 1.000000 1.000000 1.000000
5000.000000 0.629758 0.629210 : 0.614825 0.615949 0.658501
10000.000000 0.514597 0.513303 : 0.487778 0.488394 0.567619
15000.000000 0.435023 0.432650 : 0.397393 0.397173 0.510502
20000.000000 0.372449 0.368602 : 0.324767 0.323808 0.468771
25000.000000 0.321347 0.315573 : 0.264732 0.263071 0.436238
30000.000000 0.279396 0.271203 : 0.215367 0.213027 0.409795
35000.000000 0.244715 0.233639 : 0.174021 0.172483 0.387640
40000.000000 0.216150 0.202215 : 0.140222 0.139321 0.368906
45000.000000 0.192819 0.175724 : 0.113121 0.112723 0.352613
50000.000000 0.173467 0.153318 : 0.090737 0.091280 0.338384
55000.000000 0.157803 0.134426 : 0.072817 0.074455 0.326137
60000.000000 0.144628 0.118294 : 0.057659 0.060973 0.315252
65000.000000 0.133829 0.104713 : 0.045821 0.050310 0.305356
70000.000000 0.125076 0.093295 : 0.036701 0.041938 0.296589
75000.000000 0.117832 0.083419 : 0.029175 0.035470 0.288849
80000.000000 0.111558 0.074926 : 0.023223 0.029973 0.281478
85000.000000 0.106286 0.067706 : 0.018302 0.025705 0.274851
90000.000000 0.101652 0.061413 : 0.014256 0.021903 0.268797
95000.000000 0.097782 0.056068 : 0.011260 0.019311 0.262777
100000.000000 0.094249 0.051354 : 0.008790 0.016516 0.257440
105000.000000 0.091337 0.047207 : 0.007198 0.014396 0.252417
110000.000000 0.088483 0.043601 : 0.005976 0.011947 0.247526
115000.000000 0.085791 0.040386 : 0.004991 0.009782 0.242599
120000.000000 0.083399 0.037412 : 0.003926 0.007844 0.238428
125000.000000 0.081333 0.034841 : 0.003152 0.006155 0.234691
130000.000000 0.079343 0.032512 : 0.002689 0.004413 0.230926
135000.000000 0.077748 0.030466 : 0.002130 0.003554 0.227559
140000.000000 0.076242 0.028670 : 0.001649 0.003115 0.223962
145000.000000 0.075034 0.027170 : 0.001620 0.002789 0.220693
150000.000000 0.073858 0.025792 : 0.001388 0.002663 0.217524
155000.000000 0.072920 0.024604 : 0.001014 0.002912 0.214835
160000.000000 0.072119 0.023572 : 0.000895 0.003330 0.212131
165000.000000 0.071180 0.022535 : 0.000245 0.003786 0.209508
170000.000000 0.070159 0.021610 : -0.000249 0.004044 0.206681
175000.000000 0.069284 0.020717 : -0.000947 0.004510 0.204288
180000.000000 0.068465 0.019843 : -0.001624 0.004794 0.202225
185000.000000 0.067480 0.018986 : -0.002250 0.004618 0.200071
190000.000000 0.066605 0.018213 : -0.002984 0.004685 0.198116
195000.000000 0.065657 0.017524 : -0.003469 0.004288 0.196153
200000.000000 0.064889 0.016787 : -0.003638 0.004160 0.194144
205000.000000 0.063996 0.016087 : -0.004078 0.003805 0.192263
210000.000000 0.063010 0.015465 : -0.004662 0.003187 0.190505
215000.000000 0.062099 0.014800 : -0.004908 0.002735 0.188470
220000.000000 0.061240 0.014210 : -0.005066 0.002370 0.186416
225000.000000 0.060410 0.013679 : -0.005330 0.001928 0.184631
230000.000000 0.059777 0.013130 : -0.005422 0.001491 0.183262
235000.000000 0.059129 0.012626 : -0.005478 0.001209 0.181656
240000.000000 0.058598 0.012135 : -0.005489 0.001197 0.180087
245000.000000 0.057834 0.011650 : -0.005865 0.001087 0.178281
250000.000000 0.057066 0.011233 : -0.006252 0.000903 0.176546
255000.000000 0.056546 0.010852 : -0.006129 0.000560 0.175207
260000.000000 0.055878 0.010441 : -0.006282 0.000045 0.173870
265000.000000 0.055187 0.009992 : -0.006412 -0.000461 0.172434
270000.000000 0.054628 0.009630 : -0.006345 -0.000808 0.171038
275000.000000 0.054154 0.009321 : -0.006508 -0.001004 0.169973
280000.000000 0.053624 0.008944 : -0.006649 -0.001121 0.168642
285000.000000 0.053166 0.008579 : -0.006682 -0.001268 0.167448
290000.000000 0.052769 0.008158 : -0.006821 -0.001332 0.166458
295000.000000 0.052291 0.007811 : -0.006959 -0.001361 0.165193
300000.000000 0.051910 0.007504 : -0.007130 -0.001106 0.163966
305000.000000 0.051487 0.007172 : -0.007123 -0.001395 0.162978
310000.000000 0.051101 0.006886 : -0.007354 -0.001326 0.161985
315000.000000 0.050928 0.006527 : -0.007026 -0.001004 0.160813
320000.000000 0.050557 0.006230 : -0.006895 -0.000905 0.159470
325000.000000 0.050251 0.005951 : -0.006729 -0.001073 0.158556
330000.000000 0.050079 0.005654 : -0.006431 -0.000738 0.157406
335000.000000 0.049911 0.005398 : -0.006279 -0.000588 0.156600
340000.000000 0.049811 0.005163 : -0.005978 -0.000268 0.155677
345000.000000 0.049688 0.004954 : -0.005471 -0.000146 0.154682
350000.000000 0.049651 0.004799 : -0.005067 0.000231 0.153788
355000.000000 0.049457 0.004645 : -0.004611 0.000263 0.152721
360000.000000 0.049377 0.004500 : -0.004168 0.000592 0.151708
365000.000000 0.049238 0.004393 : -0.003760 0.000839 0.150634
370000.000000 0.049085 0.004274 : -0.003270 0.000724 0.149800
375000.000000 0.049074 0.004141 : -0.002784 0.000838 0.149167
380000.000000 0.049011 0.004049 : -0.002031 0.000737 0.148326
385000.000000 0.049091 0.004028 : -0.001307 0.001014 0.147565
390000.000000 0.049063 0.003997 : -0.000722 0.001182 0.146729
395000.000000 0.049216 0.003991 : -0.000138 0.001567 0.146218
400000.000000 0.049281 0.003924 : 0.000515 0.001788 0.145541
405000.000000 0.049366 0.003960 : 0.000842 0.002182 0.145073
410000.000000 0.049200 0.003944 : 0.001080 0.002162 0.144359
415000.000000 0.048966 0.003909 : 0.001127 0.002281 0.143489
420000.000000 0.048710 0.003926 : 0.000893 0.002553 0.142683
425000.000000 0.048570 0.003858 : 0.001133 0.002569 0.142008
430000.000000 0.048339 0.003874 : 0.001379 0.002466 0.141173
435000.000000 0.048050 0.003845 : 0.001241 0.002196 0.140714
440000.000000 0.047890 0.003831 : 0.001234 0.002277 0.140159
445000.000000 0.047612 0.003796 : 0.001179 0.002280 0.139378
450000.000000 0.047307 0.003746 : 0.001256 0.002183 0.138480
455000.000000 0.047077 0.003700 : 0.001441 0.001997 0.137793
460000.000000 0.047042 0.003677 : 0.001885 0.002051 0.137189
465000.000000 0.046865 0.003615 : 0.002126 0.001817 0.136650
470000.000000 0.046665 0.003535 : 0.002351 0.001504 0.136140
475000.000000 0.046436 0.003431 : 0.002173 0.001391 0.135744
480000.000000 0.046154 0.003310 : 0.001881 0.001303 0.135278
485000.000000 0.045877 0.003194 : 0.001762 0.001195 0.134675
490000.000000 0.045658 0.003044 : 0.001664 0.001090 0.134219
495000.000000 0.045293 0.002927 : 0.001518 0.000816 0.133546
500000.000000 0.045105 0.002821 : 0.001485 0.000967 0.132864
505000.000000 0.045074 0.002774 : 0.001607 0.001113 0.132502
510000.000000 0.044621 0.002644 : 0.001114 0.000896 0.131851
515000.000000 0.044470 0.002602 : 0.000964 0.000873 0.131572
520000.000000 0.044144 0.002496 : 0.000827 0.000606 0.131000
525000.000000 0.043834 0.002480 : 0.000872 0.000297 0.130333
530000.000000 0.043570 0.002445 : 0.000937 -0.000078 0.129851
535000.000000 0.043217 0.002431 : 0.000757 -0.000265 0.129159
540000.000000 0.043043 0.002410 : 0.000706 -0.000570 0.128994
545000.000000 0.042788 0.002409 : 0.000634 -0.000746 0.128475
550000.000000 0.042527 0.002477 : 0.000556 -0.000917 0.127941
555000.000000 0.042341 0.002515 : 0.000222 -0.000868 0.127668
560000.000000 0.042226 0.002567 : 0.000413 -0.000789 0.127054
565000.000000 0.042012 0.002663 : 0.000245 -0.000717 0.126508
570000.000000 0.041880 0.002673 : 0.000056 -0.000541 0.126125
575000.000000 0.041742 0.002721 : 0.000012 -0.000359 0.125572
580000.000000 0.041766 0.002764 : 0.000122 -0.000110 0.125286
585000.000000 0.041840 0.002813 : 0.000362 0.000250 0.124908
590000.000000 0.041695 0.002813 : 0.000425 0.000104 0.124554
595000.000000 0.041524 0.002827 : 0.000659 -0.000144 0.124056
600000.000000 0.041320 0.002768 : 0.000314 -0.000125 0.123770
605000.000000 0.041136 0.002716 : 0.000182 -0.000248 0.123473
610000.000000 0.040943 0.002710 : 0.000130 -0.000440 0.123140
615000.000000 0.040641 0.002626 : -0.000199 -0.000475 0.122596
620000.000000 0.040397 0.002563 : -0.000334 -0.000595 0.122120
625000.000000 0.040049 0.002471 : -0.000371 -0.000943 0.121460
630000.000000 0.039743 0.002334 : -0.000790 -0.000944 0.120963
635000.000000 0.039455 0.002235 : -0.000768 -0.001283 0.120417
640000.000000 0.039143 0.002166 : -0.000979 -0.001495 0.119902
645000.000000 0.039005 0.002092 : -0.001043 -0.001565 0.119622
650000.000000 0.038870 0.002042 : -0.001105 -0.001340 0.119056
655000.000000 0.038836 0.002025 : -0.000997 -0.001111 0.118616
660000.000000 0.038701 0.002000 : -0.001170 -0.001162 0.118434
665000.000000 0.038648 0.001985 : -0.001078 -0.001080 0.118103
670000.000000 0.038550 0.001973 : -0.001397 -0.000722 0.117769
675000.000000 0.038400 0.001922 : -0.001334 -0.000892 0.117426
680000.000000 0.038305 0.001880 : -0.001228 -0.001073 0.117216
685000.000000 0.038287 0.001853 : -0.001178 -0.000959 0.116999
690000.000000 0.038214 0.001880 : -0.001037 -0.000757 0.116437
695000.000000 0.038132 0.001849 : -0.001046 -0.000808 0.116250
700000.000000 0.038228 0.001867 : -0.000512 -0.000869 0.116065
705000.000000 0.038149 0.001877 : -0.000632 -0.000710 0.115790
710000.000000 0.037953 0.001847 : -0.000671 -0.000859 0.115390
715000.000000 0.037808 0.001840 : -0.000657 -0.000958 0.115038
720000.000000 0.037588 0.001825 : -0.000673 -0.001216 0.114651
725000.000000 0.037513 0.001834 : -0.000604 -0.001246 0.114390
730000.000000 0.037429 0.001870 : -0.000580 -0.001018 0.113887
735000.000000 0.037352 0.001861 : -0.000401 -0.001098 0.113554
740000.000000 0.037356 0.001859 : -0.000481 -0.000854 0.113402
745000.000000 0.037262 0.001840 : -0.000289 -0.001020 0.113096
750000.000000 0.037140 0.001809 : -0.000391 -0.000946 0.112756
755000.000000 0.037091 0.001810 : -0.000269 -0.000810 0.112353
760000.000000 0.037051 0.001740 : -0.000296 -0.000722 0.112172
765000.000000 0.037138 0.001764 : -0.000207 -0.000366 0.111987
770000.000000 0.037082 0.001754 : -0.000073 -0.000200 0.111520
775000.000000 0.036831 0.001722 : -0.000091 -0.000402 0.110987
780000.000000 0.036717 0.001695 : 0.000067 -0.000362 0.110447
785000.000000 0.036721 0.001734 : 0.000284 -0.000362 0.110240
790000.000000 0.036634 0.001761 : 0.000268 -0.000384 0.110018
795000.000000 0.036600 0.001784 : 0.000585 -0.000497 0.109713
800000.000000 0.036560 0.001791 : 0.000473 -0.000543 0.109751
805000.000000 0.036516 0.001806 : 0.000492 -0.000468 0.109524
810000.000000 0.036430 0.001826 : 0.000393 -0.000565 0.109461
815000.000000 0.036423 0.001804 : 0.000388 -0.000526 0.109407
820000.000000 0.036487 0.001811 : 0.000473 -0.000279 0.109268
825000.000000 0.036536 0.001788 : 0.000516 0.000020 0.109073
830000.000000 0.036455 0.001813 : 0.000346 0.000103 0.108916
835000.000000 0.036137 0.001832 : 0.000229 -0.000081 0.108262
840000.000000 0.036059 0.001822 : 0.000336 -0.000063 0.107902
845000.000000 0.036147 0.001840 : 0.000448 0.000208 0.107786
850000.000000 0.036129 0.001832 : 0.000579 0.000154 0.107655
855000.000000 0.036013 0.001848 : 0.000630 0.000115 0.107295
860000.000000 0.035974 0.001930 : 0.000399 0.000230 0.107292
865000.000000 0.035880 0.001941 : 0.000196 0.000226 0.107216
870000.000000 0.035742 0.002012 : 0.000198 0.000385 0.106643
875000.000000 0.035694 0.002028 : 0.000184 0.000655 0.106244
880000.000000 0.035675 0.002066 : 0.000141 0.000907 0.105978
885000.000000 0.035656 0.002095 : 0.000285 0.001047 0.105636
890000.000000 0.035650 0.002071 : 0.000506 0.001014 0.105430
895000.000000 0.035665 0.002068 : 0.000623 0.001361 0.105011
900000.000000 0.035556 0.002018 : 0.000888 0.001174 0.104607
905000.000000 0.035551 0.001999 : 0.000954 0.001132 0.104569
910000.000000 0.035481 0.001915 : 0.000657 0.001353 0.104433
915000.000000 0.035353 0.001869 : 0.000452 0.001271 0.104335
920000.000000 0.035104 0.001826 : 0.000325 0.001101 0.103884
925000.000000 0.035134 0.001750 : 0.000434 0.001136 0.103832
930000.000000 0.034968 0.001701 : 0.000273 0.001223 0.103409
935000.000000 0.034927 0.001675 : 0.000390 0.001019 0.103372
940000.000000 0.034683 0.001590 : 0.000259 0.000668 0.103123
945000.000000 0.034453 0.001504 : 0.000179 0.000384 0.102796
950000.000000 0.034196 0.001443 : 0.000028 0.000252 0.102309
955000.000000 0.034035 0.001392 : -0.000210 0.000087 0.102229
960000.000000 0.033853 0.001332 : -0.000297 -0.000213 0.102069
965000.000000 0.033960 0.001314 : -0.000346 -0.000045 0.102271
970000.000000 0.033919 0.001313 : 0.000032 -0.000356 0.102081
975000.000000 0.033770 0.001260 : 0.000106 -0.000683 0.101887
980000.000000 0.033773 0.001241 : 0.000242 -0.000746 0.101823
985000.000000 0.033599 0.001223 : 0.000140 -0.000867 0.101525
990000.000000 0.033540 0.001165 : 0.000347 -0.000938 0.101210
995000.000000 0.033268 0.001144 : 0.000243 -0.001172 0.100733
1000000.000000 0.033199 0.001134 : 0.000301 -0.001205 0.100501
