0.000000 1.000000 1.000000 : 1.000000 1.000000 1.000000
5000.000000 0.136724 0.131693 : 0.108490 0.110470 0.191212
10000.000000 0.079407 0.070537 : 0.046023 0.047015 0.145184
15000.000000 0.055118 0.042441 : 0.020100 0.020692 0.124562
20000.000000 0.043263 0.027095 : 0.008692 0.009026 0.112071
25000.000000 0.037280 0.018405 : 0.003504 0.004731 0.103605
30000.000000 0.033840 0.013340 : 0.001578 0.002873 0.097069
35000.000000 0.031714 0.010242 : 0.000874 0.002084 0.092184
40000.000000 0.030069 0.007987 : 0.000525 0.001590 0.088091
45000.000000 0.028664 0.006406 : 0.000141 0.001379 0.084472
50000.000000 0.027326 0.005185 : 0.000130 0.000420 0.081427
55000.000000 0.026325 0.004335 : 0.000194 0.000006 0.078776
60000.000000 0.025621 0.003558 : -0.000182 0.000163 0.076881
65000.000000 0.024986 0.003099 : 0.000140 0.000055 0.074763
70000.000000 0.024330 0.002717 : -0.000044 0.000213 0.072822
75000.000000 0.023735 0.002406 : 0.000136 0.000019 0.071049
80000.000000 0.023199 0.002148 : 0.000283 -0.000298 0.069612
85000.000000 0.022475 0.001934 : 0.000040 -0.000522 0.067906
90000.000000 0.021970 0.001751 : -0.000328 -0.000368 0.066607
95000.000000 0.021403 0.001592 : -0.000573 -0.000724 0.065505
100000.000000 0.021092 0.001509 : -0.000479 -0.000423 0.064177
105000.000000 0.021159 0.001474 : 0.000052 -0.000213 0.063637
110000.000000 0.020828 0.001372 : 0.000016 0.000092 0.062377
115000.000000 0.020726 0.001275 : 0.000309 0.000203 0.061667
120000.000000 0.020221 0.001192 : 0.000130 0.000035 0.060497
125000.000000 0.019970 0.001175 : 0.000362 -0.000288 0.059837
130000.000000 0.019544 0.001045 : 0.000040 -0.000389 0.058982
135000.000000 0.019288 0.000984 : 0.000044 -0.000455 0.058276
140000.000000 0.018896 0.000915 : -0.000186 -0.000519 0.057392
145000.000000 0.018921 0.000945 : 0.000029 -0.000081 0.056816
150000.000000 0.018583 0.000880 : -0.000191 -0.000290 0.056228
155000.000000 0.018601 0.000812 : -0.000150 0.000044 0.055908
160000.000000 0.018287 0.000755 : -0.000072 -0.000141 0.055075
165000.000000 0.018216 0.000703 : 0.000001 -0.000095 0.054740
170000.000000 0.018005 0.000712 : -0.000024 -0.000083 0.054123
175000.000000 0.017912 0.000668 : 0.000115 0.000061 0.053561
180000.000000 0.017684 0.000623 : 0.000182 -0.000173 0.053044
185000.000000 0.017458 0.000594 : 0.000230 -0.000089 0.052231
190000.000000 0.017277 0.000541 : 0.000295 0.000001 0.051534
195000.000000 0.017030 0.000486 : -0.000151 -0.000150 0.051390
200000.000000 0.016946 0.000480 : -0.000081 0.000011 0.050907
205000.000000 0.016783 0.000493 : -0.000136 0.000074 0.050411
210000.000000 0.016637 0.000448 : -0.000064 -0.000096 0.050070
215000.000000 0.016350 0.000433 : -0.000363 -0.000100 0.049511
220000.000000 0.016023 0.000415 : -0.000464 -0.000482 0.049015
225000.000000 0.015976 0.000403 : -0.000456 -0.000343 0.048725
230000.000000 0.016029 0.000395 : -0.000082 -0.000255 0.048423
235000.000000 0.015697 0.000410 : -0.000170 -0.000520 0.047782
240000.000000 0.015553 0.000371 : -0.000341 -0.000463 0.047464
245000.000000 0.015502 0.000399 : -0.000134 -0.000517 0.047156
250000.000000 0.015462 0.000377 : -0.000091 -0.000264 0.046742
255000.000000 0.015478 0.000349 : -0.000130 0.000217 0.046347
260000.000000 0.015311 0.000356 : -0.000036 -0.000221 0.046189
265000.000000 0.015325 0.000358 : 0.000010 0.000042 0.045923
270000.000000 0.015349 0.000369 : 0.000220 0.000016 0.045812
275000.000000 0.015203 0.000369 : 0.000187 -0.000007 0.045429
280000.000000 0.014946 0.000336 : 0.000135 -0.000121 0.044825
285000.000000 0.014913 0.000317 : -0.000043 0.000073 0.044708
290000.000000 0.014777 0.000311 : -0.000075 0.000003 0.044403
295000.000000 0.014584 0.000281 : -0.000232 -0.000117 0.044102
300000.000000 0.014684 0.000319 : 0.000019 0.000197 0.043836
305000.000000 0.014647 0.000310 : 0.000124 0.000105 0.043713
310000.000000 0.014500 0.000313 : -0.000113 0.000209 0.043404
315000.000000 0.014364 0.000316 : -0.000030 0.000076 0.043047
320000.000000 0.014397 0.000289 : 0.000057 0.000120 0.043014
325000.000000 0.014091 0.000288 : -0.000318 0.000069 0.042522
330000.000000 0.014099 0.000309 : -0.000111 0.000087 0.042323
335000.000000 0.014008 0.000273 : -0.000048 0.000011 0.042061
340000.000000 0.013916 0.000249 : -0.000276 0.000148 0.041876
345000.000000 0.013704 0.000202 : 0.000055 -0.000376 0.041435
350000.000000 0.013726 0.000202 : -0.000112 -0.000120 0.041410
355000.000000 0.013717 0.000209 : 0.000205 -0.000063 0.041010
360000.000000 0.013541 0.000193 : -0.000151 -0.000116 0.040891
365000.000000 0.013540 0.000198 : -0.000084 0.000043 0.040661
370000.000000 0.013587 0.000171 : 0.000083 0.000116 0.040561
375000.000000 0.013689 0.000172 : 0.000329 0.000270 0.040469
380000.000000 0.013430 0.000177 : 0.000168 -0.000127 0.040250
385000.000000 0.013236 0.000138 : -0.000029 -0.000218 0.039954
390000.000000 0.013277 0.000153 : 0.000076 0.000076 0.039679
395000.000000 0.013182 0.000141 : 0.000100 -0.000141 0.039587
400000.000000 0.013141 0.000122 : -0.000001 -0.000021 0.039445
405000.000000 0.012881 0.000128 : -0.000148 -0.000282 0.039074
410000.000000 0.012920 0.000109 : -0.000015 -0.000087 0.038861
415000.000000 0.012942 0.000136 : 0.000217 -0.000097 0.038704
420000.000000 0.012810 0.000120 : 0.000129 -0.000296 0.038597
425000.000000 0.012799 0.000123 : -0.000013 0.000009 0.038402
430000.000000 0.012778 0.000134 : -0.000036 0.000088 0.038281
435000.000000 0.012684 0.000128 : -0.000224 0.000106 0.038169
440000.000000 0.012631 0.000156 : 0.000044 -0.000053 0.037903
445000.000000 0.012684 0.000153 : 0.000245 0.000167 0.037642
450000.000000 0.012598 0.000138 : -0.000053 0.000087 0.037760
455000.000000 0.012512 0.000135 : 0.000053 -0.000123 0.037605
460000.000000 0.012386 0.000126 : -0.000069 -0.000013 0.037239
465000.000000 0.012270 0.000150 : -0.000098 -0.000018 0.036925
470000.000000 0.012187 0.000142 : 0.000124 -0.000258 0.036693
475000.000000 0.012229 0.000129 : -0.000148 0.000073 0.036762
480000.000000 0.012258 0.000114 : 0.000030 0.000030 0.036714
485000.000000 0.012129 0.000108 : -0.000175 0.000234 0.036327
490000.000000 0.012278 0.000120 : 0.000083 0.000184 0.036566
495000.000000 0.012163 0.000115 : 0.000157 -0.000001 0.036332
500000.000000 0.012087 0.000135 : 0.000047 -0.000018 0.036231
505000.000000 0.011967 0.000106 : 0.000015 -0.000209 0.036094
510000.000000 0.011975 0.000124 : 0.000033 0.000024 0.035870
515000.000000 0.011843 0.000098 : 0.000103 -0.000247 0.035674
520000.000000 0.011899 0.000097 : -0.000016 0.000201 0.035510
525000.000000 0.011773 0.000092 : -0.000249 0.000124 0.035444
530000.000000 0.011562 0.000090 : -0.000332 -0.000305 0.035325
535000.000000 0.011642 0.000086 : -0.000166 0.000117 0.034975
540000.000000 0.011648 0.000089 : -0.000197 0.000318 0.034824
545000.000000 0.011695 0.000111 : -0.000009 0.000261 0.034831
550000.000000 0.011565 0.000106 : -0.000028 0.000007 0.034717
555000.000000 0.011518 0.000103 : -0.000071 0.000047 0.034579
560000.000000 0.011626 0.000099 : 0.000210 0.000207 0.034462
565000.000000 0.011585 0.000086 : 0.000140 -0.000062 0.034676
570000.000000 0.011335 0.000066 : -0.000018 -0.000166 0.034191
575000.000000 0.011130 0.000065 : -0.000091 -0.000448 0.033928
580000.000000 0.011243 0.000080 : -0.000027 -0.000190 0.033948
585000.000000 0.011312 0.000067 : 0.000148 -0.000084 0.033873
590000.000000 0.011155 0.000063 : 0.000033 -0.000111 0.033544
595000.000000 0.011301 0.000091 : 0.000156 -0.000133 0.033880
600000.000000 0.011099 0.000096 : -0.000107 0.000099 0.033305
605000.000000 0.011161 0.000098 : 0.000021 0.000084 0.033378
610000.000000 0.010960 0.000085 : -0.000107 -0.000310 0.033296
615000.000000 0.010954 0.000088 : 0.000098 -0.000340 0.033103
620000.000000 0.010969 0.000081 : 0.000110 0.000107 0.032690
625000.000000 0.010833 0.000104 : -0.000207 -0.000022 0.032728
630000.000000 0.010793 0.000122 : -0.000242 0.000140 0.032480
635000.000000 0.010699 0.000090 : -0.000150 -0.000182 0.032430
640000.000000 0.010780 0.000080 : -0.000109 0.000022 0.032428
645000.000000 0.010710 0.000072 : -0.000160 0.000144 0.032145
650000.000000 0.010754 0.000083 : -0.000158 0.000122 0.032299
655000.000000 0.010707 0.000074 : -0.000203 0.000191 0.032133
660000.000000 0.010712 0.000063 : -0.000144 0.000128 0.032151
665000.000000 0.010788 0.000084 : -0.000069 0.000310 0.032122
670000.000000 0.010774 0.000089 : 0.000092 0.000206 0.032025
675000.000000 0.010627 0.000076 : -0.000024 0.000108 0.031797
680000.000000 0.010602 0.000083 : -0.000042 0.000168 0.031679
685000.000000 0.010539 0.000087 : 0.000150 -0.000178 0.031646
690000.000000 0.010583 0.000076 : 0.000058 0.000031 0.031661
695000.000000 0.010401 0.000082 : -0.000223 0.000023 0.031403
700000.000000 0.010407 0.000078 : 0.000262 -0.000299 0.031257
705000.000000 0.010488 0.000074 : 0.000096 0.000183 0.031184
710000.000000 0.010279 0.000063 : -0.000216 -0.000164 0.031216
715000.000000 0.010371 0.000062 : -0.000047 0.000267 0.030895
720000.000000 0.010240 0.000054 : -0.000182 0.000047 0.030856
725000.000000 0.010182 0.000064 : -0.000097 -0.000282 0.030925
730000.000000 0.010245 0.000054 : 0.000007 0.000087 0.030642
735000.000000 0.010197 0.000059 : -0.000048 -0.000112 0.030750
740000.000000 0.010286 0.000079 : -0.000135 -0.000072 0.031064
745000.000000 0.010341 0.000082 : 0.000294 -0.000124 0.030853
750000.000000 0.010197 0.000080 : 0.000126 -0.000024 0.030487
755000.000000 0.010256 0.000061 : 0.000150 0.000158 0.030458
760000.000000 0.010209 0.000044 : 0.000109 0.000007 0.030512
765000.000000 0.010031 0.000065 : 0.000078 -0.000205 0.030218
770000.000000 0.010072 0.000069 : 0.000180 -0.000267 0.030304
775000.000000 0.009963 0.000072 : 0.000143 -0.000155 0.029903
780000.000000 0.009809 0.000071 : 0.000002 -0.000390 0.029816
785000.000000 0.009925 0.000056 : 0.000018 -0.000058 0.029815
790000.000000 0.009888 0.000066 : -0.000055 -0.000126 0.029844
795000.000000 0.009973 0.000068 : 0.000033 0.000119 0.029766
800000.000000 0.009749 0.000054 : -0.000201 -0.000082 0.029529
805000.000000 0.009803 0.000069 : -0.000081 -0.000094 0.029585
810000.000000 0.009908 0.000064 : -0.000058 0.000113 0.029669
815000.000000 0.009937 0.000063 : 0.000181 -0.000170 0.029799
820000.000000 0.009916 0.000064 : 0.000131 0.000072 0.029543
825000.000000 0.009853 0.000061 : -0.000141 0.000134 0.029566
830000.000000 0.009869 0.000049 : 0.000078 0.000001 0.029529
835000.000000 0.009821 0.000056 : 0.000219 0.000094 0.029150
840000.000000 0.009780 0.000064 : -0.000044 0.000103 0.029281
845000.000000 0.009750 0.000065 : -0.000216 0.000348 0.029120
850000.000000 0.009652 0.000069 : 0.000055 -0.000013 0.028914
855000.000000 0.009652 0.000077 : 0.000204 -0.000082 0.028833
860000.000000 0.009616 0.000071 : 0.000167 -0.000107 0.028787
865000.000000 0.009530 0.000068 : 0.000094 -0.000109 0.028605
870000.000000 0.009576 0.000055 : 0.000118 -0.000013 0.028624
875000.000000 0.009623 0.000062 : 0.000208 0.000262 0.028400
880000.000000 0.009551 0.000061 : 0.000049 0.000088 0.028515
885000.000000 0.009464 0.000068 : -0.000215 0.000177 0.028429
890000.000000 0.009526 0.000063 : 0.000074 0.000154 0.028350
895000.000000 0.009534 0.000063 : 0.000346 0.000112 0.028145
900000.000000 0.009312 0.000050 : -0.000094 0.000040 0.027990
905000.000000 0.009323 0.000046 : -0.000005 -0.000193 0.028166
910000.000000 0.009334 0.000041 : -0.000021 -0.000034 0.028055
915000.000000 0.009386 0.000051 : 0.000083 0.000006 0.028068
920000.000000 0.009341 0.000058 : -0.000006 -0.000183 0.028211
925000.000000 0.009358 0.000063 : 0.000269 -0.000170 0.027976
930000.000000 0.009328 0.000049 : 0.000047 -0.000252 0.028188
935000.000000 0.009340 0.000051 : 0.000065 -0.000017 0.027971
940000.000000 0.009271 0.000058 : 0.000101 -0.000126 0.027838
945000.000000 0.009327 0.000046 : -0.000029 0.000275 0.027736
950000.000000 0.009147 0.000061 : -0.000066 -0.000071 0.027578
955000.000000 0.009212 0.000061 : 0.000141 -0.000396 0.027891
960000.000000 0.009174 0.000042 : 0.000100 -0.000073 0.027497
965000.000000 0.009281 0.000047 : 0.000317 -0.000122 0.027648
970000.000000 0.009162 0.000059 : 0.000117 -0.000093 0.027462
975000.000000 0.009170 0.000050 : 0.000145 -0.000065 0.027429
980000.000000 0.009202 0.000045 : 0.000194 -0.000025 0.027438
985000.000000 0.009161 0.000043 : 0.000148 -0.000111 0.027446
990000.000000 0.009089 0.000045 : 0.000231 -0.000100 0.027136
995000.000000 0.009173 0.000040 : -0.000006 0.000174 0.027350
1000000.000000 0.009221 0.000041 : 0.000123 0.000134 0.027405
