0.000000 1.000000 1.000000 : 1.000000 1.000000 1.000000
5000.000000 0.247800 0.244697 : 0.220780 0.222894 0.299727
10000.000000 0.156381 0.150268 : 0.119596 0.120683 0.228865
15000.000000 0.110260 0.100586 : 0.068031 0.068354 0.194395
20000.000000 0.083304 0.069506 : 0.038369 0.038576 0.172966
25000.000000 0.066961 0.049421 : 0.020868 0.021756 0.158260
30000.000000 0.056764 0.036247 : 0.011073 0.012279 0.146939
35000.000000 0.050955 0.027698 : 0.006328 0.007967 0.138570
40000.000000 0.046907 0.021684 : 0.003547 0.005776 0.131396
45000.000000 0.043832 0.017363 : 0.001698 0.004482 0.125316
50000.000000 0.041624 0.014182 : 0.001197 0.003365 0.120308
55000.000000 0.039484 0.011767 : 0.000529 0.001981 0.115943
60000.000000 0.037729 0.009707 : -0.000354 0.001114 0.112426
65000.000000 0.036596 0.008236 : -0.000447 0.001086 0.109147
70000.000000 0.035588 0.007155 : -0.000163 0.000833 0.106096
75000.000000 0.034582 0.006287 : -0.000077 0.000687 0.103136
80000.000000 0.033901 0.005683 : 0.000345 0.000565 0.100792
85000.000000 0.032999 0.005109 : 0.000157 0.000172 0.098669
90000.000000 0.032256 0.004609 : 0.000186 0.000035 0.096546
95000.000000 0.031491 0.004218 : 0.000163 -0.000353 0.094661
100000.000000 0.030835 0.003930 : -0.000167 -0.000194 0.092865
105000.000000 0.030414 0.003667 : -0.000197 0.000008 0.091431
110000.000000 0.029627 0.003370 : -0.000613 -0.000089 0.089583
115000.000000 0.029064 0.003099 : -0.000756 -0.000319 0.088266
120000.000000 0.028589 0.002891 : -0.000502 -0.000510 0.086780
125000.000000 0.028226 0.002743 : -0.000417 -0.000661 0.085756
130000.000000 0.027814 0.002569 : -0.000493 -0.000655 0.084589
135000.000000 0.027637 0.002410 : -0.000037 -0.000428 0.083376
140000.000000 0.027133 0.002275 : -0.000207 -0.000378 0.081984
145000.000000 0.026833 0.002188 : -0.000130 -0.000293 0.080922
150000.000000 0.026387 0.002061 : -0.000405 -0.000448 0.080013
155000.000000 0.026253 0.001935 : -0.000120 -0.000162 0.079039
160000.000000 0.025824 0.001824 : -0.000546 -0.000124 0.078140
165000.000000 0.025560 0.001679 : -0.000422 -0.000451 0.077552
170000.000000 0.025319 0.001660 : -0.000531 -0.000138 0.076626
175000.000000 0.024984 0.001542 : -0.000933 0.000127 0.075758
180000.000000 0.024930 0.001498 : -0.000597 0.000191 0.075196
185000.000000 0.024627 0.001351 : -0.000421 0.000097 0.074205
190000.000000 0.024440 0.001281 : -0.000080 0.000097 0.073301
195000.000000 0.024170 0.001245 : -0.000235 0.000071 0.072675
200000.000000 0.024194 0.001247 : 0.000390 0.000168 0.072024
205000.000000 0.023956 0.001207 : 0.000553 -0.000117 0.071432
210000.000000 0.023626 0.001199 : 0.000305 -0.000014 0.070587
215000.000000 0.023266 0.001156 : 0.000031 -0.000158 0.069923
220000.000000 0.023230 0.001151 : 0.000129 0.000185 0.069376
225000.000000 0.022885 0.001076 : -0.000124 -0.000062 0.068840
230000.000000 0.022682 0.001074 : -0.000429 0.000125 0.068351
235000.000000 0.022374 0.001001 : -0.000298 -0.000163 0.067585
240000.000000 0.022157 0.000981 : -0.000393 -0.000019 0.066881
245000.000000 0.022108 0.000974 : -0.000077 0.000148 0.066252
250000.000000 0.021994 0.000918 : 0.000109 -0.000013 0.065887
255000.000000 0.021836 0.000874 : -0.000166 0.000356 0.065316
260000.000000 0.021651 0.000861 : 0.000190 -0.000227 0.064990
265000.000000 0.021411 0.000855 : 0.000053 -0.000363 0.064543
270000.000000 0.021290 0.000799 : -0.000013 -0.000263 0.064145
275000.000000 0.021121 0.000762 : 0.000127 -0.000395 0.063632
280000.000000 0.020906 0.000736 : -0.000164 -0.000340 0.063223
285000.000000 0.020835 0.000718 : 0.000113 -0.000254 0.062646
290000.000000 0.020683 0.000717 : -0.000063 -0.000327 0.062440
295000.000000 0.020455 0.000699 : -0.000193 -0.000373 0.061929
300000.000000 0.020423 0.000708 : -0.000363 -0.000180 0.061812
305000.000000 0.020161 0.000734 : -0.000435 -0.000206 0.061125
310000.000000 0.020229 0.000747 : 0.000014 -0.000197 0.060871
315000.000000 0.020172 0.000704 : 0.000152 -0.000028 0.060392
320000.000000 0.020188 0.000680 : 0.000361 0.000107 0.060096
325000.000000 0.020120 0.000701 : 0.000540 0.000050 0.059768
330000.000000 0.020003 0.000694 : 0.000507 -0.000142 0.059645
335000.000000 0.019819 0.000652 : 0.000666 -0.000160 0.058949
340000.000000 0.019608 0.000583 : 0.000165 0.000075 0.058584
345000.000000 0.019671 0.000541 : 0.000532 -0.000087 0.058569
350000.000000 0.019574 0.000524 : 0.000593 0.000003 0.058126
355000.000000 0.019367 0.000490 : 0.000310 0.000057 0.057734
360000.000000 0.019077 0.000490 : 0.000242 -0.000209 0.057199
365000.000000 0.018861 0.000453 : 0.000247 -0.000401 0.056735
370000.000000 0.018806 0.000423 : -0.000071 -0.000076 0.056566
375000.000000 0.018708 0.000411 : 0.000166 -0.000166 0.056123
380000.000000 0.018816 0.000359 : 0.000455 -0.000088 0.056081
385000.000000 0.018718 0.000358 : 0.000187 0.000074 0.055892
390000.000000 0.018563 0.000350 : -0.000066 0.000129 0.055627
395000.000000 0.018421 0.000358 : 0.000021 -0.000029 0.055272
400000.000000 0.018332 0.000339 : 0.000142 -0.000191 0.055046
405000.000000 0.018167 0.000298 : 0.000145 -0.000402 0.054758
410000.000000 0.018198 0.000276 : 0.000210 0.000082 0.054302
415000.000000 0.018097 0.000282 : 0.000179 -0.000005 0.054117
420000.000000 0.017944 0.000289 : 0.000033 -0.000038 0.053837
425000.000000 0.017910 0.000287 : 0.000565 -0.000240 0.053404
430000.000000 0.017834 0.000277 : 0.000536 -0.000375 0.053340
435000.000000 0.017706 0.000245 : 0.000279 -0.000175 0.053014
440000.000000 0.017614 0.000288 : 0.000215 -0.000105 0.052732
445000.000000 0.017559 0.000280 : 0.000276 -0.000261 0.052660
450000.000000 0.017483 0.000303 : 0.000061 -0.000080 0.052467
455000.000000 0.017617 0.000286 : 0.000070 0.000261 0.052520
460000.000000 0.017450 0.000269 : 0.000153 0.000189 0.052008
465000.000000 0.017474 0.000270 : 0.000188 0.000275 0.051958
470000.000000 0.017094 0.000251 : -0.000158 -0.000170 0.051612
475000.000000 0.016939 0.000256 : -0.000322 -0.000114 0.051253
480000.000000 0.017150 0.000258 : -0.000012 0.000146 0.051317
485000.000000 0.016995 0.000268 : -0.000106 -0.000004 0.051095
490000.000000 0.016908 0.000264 : -0.000190 -0.000087 0.051002
495000.000000 0.016985 0.000276 : 0.000037 -0.000021 0.050940
500000.000000 0.016872 0.000261 : -0.000056 0.000148 0.050522
505000.000000 0.017007 0.000261 : 0.000142 0.000259 0.050620
510000.000000 0.016878 0.000244 : 0.000141 0.000155 0.050339
515000.000000 0.016756 0.000244 : -0.000183 0.000547 0.049903
520000.000000 0.016536 0.000216 : -0.000220 0.000191 0.049637
525000.000000 0.016609 0.000232 : -0.000007 0.000366 0.049467
530000.000000 0.016426 0.000236 : 0.000093 -0.000061 0.049246
535000.000000 0.016374 0.000219 : -0.000057 -0.000047 0.049227
540000.000000 0.016278 0.000226 : 0.000058 0.000096 0.048679
545000.000000 0.016227 0.000194 : 0.000041 0.000038 0.048602
550000.000000 0.016097 0.000198 : 0.000140 0.000003 0.048149
555000.000000 0.016166 0.000187 : 0.000077 0.000147 0.048274
560000.000000 0.016200 0.000213 : 0.000644 -0.000111 0.048067
565000.000000 0.016119 0.000217 : 0.000372 0.000087 0.047898
570000.000000 0.016054 0.000195 : 0.000293 0.000105 0.047765
575000.000000 0.015758 0.000207 : 0.000135 -0.000471 0.047611
580000.000000 0.015755 0.000218 : 0.000209 -0.000300 0.047356
585000.000000 0.015781 0.000222 : 0.000175 -0.000068 0.047235
590000.000000 0.015403 0.000194 : -0.000449 -0.000275 0.046933
595000.000000 0.015412 0.000206 : -0.000577 0.000164 0.046649
600000.000000 0.015348 0.000219 : 0.000040 -0.000261 0.046264
605000.000000 0.015435 0.000199 : -0.000036 0.000032 0.046309
610000.000000 0.015271 0.000206 : 0.000094 -0.000404 0.046124
615000.000000 0.015359 0.000219 : 0.000114 0.000026 0.045938
620000.000000 0.015041 0.000204 : -0.000314 -0.000429 0.045867
625000.000000 0.015227 0.000236 : -0.000007 -0.000079 0.045768
630000.000000 0.015133 0.000221 : -0.000161 -0.000096 0.045657
635000.000000 0.015165 0.000209 : -0.000113 0.000132 0.045476
640000.000000 0.015099 0.000206 : 0.000297 -0.000100 0.045101
645000.000000 0.015079 0.000208 : 0.000570 -0.000109 0.044776
650000.000000 0.014886 0.000203 : 0.000193 -0.000407 0.044873
655000.000000 0.015017 0.000203 : 0.000283 -0.000062 0.044831
660000.000000 0.014975 0.000193 : 0.000262 -0.000106 0.044770
665000.000000 0.014959 0.000202 : 0.000194 -0.000114 0.044796
670000.000000 0.014882 0.000192 : 0.000118 0.000069 0.044460
675000.000000 0.014977 0.000195 : 0.000390 -0.000044 0.044584
680000.000000 0.015003 0.000226 : 0.000228 0.000357 0.044423
685000.000000 0.014790 0.000213 : 0.000352 -0.000287 0.044305
690000.000000 0.014788 0.000188 : 0.000240 -0.000231 0.044355
695000.000000 0.014817 0.000181 : 0.000327 0.000021 0.044103
700000.000000 0.014731 0.000173 : 0.000223 -0.000015 0.043983
705000.000000 0.014698 0.000176 : 0.000113 0.000300 0.043682
710000.000000 0.014525 0.000155 : -0.000020 0.000223 0.043371
715000.000000 0.014423 0.000166 : 0.000029 0.000083 0.043156
720000.000000 0.014343 0.000159 : 0.000006 -0.000150 0.043172
725000.000000 0.014325 0.000159 : -0.000165 -0.000170 0.043311
730000.000000 0.014371 0.000149 : 0.000169 -0.000170 0.043114
735000.000000 0.014264 0.000128 : -0.000048 -0.000067 0.042907
740000.000000 0.014286 0.000124 : 0.000227 -0.000219 0.042849
745000.000000 0.014256 0.000137 : 0.000316 -0.000069 0.042521
750000.000000 0.014246 0.000138 : 0.000071 0.000079 0.042589
755000.000000 0.014306 0.000143 : 0.000042 0.000199 0.042678
760000.000000 0.014273 0.000135 : 0.000072 0.000313 0.042434
765000.000000 0.014270 0.000142 : 0.000087 0.000426 0.042297
770000.000000 0.014225 0.000178 : 0.000223 0.000342 0.042109
775000.000000 0.014062 0.000171 : 0.000220 0.000107 0.041860
780000.000000 0.014077 0.000180 : 0.000004 0.000443 0.041786
785000.000000 0.013961 0.000166 : 0.000086 0.000192 0.041606
790000.000000 0.013790 0.000147 : -0.000287 0.000059 0.041598
795000.000000 0.013787 0.000138 : -0.000317 0.000040 0.041638
800000.000000 0.013764 0.000129 : -0.000281 -0.000165 0.041738
805000.000000 0.013715 0.000122 : -0.000245 0.000032 0.041357
810000.000000 0.013671 0.000137 : -0.000357 0.000218 0.041153
815000.000000 0.013586 0.000113 : -0.000274 -0.000016 0.041046
820000.000000 0.013536 0.000135 : -0.000395 -0.000066 0.041068
825000.000000 0.013495 0.000127 : -0.000381 -0.000231 0.041098
830000.000000 0.013557 0.000131 : -0.000327 0.000106 0.040893
835000.000000 0.013642 0.000142 : -0.000210 0.000317 0.040817
840000.000000 0.013578 0.000132 : -0.000093 0.000062 0.040764
845000.000000 0.013394 0.000129 : -0.000297 -0.000006 0.040486
850000.000000 0.013345 0.000147 : -0.000183 -0.000346 0.040565
855000.000000 0.013227 0.000168 : -0.000302 -0.000186 0.040168
860000.000000 0.013232 0.000177 : -0.000402 0.000022 0.040077
865000.000000 0.013351 0.000162 : -0.000172 -0.000004 0.040229
870000.000000 0.013376 0.000171 : -0.000002 -0.000005 0.040134
875000.000000 0.013156 0.000174 : -0.000241 -0.000310 0.040017
880000.000000 0.013237 0.000161 : -0.000023 -0.000231 0.039964
885000.000000 0.013255 0.000154 : -0.000035 -0.000085 0.039885
890000.000000 0.013540 0.000148 : 0.000375 0.000047 0.040197
895000.000000 0.013471 0.000145 : 0.000339 0.000308 0.039768
900000.000000 0.013380 0.000151 : 0.000175 0.000243 0.039721
905000.000000 0.013455 0.000164 : 0.000253 0.000529 0.039584
910000.000000 0.013227 0.000134 : -0.000053 0.000290 0.039443
915000.000000 0.013077 0.000117 : -0.000203 0.000231 0.039202
920000.000000 0.013045 0.000132 : -0.000374 0.000350 0.039160
925000.000000 0.012910 0.000115 : -0.000534 0.000218 0.039045
930000.000000 0.013021 0.000125 : -0.000160 0.000150 0.039072
935000.000000 0.012951 0.000134 : -0.000240 0.000060 0.039033
940000.000000 0.012920 0.000130 : -0.000296 0.000112 0.038945
945000.000000 0.012814 0.000132 : -0.000349 0.000222 0.038570
950000.000000 0.012777 0.000102 : -0.000392 0.000152 0.038569
955000.000000 0.012801 0.000102 : -0.000222 0.000128 0.038497
960000.000000 0.012841 0.000119 : 0.000063 0.000308 0.038151
965000.000000 0.012889 0.000130 : -0.000012 0.000352 0.038328
970000.000000 0.012889 0.000117 : 0.000310 0.000044 0.038314
975000.000000 0.012978 0.000139 : 0.000392 0.000159 0.038384
980000.000000 0.012942 0.000124 : 0.000508 0.000143 0.038175
985000.000000 0.013000 0.000148 : 0.000410 0.000540 0.038051
990000.000000 0.012995 0.000148 : 0.000503 0.000440 0.038043
995000.000000 0.012890 0.000142 : 0.000439 0.000362 0.037868
1000000.000000 0.012690 0.000120 : 0.000196 0.000179 0.037694
