0.000000 1.000000 1.000000 : 1.000000 1.000000 1.000000
5000.000000 0.112655 0.107062 : 0.084778 0.086713 0.166473
10000.000000 0.064631 0.055098 : 0.033068 0.033965 0.126860
15000.000000 0.045386 0.032223 : 0.013098 0.013639 0.109421
20000.000000 0.036501 0.020244 : 0.005168 0.005458 0.098876
25000.000000 0.032157 0.013711 : 0.001829 0.003027 0.091615
30000.000000 0.029692 0.010005 : 0.000941 0.002026 0.086109
35000.000000 0.027917 0.007699 : 0.000490 0.001428 0.081832
40000.000000 0.026623 0.005999 : 0.000286 0.001100 0.078483
45000.000000 0.025454 0.004840 : 0.000124 0.000957 0.075281
50000.000000 0.024316 0.003893 : 0.000146 0.000194 0.072609
55000.000000 0.023537 0.003278 : 0.000138 0.000050 0.070421
60000.000000 0.022879 0.002703 : -0.000258 0.000124 0.068771
65000.000000 0.022296 0.002351 : 0.000068 0.000009 0.066809
70000.000000 0.021761 0.002058 : -0.000136 0.000177 0.065242
75000.000000 0.021168 0.001824 : -0.000055 -0.000084 0.063643
80000.000000 0.020713 0.001643 : 0.000091 -0.000372 0.062420
85000.000000 0.020109 0.001493 : 0.000036 -0.000583 0.060875
90000.000000 0.019767 0.001355 : -0.000234 -0.000275 0.059810
95000.000000 0.019334 0.001211 : -0.000386 -0.000393 0.058782
100000.000000 0.019097 0.001153 : -0.000084 -0.000156 0.057532
105000.000000 0.019063 0.001133 : 0.000108 -0.000029 0.057109
110000.000000 0.018746 0.001099 : -0.000052 0.000205 0.056086
115000.000000 0.018590 0.001003 : 0.000100 0.000337 0.055331
120000.000000 0.018148 0.000939 : -0.000000 0.000031 0.054414
125000.000000 0.017915 0.000922 : -0.000038 -0.000087 0.053870
130000.000000 0.017725 0.000806 : 0.000079 -0.000002 0.053098
135000.000000 0.017468 0.000762 : 0.000188 -0.000230 0.052446
140000.000000 0.016969 0.000686 : -0.000268 -0.000501 0.051675
145000.000000 0.017074 0.000715 : 0.000102 -0.000091 0.051212
150000.000000 0.016817 0.000679 : 0.000127 -0.000298 0.050623
155000.000000 0.016742 0.000632 : -0.000047 -0.000106 0.050379
160000.000000 0.016392 0.000557 : -0.000085 -0.000350 0.049611
165000.000000 0.016376 0.000530 : -0.000164 -0.000080 0.049372
170000.000000 0.016178 0.000564 : -0.000094 -0.000136 0.048764
175000.000000 0.016148 0.000528 : 0.000147 0.000060 0.048237
180000.000000 0.015828 0.000495 : 0.000016 -0.000270 0.047739
185000.000000 0.015681 0.000463 : 0.000093 -0.000131 0.047081
190000.000000 0.015393 0.000421 : 0.000141 -0.000326 0.046365
195000.000000 0.015306 0.000391 : -0.000078 -0.000348 0.046344
200000.000000 0.015262 0.000386 : -0.000168 0.000059 0.045895
205000.000000 0.015214 0.000404 : 0.000011 0.000144 0.045486
210000.000000 0.015033 0.000348 : -0.000072 -0.000063 0.045232
215000.000000 0.014810 0.000323 : -0.000197 -0.000032 0.044661
220000.000000 0.014516 0.000328 : -0.000261 -0.000307 0.044116
225000.000000 0.014389 0.000304 : -0.000598 -0.000169 0.043934
230000.000000 0.014415 0.000303 : -0.000052 -0.000353 0.043650
235000.000000 0.014286 0.000313 : 0.000022 -0.000379 0.043215
240000.000000 0.014155 0.000275 : -0.000079 -0.000305 0.042848
245000.000000 0.014050 0.000309 : -0.000064 -0.000418 0.042633
250000.000000 0.014089 0.000305 : 0.000155 -0.000144 0.042254
255000.000000 0.014132 0.000289 : 0.000102 0.000376 0.041917
260000.000000 0.013902 0.000290 : -0.000047 0.000043 0.041708
265000.000000 0.013942 0.000282 : 0.000186 0.000181 0.041461
270000.000000 0.014016 0.000290 : 0.000279 0.000296 0.041472
275000.000000 0.013749 0.000302 : 0.000259 -0.000092 0.041080
280000.000000 0.013629 0.000276 : 0.000213 0.000109 0.040565
285000.000000 0.013486 0.000233 : -0.000155 0.000181 0.040431
290000.000000 0.013326 0.000216 : -0.000263 0.000060 0.040181
295000.000000 0.013287 0.000224 : -0.000130 0.000066 0.039925
300000.000000 0.013243 0.000248 : 0.000093 0.000108 0.039527
305000.000000 0.013053 0.000232 : 0.000187 -0.000417 0.039389
310000.000000 0.013030 0.000245 : -0.000063 -0.000143 0.039295
315000.000000 0.013032 0.000261 : 0.000137 0.000075 0.038885
320000.000000 0.012906 0.000228 : -0.000070 -0.000099 0.038887
325000.000000 0.012755 0.000226 : -0.000151 0.000011 0.038405
330000.000000 0.012612 0.000220 : -0.000218 -0.000158 0.038212
335000.000000 0.012711 0.000199 : -0.000169 0.000232 0.038070
340000.000000 0.012646 0.000188 : 0.000131 -0.000029 0.037834
345000.000000 0.012312 0.000150 : 0.000008 -0.000468 0.037394
350000.000000 0.012499 0.000159 : 0.000049 -0.000033 0.037482
355000.000000 0.012321 0.000150 : -0.000065 -0.000135 0.037163
360000.000000 0.012333 0.000150 : 0.000021 0.000010 0.036968
365000.000000 0.012248 0.000156 : -0.000129 -0.000029 0.036902
370000.000000 0.012309 0.000142 : 0.000081 0.000114 0.036733
375000.000000 0.012348 0.000150 : 0.000075 0.000323 0.036647
380000.000000 0.012179 0.000144 : 0.000032 0.000127 0.036378
385000.000000 0.011934 0.000121 : -0.000189 -0.000061 0.036051
390000.000000 0.011917 0.000122 : -0.000186 0.000143 0.035795
395000.000000 0.011850 0.000104 : -0.000174 -0.000121 0.035846
400000.000000 0.011940 0.000092 : 0.000188 -0.000034 0.035667
405000.000000 0.011729 0.000104 : -0.000193 0.000036 0.035343
410000.000000 0.011694 0.000099 : 0.000022 -0.000056 0.035117
415000.000000 0.011671 0.000106 : 0.000004 0.000068 0.034941
420000.000000 0.011567 0.000090 : -0.000229 -0.000042 0.034971
425000.000000 0.011573 0.000094 : -0.000079 0.000142 0.034656
430000.000000 0.011592 0.000107 : 0.000002 0.000129 0.034646
435000.000000 0.011484 0.000107 : -0.000056 0.000002 0.034505
440000.000000 0.011325 0.000104 : -0.000153 -0.000148 0.034276
445000.000000 0.011467 0.000118 : 0.000203 0.000188 0.034011
450000.000000 0.011383 0.000100 : -0.000023 -0.000039 0.034210
455000.000000 0.011317 0.000109 : 0.000076 -0.000133 0.034009
460000.000000 0.011136 0.000096 : -0.000173 -0.000087 0.033667
465000.000000 0.011079 0.000120 : 0.000094 -0.000096 0.033240
470000.000000 0.010936 0.000112 : -0.000227 -0.000087 0.033120
475000.000000 0.011048 0.000102 : -0.000174 0.000073 0.033245
480000.000000 0.011082 0.000094 : 0.000110 -0.000020 0.033156
485000.000000 0.010873 0.000082 : -0.000231 -0.000032 0.032882
490000.000000 0.011012 0.000101 : -0.000188 0.000203 0.033022
495000.000000 0.010840 0.000098 : -0.000173 -0.000077 0.032769
500000.000000 0.010898 0.000112 : 0.000007 -0.000043 0.032732
505000.000000 0.010734 0.000074 : -0.000173 -0.000228 0.032604
510000.000000 0.010843 0.000089 : 0.000206 -0.000153 0.032476
515000.000000 0.010725 0.000076 : 0.000027 -0.000087 0.032233
520000.000000 0.010694 0.000077 : -0.000163 0.000224 0.032020
525000.000000 0.010772 0.000081 : 0.000151 0.000090 0.032075
530000.000000 0.010663 0.000075 : 0.000202 -0.000067 0.031855
535000.000000 0.010441 0.000078 : -0.000241 -0.000071 0.031636
540000.000000 0.010580 0.000062 : 0.000056 0.000199 0.031484
545000.000000 0.010625 0.000087 : 0.000248 0.000001 0.031626
550000.000000 0.010473 0.000076 : 0.000041 -0.000101 0.031478
555000.000000 0.010310 0.000059 : -0.000142 -0.000219 0.031292
560000.000000 0.010403 0.000060 : -0.000167 0.000142 0.031234
565000.000000 0.010365 0.000052 : 0.000018 -0.000342 0.031418
570000.000000 0.010250 0.000066 : 0.000090 -0.000223 0.030882
575000.000000 0.010154 0.000076 : -0.000067 -0.000180 0.030710
580000.000000 0.010219 0.000068 : -0.000013 -0.000075 0.030746
585000.000000 0.010232 0.000065 : 0.000094 -0.000203 0.030804
590000.000000 0.010188 0.000052 : 0.000243 -0.000088 0.030411
595000.000000 0.010150 0.000054 : -0.000036 -0.000260 0.030747
600000.000000 0.009974 0.000073 : -0.000192 -0.000091 0.030204
605000.000000 0.010013 0.000075 : -0.000168 -0.000068 0.030274
610000.000000 0.010020 0.000077 : -0.000067 -0.000013 0.030138
615000.000000 0.010088 0.000070 : 0.000122 0.000086 0.030055
620000.000000 0.009980 0.000082 : -0.000163 0.000269 0.029832
625000.000000 0.009983 0.000091 : 0.000076 0.000274 0.029600
630000.000000 0.009849 0.000090 : -0.000158 0.000142 0.029562
635000.000000 0.009783 0.000069 : -0.000069 -0.000083 0.029502
640000.000000 0.009832 0.000072 : -0.000001 -0.000120 0.029616
645000.000000 0.009737 0.000070 : -0.000006 -0.000044 0.029261
650000.000000 0.009881 0.000054 : 0.000139 0.000171 0.029333
655000.000000 0.009713 0.000054 : -0.000223 0.000133 0.029230
660000.000000 0.009756 0.000047 : -0.000030 0.000073 0.029226
665000.000000 0.009716 0.000060 : -0.000093 -0.000056 0.029297
670000.000000 0.009635 0.000076 : -0.000166 0.000008 0.029064
675000.000000 0.009625 0.000074 : 0.000157 -0.000023 0.028740
680000.000000 0.009526 0.000068 : -0.000188 0.000105 0.028660
685000.000000 0.009616 0.000076 : 0.000147 -0.000173 0.028873
690000.000000 0.009509 0.000068 : -0.000161 0.000046 0.028643
695000.000000 0.009574 0.000063 : -0.000029 0.000125 0.028627
700000.000000 0.009465 0.000060 : -0.000066 -0.000035 0.028497
705000.000000 0.009437 0.000050 : -0.000210 0.000044 0.028476
710000.000000 0.009363 0.000050 : -0.000219 -0.000081 0.028389
715000.000000 0.009402 0.000050 : 0.000083 -0.000034 0.028155
720000.000000 0.009299 0.000043 : -0.000114 -0.000083 0.028094
725000.000000 0.009493 0.000055 : 0.000175 0.000172 0.028132
730000.000000 0.009323 0.000049 : -0.000053 0.000157 0.027865
735000.000000 0.009465 0.000065 : 0.000298 0.000054 0.028044
740000.000000 0.009571 0.000062 : 0.000228 0.000149 0.028335
745000.000000 0.009420 0.000064 : 0.000108 0.000087 0.028064
750000.000000 0.009358 0.000058 : 0.000152 -0.000016 0.027936
755000.000000 0.009191 0.000061 : -0.000192 0.000043 0.027722
760000.000000 0.009198 0.000056 : -0.000122 0.000052 0.027666
765000.000000 0.009213 0.000064 : 0.000153 0.000023 0.027462
770000.000000 0.009217 0.000044 : 0.000201 0.000004 0.027444
775000.000000 0.009063 0.000052 : 0.000029 0.000029 0.027132
780000.000000 0.009124 0.000057 : 0.000164 0.000074 0.027135
785000.000000 0.008934 0.000051 : -0.000058 -0.000227 0.027088
790000.000000 0.009051 0.000051 : 0.000175 0.000016 0.026964
795000.000000 0.009073 0.000040 : 0.000103 0.000052 0.027065
800000.000000 0.008858 0.000040 : -0.000011 -0.000180 0.026766
805000.000000 0.008978 0.000054 : 0.000059 -0.000033 0.026909
810000.000000 0.008977 0.000052 : -0.000065 0.000003 0.026993
815000.000000 0.009057 0.000052 : 0.000231 -0.000157 0.027096
820000.000000 0.008823 0.000042 : -0.000128 -0.000106 0.026704
825000.000000 0.008976 0.000058 : -0.000132 0.000150 0.026910
830000.000000 0.008893 0.000038 : -0.000034 -0.000016 0.026729
835000.000000 0.008786 0.000045 : -0.000045 -0.000065 0.026468
840000.000000 0.008827 0.000048 : -0.000053 -0.000106 0.026640
845000.000000 0.008778 0.000048 : -0.000015 -0.000067 0.026417
850000.000000 0.008758 0.000049 : 0.000010 -0.000025 0.026290
855000.000000 0.008702 0.000059 : -0.000021 -0.000118 0.026247
860000.000000 0.008675 0.000050 : -0.000189 0.000059 0.026155
865000.000000 0.008559 0.000046 : -0.000272 -0.000101 0.026051
870000.000000 0.008616 0.000038 : -0.000188 -0.000064 0.026100
875000.000000 0.008598 0.000050 : -0.000011 0.000001 0.025802
880000.000000 0.008531 0.000046 : -0.000171 -0.000136 0.025899
885000.000000 0.008575 0.000047 : -0.000094 -0.000037 0.025854
890000.000000 0.008522 0.000039 : -0.000277 0.000216 0.025626
895000.000000 0.008517 0.000047 : -0.000094 0.000152 0.025493
900000.000000 0.008572 0.000051 : -0.000125 0.000250 0.025591
905000.000000 0.008565 0.000049 : 0.000162 -0.000176 0.025710
910000.000000 0.008549 0.000040 : 0.000172 -0.000079 0.025554
915000.000000 0.008419 0.000046 : -0.000185 -0.000029 0.025469
920000.000000 0.008584 0.000053 : -0.000032 0.000107 0.025676
925000.000000 0.008613 0.000062 : 0.000221 -0.000032 0.025650
930000.000000 0.008596 0.000043 : 0.000173 -0.000087 0.025701
935000.000000 0.008407 0.000037 : -0.000076 -0.000156 0.025453
940000.000000 0.008482 0.000033 : -0.000099 0.000132 0.025412
945000.000000 0.008354 0.000029 : -0.000069 -0.000121 0.025252
950000.000000 0.008447 0.000026 : 0.000006 0.000110 0.025225
955000.000000 0.008396 0.000035 : -0.000125 -0.000085 0.025399
960000.000000 0.008346 0.000027 : -0.000052 0.000067 0.025024
965000.000000 0.008300 0.000019 : -0.000034 -0.000248 0.025183
970000.000000 0.008267 0.000025 : -0.000189 0.000001 0.024987
975000.000000 0.008443 0.000030 : 0.000326 0.000106 0.024898
980000.000000 0.008380 0.000042 : 0.000302 -0.000020 0.024858
985000.000000 0.008301 0.000036 : -0.000168 0.000112 0.024961
990000.000000 0.008109 0.000027 : -0.000101 -0.000236 0.024666
995000.000000 0.008395 0.000037 : -0.000136 0.000339 0.024982
1000000.000000 0.008391 0.000044 : 0.000094 0.000238 0.024840
