0.000000 1.000000 1.000000 : 1.000000 1.000000 1.000000
5000.000000 0.302136 0.299687 : 0.276502 0.278570 0.351338
10000.000000 0.198801 0.193779 : 0.162053 0.163081 0.271268
15000.000000 0.143447 0.135202 : 0.099706 0.099859 0.230776
20000.000000 0.109008 0.096844 : 0.060911 0.061033 0.205080
25000.000000 0.086840 0.070835 : 0.036371 0.036985 0.187165
30000.000000 0.072348 0.052967 : 0.021417 0.022219 0.173406
35000.000000 0.063475 0.040768 : 0.012874 0.014505 0.163046
40000.000000 0.057343 0.032093 : 0.007741 0.010002 0.154286
45000.000000 0.052851 0.025783 : 0.004335 0.007350 0.146867
50000.000000 0.049672 0.021105 : 0.002774 0.005610 0.140631
55000.000000 0.046984 0.017559 : 0.001594 0.003979 0.135380
60000.000000 0.044668 0.014634 : 0.000308 0.002576 0.131119
65000.000000 0.043027 0.012413 : -0.000166 0.002187 0.127060
70000.000000 0.041601 0.010729 : -0.000349 0.001752 0.123401
75000.000000 0.040271 0.009399 : -0.000409 0.001322 0.119900
80000.000000 0.039361 0.008462 : -0.000074 0.001166 0.116991
85000.000000 0.038327 0.007594 : -0.000077 0.000555 0.114502
90000.000000 0.037487 0.006846 : -0.000067 0.000484 0.112043
95000.000000 0.036633 0.006254 : 0.000141 0.000056 0.109702
100000.000000 0.035921 0.005780 : -0.000131 0.000385 0.107510
105000.000000 0.035385 0.005374 : -0.000055 0.000459 0.105750
110000.000000 0.034583 0.004978 : -0.000431 0.000477 0.103703
115000.000000 0.033900 0.004592 : -0.000608 0.000242 0.102068
120000.000000 0.033318 0.004269 : -0.000610 0.000268 0.100297
125000.000000 0.032683 0.003983 : -0.000733 -0.000176 0.098957
130000.000000 0.032292 0.003717 : -0.000649 -0.000062 0.097588
135000.000000 0.031952 0.003459 : -0.000306 0.000060 0.096101
140000.000000 0.031446 0.003263 : -0.000438 0.000313 0.094464
145000.000000 0.031098 0.003110 : -0.000429 0.000465 0.093257
150000.000000 0.030629 0.002954 : -0.000335 0.000153 0.092070
155000.000000 0.030463 0.002777 : -0.000158 0.000462 0.091085
160000.000000 0.030025 0.002651 : -0.000319 0.000382 0.090012
165000.000000 0.029610 0.002458 : -0.000315 -0.000000 0.089145
170000.000000 0.029262 0.002388 : -0.000621 0.000276 0.088131
175000.000000 0.028802 0.002265 : -0.000893 0.000273 0.087026
180000.000000 0.028715 0.002187 : -0.000576 0.000420 0.086301
185000.000000 0.028384 0.002026 : -0.000476 0.000343 0.085285
190000.000000 0.028058 0.001891 : -0.000491 0.000315 0.084350
195000.000000 0.027992 0.001843 : -0.000287 0.000556 0.083707
200000.000000 0.027828 0.001826 : -0.000044 0.000717 0.082812
205000.000000 0.027520 0.001770 : 0.000135 0.000313 0.082111
210000.000000 0.027169 0.001757 : -0.000088 0.000403 0.081191
215000.000000 0.026773 0.001685 : -0.000354 0.000305 0.080369
220000.000000 0.026597 0.001654 : -0.000017 0.000112 0.079694
225000.000000 0.026343 0.001585 : 0.000008 -0.000090 0.079110
230000.000000 0.026127 0.001548 : -0.000142 -0.000040 0.078562
235000.000000 0.025797 0.001423 : -0.000225 -0.000044 0.077660
240000.000000 0.025512 0.001389 : -0.000166 -0.000123 0.076825
245000.000000 0.025460 0.001321 : -0.000000 0.000050 0.076331
250000.000000 0.025300 0.001298 : 0.000155 0.000026 0.075720
255000.000000 0.024928 0.001234 : -0.000291 0.000031 0.075045
260000.000000 0.024829 0.001166 : 0.000119 -0.000157 0.074526
265000.000000 0.024545 0.001147 : 0.000099 -0.000366 0.073904
270000.000000 0.024490 0.001098 : 0.000070 -0.000022 0.073423
275000.000000 0.024178 0.001055 : -0.000058 -0.000321 0.072913
280000.000000 0.024058 0.001013 : -0.000094 -0.000251 0.072519
285000.000000 0.023971 0.000991 : 0.000034 -0.000114 0.071995
290000.000000 0.023763 0.000937 : 0.000195 -0.000454 0.071547
295000.000000 0.023617 0.000959 : 0.000196 -0.000428 0.071084
300000.000000 0.023669 0.000965 : 0.000205 -0.000131 0.070932
305000.000000 0.023479 0.001026 : 0.000334 -0.000102 0.070207
310000.000000 0.023480 0.001040 : 0.000592 -0.000040 0.069888
315000.000000 0.023228 0.001000 : 0.000078 0.000277 0.069330
320000.000000 0.023206 0.000942 : 0.000079 0.000484 0.069056
325000.000000 0.023135 0.000983 : 0.000207 0.000633 0.068567
330000.000000 0.022884 0.000940 : 0.000076 0.000364 0.068212
335000.000000 0.022791 0.000904 : 0.000543 0.000270 0.067558
340000.000000 0.022597 0.000832 : -0.000015 0.000517 0.067290
345000.000000 0.022469 0.000764 : 0.000013 0.000348 0.067045
350000.000000 0.022197 0.000745 : -0.000180 0.000058 0.066713
355000.000000 0.022110 0.000705 : 0.000073 0.000114 0.066141
360000.000000 0.021926 0.000699 : 0.000083 0.000010 0.065686
365000.000000 0.021527 0.000638 : 0.000021 -0.000366 0.064925
370000.000000 0.021572 0.000609 : -0.000008 0.000008 0.064715
375000.000000 0.021267 0.000560 : -0.000131 -0.000318 0.064252
380000.000000 0.021190 0.000519 : -0.000054 -0.000467 0.064092
385000.000000 0.021101 0.000523 : -0.000017 -0.000607 0.063928
390000.000000 0.021142 0.000509 : -0.000052 -0.000153 0.063630
395000.000000 0.021065 0.000493 : 0.000117 -0.000122 0.063198
400000.000000 0.020879 0.000471 : -0.000004 -0.000252 0.062895
405000.000000 0.020641 0.000434 : -0.000201 -0.000518 0.062641
410000.000000 0.020725 0.000380 : 0.000186 -0.000125 0.062115
415000.000000 0.020629 0.000396 : 0.000269 -0.000246 0.061865
420000.000000 0.020403 0.000413 : -0.000038 -0.000476 0.061724
425000.000000 0.020324 0.000393 : -0.000076 -0.000215 0.061263
430000.000000 0.020294 0.000411 : 0.000154 -0.000318 0.061047
435000.000000 0.020344 0.000370 : 0.000325 -0.000132 0.060839
440000.000000 0.020295 0.000421 : 0.000307 0.000166 0.060411
445000.000000 0.020352 0.000434 : 0.000388 0.000181 0.060488
450000.000000 0.020212 0.000454 : 0.000487 0.000073 0.060077
455000.000000 0.020028 0.000409 : 0.000064 0.000019 0.060000
460000.000000 0.019895 0.000403 : 0.000255 0.000017 0.059412
465000.000000 0.019999 0.000389 : 0.000492 0.000090 0.059417
470000.000000 0.019711 0.000370 : 0.000240 -0.000171 0.059065
475000.000000 0.019447 0.000363 : -0.000228 -0.000170 0.058740
480000.000000 0.019434 0.000368 : -0.000241 -0.000103 0.058647
485000.000000 0.019419 0.000385 : 0.000023 -0.000137 0.058370
490000.000000 0.019344 0.000374 : -0.000136 -0.000131 0.058298
495000.000000 0.019275 0.000358 : -0.000207 -0.000015 0.058048
500000.000000 0.019178 0.000351 : -0.000472 0.000326 0.057680
505000.000000 0.019284 0.000352 : -0.000270 0.000215 0.057908
510000.000000 0.019183 0.000335 : -0.000056 -0.000078 0.057683
515000.000000 0.019057 0.000337 : -0.000274 0.000260 0.057185
520000.000000 0.018884 0.000312 : -0.000131 0.000025 0.056759
525000.000000 0.018872 0.000317 : -0.000161 0.000072 0.056705
530000.000000 0.018638 0.000299 : -0.000517 -0.000085 0.056516
535000.000000 0.018633 0.000313 : -0.000282 -0.000085 0.056265
540000.000000 0.018563 0.000296 : -0.000202 0.000252 0.055639
545000.000000 0.018342 0.000294 : -0.000193 -0.000233 0.055453
550000.000000 0.018338 0.000294 : -0.000099 0.000027 0.055087
555000.000000 0.018363 0.000290 : -0.000146 0.000114 0.055121
560000.000000 0.018508 0.000315 : 0.000329 0.000250 0.054947
565000.000000 0.018387 0.000319 : 0.000153 0.000320 0.054687
570000.000000 0.018293 0.000327 : 0.000155 0.000090 0.054635
575000.000000 0.018143 0.000328 : 0.000210 -0.000268 0.054486
580000.000000 0.018004 0.000322 : 0.000071 -0.000039 0.053980
585000.000000 0.017956 0.000329 : 0.000031 -0.000138 0.053974
590000.000000 0.017775 0.000322 : -0.000323 0.000032 0.053616
595000.000000 0.017751 0.000341 : -0.000169 0.000092 0.053330
600000.000000 0.017583 0.000342 : -0.000137 -0.000239 0.053125
605000.000000 0.017499 0.000334 : -0.000008 -0.000463 0.052969
610000.000000 0.017437 0.000332 : -0.000176 -0.000407 0.052893
615000.000000 0.017479 0.000334 : 0.000030 -0.000262 0.052668
620000.000000 0.017414 0.000318 : 0.000084 -0.000452 0.052609
625000.000000 0.017322 0.000329 : -0.000015 -0.000330 0.052311
630000.000000 0.017364 0.000342 : -0.000078 -0.000070 0.052240
635000.000000 0.017217 0.000327 : -0.000187 -0.000112 0.051950
640000.000000 0.017107 0.000334 : -0.000325 -0.000094 0.051741
645000.000000 0.017039 0.000331 : -0.000001 -0.000447 0.051564
650000.000000 0.017001 0.000324 : -0.000160 -0.000363 0.051527
655000.000000 0.017022 0.000303 : -0.000213 -0.000124 0.051402
660000.000000 0.017119 0.000281 : 0.000040 0.000073 0.051246
665000.000000 0.017153 0.000285 : 0.000169 0.000106 0.051183
670000.000000 0.017050 0.000260 : 0.000016 0.000211 0.050922
675000.000000 0.017072 0.000265 : 0.000061 0.000195 0.050959
680000.000000 0.017048 0.000273 : 0.000190 0.000046 0.050907
685000.000000 0.016894 0.000269 : -0.000007 -0.000150 0.050839
690000.000000 0.016927 0.000240 : 0.000201 -0.000236 0.050815
695000.000000 0.016904 0.000230 : 0.000209 0.000077 0.050428
700000.000000 0.016698 0.000233 : 0.000076 -0.000290 0.050307
705000.000000 0.016711 0.000251 : -0.000179 0.000171 0.050140
710000.000000 0.016804 0.000222 : 0.000219 0.000368 0.049826
715000.000000 0.016722 0.000222 : 0.000175 0.000440 0.049552
720000.000000 0.016727 0.000239 : 0.000179 0.000435 0.049568
725000.000000 0.016653 0.000256 : 0.000027 0.000396 0.049536
730000.000000 0.016553 0.000236 : -0.000088 0.000309 0.049438
735000.000000 0.016506 0.000241 : -0.000157 0.000385 0.049289
740000.000000 0.016216 0.000224 : -0.000271 -0.000123 0.049042
745000.000000 0.016077 0.000225 : -0.000563 -0.000164 0.048957
750000.000000 0.016218 0.000199 : -0.000382 0.000039 0.048996
755000.000000 0.016100 0.000182 : -0.000520 -0.000041 0.048859
760000.000000 0.016054 0.000182 : -0.000504 0.000043 0.048622
765000.000000 0.015987 0.000167 : -0.000466 -0.000110 0.048536
770000.000000 0.016026 0.000177 : -0.000191 -0.000066 0.048335
775000.000000 0.016060 0.000178 : 0.000154 0.000063 0.047965
780000.000000 0.016103 0.000201 : 0.000095 0.000301 0.047912
785000.000000 0.016048 0.000203 : 0.000195 0.000151 0.047800
790000.000000 0.015864 0.000208 : 0.000054 0.000012 0.047526
795000.000000 0.015877 0.000199 : 0.000079 0.000034 0.047517
800000.000000 0.015683 0.000204 : -0.000474 0.000007 0.047517
805000.000000 0.015508 0.000182 : -0.000399 -0.000194 0.047118
810000.000000 0.015525 0.000198 : -0.000331 -0.000019 0.046924
815000.000000 0.015289 0.000171 : -0.000522 -0.000364 0.046753
820000.000000 0.015371 0.000180 : -0.000499 -0.000248 0.046861
825000.000000 0.015339 0.000183 : -0.000264 -0.000500 0.046780
830000.000000 0.015132 0.000181 : -0.000689 -0.000480 0.046567
835000.000000 0.015282 0.000196 : -0.000403 -0.000312 0.046561
840000.000000 0.015224 0.000211 : -0.000427 -0.000280 0.046380
845000.000000 0.015168 0.000205 : -0.000238 -0.000322 0.046064
850000.000000 0.015268 0.000252 : -0.000301 -0.000031 0.046137
855000.000000 0.015079 0.000272 : -0.000289 -0.000239 0.045764
860000.000000 0.015232 0.000264 : -0.000281 0.000113 0.045864
865000.000000 0.015180 0.000258 : -0.000368 -0.000000 0.045908
870000.000000 0.015294 0.000279 : 0.000125 -0.000084 0.045841
875000.000000 0.015195 0.000287 : 0.000100 -0.000223 0.045707
880000.000000 0.015189 0.000272 : 0.000072 -0.000215 0.045710
885000.000000 0.015169 0.000264 : 0.000155 -0.000099 0.045450
890000.000000 0.015378 0.000236 : 0.000318 0.000082 0.045735
895000.000000 0.015110 0.000243 : -0.000012 -0.000009 0.045351
900000.000000 0.015083 0.000216 : -0.000162 0.000079 0.045331
905000.000000 0.015179 0.000207 : 0.000011 0.000280 0.045245
910000.000000 0.015066 0.000185 : -0.000056 0.000177 0.045077
915000.000000 0.014959 0.000174 : -0.000087 0.000102 0.044862
920000.000000 0.015084 0.000181 : 0.000101 0.000441 0.044709
925000.000000 0.014939 0.000164 : 0.000072 0.000168 0.044576
930000.000000 0.015043 0.000164 : -0.000045 0.000709 0.044466
935000.000000 0.014890 0.000167 : 0.000109 0.000092 0.044470
940000.000000 0.014863 0.000168 : 0.000122 0.000298 0.044169
945000.000000 0.014674 0.000153 : -0.000046 0.000137 0.043932
950000.000000 0.014837 0.000141 : 0.000356 0.000097 0.044058
955000.000000 0.014716 0.000150 : 0.000294 -0.000042 0.043898
960000.000000 0.014545 0.000172 : 0.000378 -0.000119 0.043376
965000.000000 0.014738 0.000175 : 0.000511 0.000199 0.043504
970000.000000 0.014757 0.000160 : 0.000279 0.000337 0.043655
975000.000000 0.014763 0.000179 : 0.000194 0.000514 0.043582
980000.000000 0.014618 0.000153 : 0.000125 0.000368 0.043360
985000.000000 0.014588 0.000166 : 0.000221 0.000396 0.043148
990000.000000 0.014545 0.000163 : 0.000194 0.000259 0.043182
995000.000000 0.014722 0.000153 : 0.000298 0.000566 0.043303
1000000.000000 0.014455 0.000153 : 0.000136 0.000295 0.042933
