0.000000 1.000000 1.000000 : 1.000000 1.000000 1.000000
5000.000000 0.732423 0.732115 : 0.721138 0.721851 0.754280
10000.000000 0.634476 0.633711 : 0.612995 0.613349 0.677082
15000.000000 0.562375 0.560977 : 0.531024 0.530642 0.625459
20000.000000 0.502586 0.500293 : 0.461466 0.460334 0.585959
25000.000000 0.451047 0.447565 : 0.400595 0.398535 0.554010
30000.000000 0.406288 0.401244 : 0.347283 0.344297 0.527285
35000.000000 0.367165 0.360125 : 0.299958 0.297299 0.504238
40000.000000 0.333062 0.323959 : 0.258634 0.256290 0.484261
45000.000000 0.303354 0.291911 : 0.222757 0.220776 0.466528
50000.000000 0.277478 0.263552 : 0.191372 0.190226 0.450835
55000.000000 0.255133 0.238516 : 0.164111 0.164260 0.437028
60000.000000 0.235610 0.216236 : 0.140258 0.142123 0.424448
65000.000000 0.218577 0.196565 : 0.119632 0.123111 0.412987
70000.000000 0.203962 0.179250 : 0.102230 0.107038 0.402620
75000.000000 0.191233 0.163770 : 0.086987 0.093500 0.393212
80000.000000 0.180026 0.149940 : 0.073872 0.081875 0.384331
85000.000000 0.170466 0.137829 : 0.062772 0.072366 0.376261
90000.000000 0.161937 0.126981 : 0.052927 0.064146 0.368738
95000.000000 0.154470 0.117349 : 0.044702 0.057336 0.361374
100000.000000 0.147867 0.108682 : 0.037656 0.051328 0.354618
105000.000000 0.142085 0.100851 : 0.031743 0.046235 0.348278
110000.000000 0.136850 0.093865 : 0.026766 0.041581 0.342202
115000.000000 0.132043 0.087515 : 0.022480 0.037537 0.336113
120000.000000 0.127840 0.081740 : 0.018809 0.033986 0.330724
125000.000000 0.124130 0.076578 : 0.015687 0.030891 0.325813
130000.000000 0.120689 0.071840 : 0.013181 0.027907 0.320981
135000.000000 0.117784 0.067603 : 0.011340 0.025487 0.316525
140000.000000 0.115052 0.063777 : 0.009874 0.023269 0.312014
145000.000000 0.112760 0.060327 : 0.009090 0.021493 0.307696
150000.000000 0.110581 0.057241 : 0.008216 0.020055 0.303471
155000.000000 0.108911 0.054486 : 0.007813 0.019136 0.299784
160000.000000 0.107380 0.052016 : 0.007840 0.018163 0.296138
165000.000000 0.105855 0.049710 : 0.007575 0.017456 0.292534
170000.000000 0.104387 0.047658 : 0.007402 0.016866 0.288894
175000.000000 0.103047 0.045780 : 0.007108 0.016316 0.285717
180000.000000 0.101853 0.044049 : 0.006590 0.016213 0.282756
185000.000000 0.100432 0.042397 : 0.005845 0.015716 0.279734
190000.000000 0.099330 0.040952 : 0.005448 0.015597 0.276945
195000.000000 0.098168 0.039702 : 0.005017 0.015293 0.274195
200000.000000 0.096919 0.038383 : 0.004509 0.014849 0.271401
205000.000000 0.095771 0.037201 : 0.003922 0.014589 0.268801
210000.000000 0.094450 0.036052 : 0.003177 0.013889 0.266284
215000.000000 0.093109 0.034905 : 0.002556 0.013202 0.263570
220000.000000 0.091840 0.033817 : 0.002021 0.012698 0.260800
225000.000000 0.090721 0.032830 : 0.001693 0.012184 0.258288
230000.000000 0.089707 0.031851 : 0.001226 0.011639 0.256257
235000.000000 0.088537 0.030870 : 0.000600 0.011058 0.253953
240000.000000 0.087331 0.029882 : -0.000070 0.010311 0.251753
245000.000000 0.086120 0.028926 : -0.000864 0.009721 0.249503
250000.000000 0.084900 0.028040 : -0.001757 0.009242 0.247215
255000.000000 0.083812 0.027199 : -0.002294 0.008591 0.245140
260000.000000 0.082638 0.026366 : -0.002874 0.007686 0.243102
265000.000000 0.081686 0.025582 : -0.003331 0.007152 0.241237
270000.000000 0.080833 0.024855 : -0.003517 0.006602 0.239415
275000.000000 0.080016 0.024176 : -0.003809 0.006063 0.237794
280000.000000 0.079146 0.023446 : -0.004103 0.005625 0.235917
285000.000000 0.078391 0.022767 : -0.004478 0.005441 0.234210
290000.000000 0.077690 0.022041 : -0.004843 0.005356 0.232558
295000.000000 0.077023 0.021318 : -0.005189 0.005421 0.230837
300000.000000 0.076314 0.020549 : -0.005612 0.005269 0.229285
305000.000000 0.075641 0.019834 : -0.005853 0.005028 0.227749
310000.000000 0.075038 0.019167 : -0.006316 0.005039 0.226390
315000.000000 0.074310 0.018356 : -0.006635 0.004827 0.224738
320000.000000 0.073664 0.017625 : -0.006811 0.004760 0.223041
325000.000000 0.073081 0.016892 : -0.006773 0.004510 0.221504
330000.000000 0.072593 0.016135 : -0.006560 0.004402 0.219937
335000.000000 0.072162 0.015433 : -0.006558 0.004461 0.218583
340000.000000 0.071667 0.014725 : -0.006558 0.004435 0.217123
345000.000000 0.071434 0.014065 : -0.006118 0.004635 0.215784
350000.000000 0.071119 0.013457 : -0.005779 0.004743 0.214394
355000.000000 0.070786 0.012843 : -0.005393 0.004695 0.213056
360000.000000 0.070566 0.012266 : -0.005086 0.004897 0.211885
365000.000000 0.070467 0.011832 : -0.004280 0.005089 0.210590
370000.000000 0.070477 0.011445 : -0.003406 0.005458 0.209379
375000.000000 0.070525 0.011016 : -0.002807 0.005894 0.208489
380000.000000 0.070535 0.010648 : -0.001928 0.006219 0.207316
385000.000000 0.070637 0.010332 : -0.001121 0.006790 0.206240
390000.000000 0.070508 0.010055 : -0.000671 0.007071 0.205126
395000.000000 0.070689 0.009799 : 0.000268 0.007411 0.204388
400000.000000 0.070640 0.009515 : 0.000993 0.007484 0.203444
405000.000000 0.070853 0.009328 : 0.001959 0.007956 0.202644
410000.000000 0.070922 0.009142 : 0.002790 0.008253 0.201723
415000.000000 0.070779 0.008982 : 0.003528 0.008264 0.200545
420000.000000 0.070583 0.008831 : 0.003874 0.008299 0.199576
425000.000000 0.070481 0.008694 : 0.004436 0.008456 0.198552
430000.000000 0.070388 0.008593 : 0.004905 0.008635 0.197625
435000.000000 0.070108 0.008464 : 0.005181 0.008370 0.196772
440000.000000 0.070016 0.008386 : 0.005773 0.008264 0.196010
445000.000000 0.069794 0.008283 : 0.006051 0.008201 0.195129
450000.000000 0.069239 0.008144 : 0.005967 0.007913 0.193838
455000.000000 0.068770 0.007987 : 0.006017 0.007341 0.192952
460000.000000 0.068159 0.007866 : 0.005587 0.006996 0.191893
465000.000000 0.067729 0.007695 : 0.005291 0.006803 0.191094
470000.000000 0.067232 0.007539 : 0.004968 0.006509 0.190217
475000.000000 0.066877 0.007395 : 0.004813 0.006224 0.189593
480000.000000 0.066419 0.007193 : 0.004324 0.005968 0.188964
485000.000000 0.065971 0.007004 : 0.003952 0.005742 0.188218
490000.000000 0.065553 0.006788 : 0.003594 0.005610 0.187455
495000.000000 0.065111 0.006597 : 0.003272 0.005480 0.186583
500000.000000 0.064502 0.006407 : 0.002578 0.005208 0.185720
505000.000000 0.064147 0.006287 : 0.002008 0.005393 0.185039
510000.000000 0.063574 0.006092 : 0.001230 0.005236 0.184256
515000.000000 0.063254 0.005969 : 0.000963 0.005248 0.183551
520000.000000 0.062747 0.005772 : 0.000324 0.004995 0.182921
525000.000000 0.062326 0.005692 : -0.000032 0.004912 0.182097
530000.000000 0.061891 0.005603 : -0.000564 0.004753 0.181485
535000.000000 0.061389 0.005526 : -0.001190 0.004722 0.180635
540000.000000 0.061087 0.005439 : -0.001673 0.004631 0.180303
545000.000000 0.060674 0.005358 : -0.002207 0.004554 0.179674
550000.000000 0.060448 0.005374 : -0.002540 0.004830 0.179053
555000.000000 0.060170 0.005339 : -0.003025 0.005077 0.178459
560000.000000 0.059867 0.005316 : -0.003292 0.005074 0.177819
565000.000000 0.059735 0.005366 : -0.003386 0.005564 0.177028
570000.000000 0.059520 0.005369 : -0.003542 0.005526 0.176574
575000.000000 0.059328 0.005395 : -0.003348 0.005538 0.175794
580000.000000 0.059327 0.005458 : -0.003381 0.006081 0.175282
585000.000000 0.059189 0.005502 : -0.003284 0.006268 0.174581
590000.000000 0.059058 0.005566 : -0.003257 0.006265 0.174166
595000.000000 0.058925 0.005620 : -0.002777 0.006061 0.173492
600000.000000 0.058710 0.005645 : -0.002849 0.005977 0.173001
605000.000000 0.058449 0.005669 : -0.002863 0.005737 0.172473
610000.000000 0.058206 0.005700 : -0.002840 0.005471 0.171986
615000.000000 0.057890 0.005688 : -0.002881 0.005188 0.171363
620000.000000 0.057660 0.005679 : -0.002972 0.005048 0.170904
625000.000000 0.057293 0.005678 : -0.003164 0.004774 0.170268
630000.000000 0.056971 0.005610 : -0.003327 0.004534 0.169706
635000.000000 0.056549 0.005575 : -0.003456 0.004002 0.169102
640000.000000 0.056232 0.005565 : -0.003594 0.003651 0.168638
645000.000000 0.055936 0.005500 : -0.003691 0.003276 0.168224
650000.000000 0.055726 0.005425 : -0.003606 0.003218 0.167565
655000.000000 0.055435 0.005373 : -0.003773 0.002982 0.167095
660000.000000 0.055201 0.005346 : -0.003854 0.002654 0.166801
665000.000000 0.055015 0.005291 : -0.003740 0.002473 0.166313
670000.000000 0.054712 0.005218 : -0.003657 0.001885 0.165909
675000.000000 0.054494 0.005117 : -0.003399 0.001478 0.165404
680000.000000 0.054468 0.005062 : -0.002914 0.001261 0.165057
685000.000000 0.054302 0.005001 : -0.002630 0.001069 0.164467
690000.000000 0.054139 0.005006 : -0.002170 0.000779 0.163807
695000.000000 0.053904 0.004970 : -0.002060 0.000514 0.163258
700000.000000 0.053747 0.004955 : -0.001737 0.000269 0.162708
705000.000000 0.053518 0.004929 : -0.001673 0.000040 0.162187
710000.000000 0.053358 0.004892 : -0.001612 0.000021 0.161663
715000.000000 0.053262 0.004874 : -0.001339 0.000031 0.161095
720000.000000 0.052998 0.004777 : -0.001295 -0.000250 0.160541
725000.000000 0.052798 0.004708 : -0.001164 -0.000574 0.160132
730000.000000 0.052611 0.004612 : -0.001101 -0.000689 0.159624
735000.000000 0.052481 0.004513 : -0.000969 -0.000759 0.159171
740000.000000 0.052368 0.004449 : -0.000770 -0.000862 0.158736
745000.000000 0.052161 0.004375 : -0.000910 -0.000959 0.158352
750000.000000 0.051988 0.004343 : -0.001114 -0.000826 0.157904
755000.000000 0.051817 0.004331 : -0.001269 -0.000791 0.157512
760000.000000 0.051724 0.004269 : -0.001347 -0.000536 0.157055
765000.000000 0.051722 0.004205 : -0.001208 -0.000241 0.156615
770000.000000 0.051631 0.004138 : -0.001192 0.000010 0.156074
775000.000000 0.051483 0.004077 : -0.001101 -0.000016 0.155566
780000.000000 0.051373 0.004023 : -0.001072 0.000167 0.155025
785000.000000 0.051309 0.003980 : -0.000960 0.000276 0.154610
790000.000000 0.051298 0.003975 : -0.000794 0.000423 0.154267
795000.000000 0.051165 0.003987 : -0.000776 0.000486 0.153784
800000.000000 0.051122 0.003963 : -0.000594 0.000381 0.153580
805000.000000 0.050964 0.003968 : -0.000798 0.000454 0.153236
810000.000000 0.050897 0.003988 : -0.000687 0.000227 0.153151
815000.000000 0.050773 0.003937 : -0.000768 0.000222 0.152866
820000.000000 0.050636 0.003940 : -0.000835 0.000094 0.152647
825000.000000 0.050431 0.003912 : -0.001034 -0.000073 0.152400
830000.000000 0.050337 0.003852 : -0.001072 -0.000122 0.152205
835000.000000 0.050208 0.003820 : -0.001000 -0.000111 0.151734
840000.000000 0.050070 0.003766 : -0.000980 -0.000078 0.151267
845000.000000 0.050009 0.003733 : -0.000768 -0.000114 0.150908
850000.000000 0.049913 0.003714 : -0.000663 -0.000126 0.150527
855000.000000 0.049763 0.003685 : -0.000806 0.000014 0.150081
860000.000000 0.049656 0.003696 : -0.001028 0.000184 0.149811
865000.000000 0.049512 0.003681 : -0.001276 0.000263 0.149550
870000.000000 0.049282 0.003695 : -0.001516 0.000348 0.149015
875000.000000 0.049042 0.003710 : -0.001752 0.000490 0.148389
880000.000000 0.048929 0.003734 : -0.001816 0.000661 0.147942
885000.000000 0.048685 0.003734 : -0.002049 0.000534 0.147571
890000.000000 0.048579 0.003695 : -0.002103 0.000536 0.147303
895000.000000 0.048484 0.003720 : -0.002154 0.000648 0.146958
900000.000000 0.048346 0.003708 : -0.002245 0.000733 0.146551
905000.000000 0.048341 0.003708 : -0.002237 0.000803 0.146457
910000.000000 0.048290 0.003668 : -0.002426 0.000941 0.146353
915000.000000 0.048218 0.003682 : -0.002469 0.001105 0.146019
920000.000000 0.048206 0.003677 : -0.002268 0.001210 0.145676
925000.000000 0.048197 0.003700 : -0.002121 0.001241 0.145469
930000.000000 0.048104 0.003677 : -0.002049 0.001288 0.145074
935000.000000 0.048018 0.003628 : -0.001926 0.001068 0.144911
940000.000000 0.047939 0.003592 : -0.002020 0.001234 0.144603
945000.000000 0.047827 0.003533 : -0.002092 0.001284 0.144289
950000.000000 0.047785 0.003477 : -0.001859 0.001218 0.143995
955000.000000 0.047703 0.003408 : -0.001571 0.000993 0.143688
960000.000000 0.047621 0.003335 : -0.001531 0.001035 0.143360
965000.000000 0.047771 0.003308 : -0.001247 0.001272 0.143288
970000.000000 0.047767 0.003286 : -0.000713 0.001033 0.142983
975000.000000 0.047720 0.003246 : -0.000492 0.000943 0.142708
980000.000000 0.047718 0.003209 : -0.000031 0.000909 0.142276
985000.000000 0.047599 0.003210 : 0.000007 0.000866 0.141923
990000.000000 0.047524 0.003171 : 0.000060 0.000964 0.141549
995000.000000 0.047342 0.003139 : 0.000081 0.000974 0.140971
1000000.000000 0.047239 0.003106 : 0.000228 0.000872 0.140617
