0.000000 1.000000 1.000000 : 1.000000 1.000000 1.000000
10.000000 0.983125 0.983125 : 0.983130 0.983081 0.983164
20.000000 0.972307 0.972307 : 0.972333 0.972334 0.972254
30.000000 0.956436 0.956436 : 0.956351 0.956498 0.956458
40.000000 0.938152 0.938151 : 0.937928 0.938245 0.938283
50.000000 0.919308 0.919305 : 0.918984 0.919487 0.919452
60.000000 0.901466 0.901460 : 0.900985 0.901728 0.901684
70.000000 0.889237 0.889225 : 0.888589 0.889593 0.889528
80.000000 0.870995 0.870977 : 0.870202 0.871408 0.871376
90.000000 0.858821 0.858796 : 0.857879 0.859300 0.859285
100.000000 0.844885 0.844851 : 0.843890 0.845466 0.845298
110.000000 0.832739 0.832697 : 0.831608 0.833362 0.833246
120.000000 0.823578 0.823527 : 0.822337 0.824237 0.824159
130.000000 0.813385 0.813326 : 0.812075 0.814085 0.813994
140.000000 0.802510 0.802443 : 0.801129 0.803229 0.803172
150.000000 0.791518 0.791442 : 0.790075 0.792261 0.792218
160.000000 0.781196 0.781110 : 0.779688 0.781940 0.781961
170.000000 0.769311 0.769213 : 0.767741 0.770059 0.770133
180.000000 0.758953 0.758843 : 0.757342 0.759700 0.759817
190.000000 0.747214 0.747089 : 0.745584 0.747927 0.748132
200.000000 0.736582 0.736442 : 0.734956 0.737251 0.737540
210.000000 0.727019 0.726861 : 0.725381 0.727615 0.728060
220.000000 0.716522 0.716347 : 0.714905 0.717052 0.717610
230.000000 0.706906 0.706713 : 0.705346 0.707375 0.707996
240.000000 0.696743 0.696529 : 0.695202 0.697127 0.697899
250.000000 0.688518 0.688285 : 0.687020 0.688825 0.689709
260.000000 0.679441 0.679188 : 0.678010 0.679672 0.680640
270.000000 0.671452 0.671178 : 0.670090 0.671584 0.672680
280.000000 0.663919 0.663626 : 0.662624 0.663949 0.665184
290.000000 0.656501 0.656187 : 0.655251 0.656428 0.657824
300.000000 0.649568 0.649235 : 0.648394 0.649374 0.650937
310.000000 0.641988 0.641636 : 0.640901 0.641676 0.643388
320.000000 0.635262 0.634889 : 0.634248 0.634829 0.636708
330.000000 0.628329 0.627939 : 0.627399 0.627773 0.629816
340.000000 0.621817 0.621411 : 0.620960 0.621132 0.623359
350.000000 0.615013 0.614590 : 0.614254 0.614200 0.616585
360.000000 0.609227 0.608790 : 0.608543 0.608280 0.610859
370.000000 0.603067 0.602618 : 0.602461 0.601978 0.604762
380.000000 0.596596 0.596135 : 0.596073 0.595377 0.598338
390.000000 0.590998 0.590524 : 0.590556 0.589653 0.592783
400.000000 0.585123 0.584636 : 0.584763 0.583640 0.586965
410.000000 0.579827 0.579327 : 0.579520 0.578232 0.581729
420.000000 0.574002 0.573487 : 0.573771 0.572286 0.575949
430.000000 0.569095 0.568564 : 0.568931 0.567260 0.571094
440.000000 0.564175 0.563628 : 0.564081 0.562222 0.566223
450.000000 0.558943 0.558376 : 0.558917 0.556877 0.561035
460.000000 0.554197 0.553613 : 0.554232 0.552018 0.556340
470.000000 0.549179 0.548577 : 0.549283 0.546885 0.551370
480.000000 0.544612 0.543994 : 0.544772 0.542201 0.546864
490.000000 0.539799 0.539164 : 0.540024 0.537272 0.542102
500.000000 0.535255 0.534604 : 0.535524 0.532619 0.537623
510.000000 0.530636 0.529971 : 0.530953 0.527887 0.533068
520.000000 0.526117 0.525437 : 0.526496 0.523244 0.528610
530.000000 0.521855 0.521161 : 0.522276 0.518864 0.524425
540.000000 0.517306 0.516600 : 0.517771 0.514198 0.519948
550.000000 0.513039 0.512322 : 0.513541 0.509810 0.515767
560.000000 0.508826 0.508096 : 0.509369 0.505469 0.511640
570.000000 0.504839 0.504095 : 0.505419 0.501366 0.507731
580.000000 0.500611 0.499854 : 0.501231 0.497015 0.503587
590.000000 0.496747 0.495973 : 0.497415 0.493020 0.499804
600.000000 0.492840 0.492050 : 0.493558 0.488990 0.495972
610.000000 0.488831 0.488022 : 0.489602 0.484853 0.492038
620.000000 0.485156 0.484328 : 0.485972 0.481052 0.488445
630.000000 0.481339 0.480487 : 0.482203 0.477104 0.484710
640.000000 0.477678 0.476805 : 0.478585 0.473322 0.481127
650.000000 0.473934 0.473038 : 0.474880 0.469445 0.477476
660.000000 0.470454 0.469538 : 0.471437 0.465828 0.474098
670.000000 0.466869 0.465933 : 0.467894 0.462105 0.470609
680.000000 0.463281 0.462327 : 0.464332 0.458381 0.467130
690.000000 0.459869 0.458899 : 0.460946 0.454829 0.463831
700.000000 0.456401 0.455416 : 0.457507 0.451217 0.460478
710.000000 0.453035 0.452040 : 0.454162 0.447718 0.457226
720.000000 0.449651 0.448644 : 0.450797 0.444201 0.453955
730.000000 0.446377 0.445361 : 0.447545 0.440797 0.450789
740.000000 0.443075 0.442050 : 0.444262 0.437367 0.447595
750.000000 0.439824 0.438786 : 0.441032 0.433999 0.444440
760.000000 0.436664 0.435615 : 0.437895 0.430728 0.441370
770.000000 0.433512 0.432449 : 0.434764 0.427462 0.438310
780.000000 0.430342 0.429265 : 0.431607 0.424193 0.435228
790.000000 0.427224 0.426130 : 0.428506 0.420980 0.432186
800.000000 0.424275 0.423167 : 0.425573 0.417939 0.429314
810.000000 0.421228 0.420106 : 0.422539 0.414802 0.426345
820.000000 0.418189 0.417052 : 0.419512 0.411680 0.423376
830.000000 0.415268 0.414118 : 0.416603 0.408669 0.420530
840.000000 0.412414 0.411253 : 0.413764 0.405721 0.417758
850.000000 0.409537 0.408365 : 0.410903 0.402744 0.414964
860.000000 0.406645 0.405462 : 0.408022 0.399756 0.412157
870.000000 0.403876 0.402683 : 0.405270 0.396884 0.409475
880.000000 0.401119 0.399916 : 0.402535 0.394026 0.406796
890.000000 0.398414 0.397198 : 0.399848 0.391221 0.404172
900.000000 0.395696 0.394468 : 0.397148 0.388401 0.401540
910.000000 0.393018 0.391777 : 0.394488 0.385623 0.398943
920.000000 0.390408 0.389155 : 0.391901 0.382911 0.396413
930.000000 0.387829 0.386563 : 0.389339 0.380235 0.393913
940.000000 0.385263 0.383985 : 0.386796 0.377575 0.391419
950.000000 0.382680 0.381388 : 0.384231 0.374902 0.388907
960.000000 0.380204 0.378896 : 0.381777 0.372336 0.386501
970.000000 0.377751 0.376426 : 0.379342 0.369792 0.384119
980.000000 0.375290 0.373946 : 0.376898 0.367242 0.381732
990.000000 0.372850 0.371485 : 0.374471 0.364712 0.379369
1000.000000 0.370481 0.369094 : 0.372112 0.362261 0.377071
1010.000000 0.368147 0.366736 : 0.369789 0.359841 0.374809
1020.000000 0.365802 0.364366 : 0.367442 0.357422 0.372542
1030.000000 0.363538 0.362077 : 0.365181 0.355079 0.370352
1040.000000 0.361275 0.359789 : 0.362913 0.352737 0.368174
1050.000000 0.359031 0.357523 : 0.360662 0.350412 0.366017
1060.000000 0.356855 0.355323 : 0.358478 0.348155 0.363931
1070.000000 0.354690 0.353138 : 0.356300 0.345915 0.361854
1080.000000 0.352529 0.350954 : 0.354127 0.343677 0.359782
1090.000000 0.350411 0.348814 : 0.351996 0.341487 0.357749
1100.000000 0.348348 0.346728 : 0.349929 0.339351 0.355762
1110.000000 0.346268 0.344624 : 0.347835 0.337205 0.353764
1120.000000 0.344225 0.342557 : 0.345783 0.335100 0.351790
1130.000000 0.342224 0.340534 : 0.343777 0.333038 0.349857
1140.000000 0.340222 0.338510 : 0.341766 0.330978 0.347923
1150.000000 0.338260 0.336524 : 0.339798 0.328961 0.346022
1160.000000 0.336322 0.334563 : 0.337854 0.326963 0.344148
1170.000000 0.334386 0.332605 : 0.335918 0.324966 0.342275
1180.000000 0.332463 0.330658 : 0.333989 0.322983 0.340416
1190.000000 0.330587 0.328758 : 0.332113 0.321046 0.338600
1200.000000 0.328714 0.326862 : 0.330239 0.319114 0.336790
1210.000000 0.326863 0.324988 : 0.328382 0.317200 0.335005
1220.000000 0.325030 0.323132 : 0.326546 0.315306 0.333239
1230.000000 0.323210 0.321292 : 0.324723 0.313418 0.331490
1240.000000 0.321427 0.319486 : 0.322935 0.311574 0.329771
1250.000000 0.319651 0.317687 : 0.321154 0.309736 0.328062
1260.000000 0.317886 0.315900 : 0.319383 0.307915 0.326359
1270.000000 0.316136 0.314125 : 0.317630 0.306116 0.324663
1280.000000 0.314422 0.312390 : 0.315906 0.304348 0.323012
1290.000000 0.312719 0.310663 : 0.314192 0.302591 0.321374
1300.000000 0.311021 0.308943 : 0.312486 0.300837 0.319741
1310.000000 0.309346 0.307246 : 0.310801 0.299109 0.318128
1320.000000 0.307676 0.305551 : 0.309116 0.297389 0.316523
1330.000000 0.306035 0.303890 : 0.307462 0.295696 0.314948
1340.000000 0.304406 0.302237 : 0.305816 0.294019 0.313382
1350.000000 0.302769 0.300576 : 0.304162 0.292331 0.311814
1360.000000 0.301174 0.298955 : 0.302543 0.290692 0.310287
1370.000000 0.299610 0.297364 : 0.300952 0.289080 0.308797
1380.000000 0.298044 0.295771 : 0.299362 0.287468 0.307301
1390.000000 0.296486 0.294187 : 0.297773 0.285875 0.305812
1400.000000 0.294960 0.292635 : 0.296216 0.284310 0.304354
1410.000000 0.293450 0.291100 : 0.294669 0.282763 0.302919
1420.000000 0.291942 0.289567 : 0.293127 0.281212 0.301486
1430.000000 0.290453 0.288055 : 0.291599 0.279683 0.300076
1440.000000 0.288980 0.286556 : 0.290089 0.278165 0.298685
1450.000000 0.287511 0.285063 : 0.288589 0.276646 0.297299
1460.000000 0.286065 0.283593 : 0.287109 0.275144 0.295942
1470.000000 0.284627 0.282131 : 0.285640 0.273647 0.294594
1480.000000 0.283197 0.280673 : 0.284174 0.272164 0.293251
1490.000000 0.281794 0.279243 : 0.282741 0.270705 0.291937
1500.000000 0.280405 0.277825 : 0.281317 0.269256 0.290642
1510.000000 0.279026 0.276416 : 0.279918 0.267816 0.289344
1520.000000 0.277658 0.275018 : 0.278531 0.266390 0.288054
1530.000000 0.276306 0.273632 : 0.277161 0.264978 0.286780
1540.000000 0.274967 0.272261 : 0.275806 0.263585 0.285511
1550.000000 0.273637 0.270898 : 0.274457 0.262207 0.284248
1560.000000 0.272319 0.269549 : 0.273117 0.260846 0.282995
1570.000000 0.271006 0.268202 : 0.271776 0.259486 0.281756
1580.000000 0.269701 0.266869 : 0.270441 0.258138 0.280524
1590.000000 0.268409 0.265549 : 0.269121 0.256799 0.279307
1600.000000 0.267124 0.264235 : 0.267807 0.255469 0.278095
1610.000000 0.265847 0.262935 : 0.266503 0.254149 0.276890
1620.000000 0.264586 0.261648 : 0.265211 0.252845 0.275700
1630.000000 0.263335 0.260374 : 0.263930 0.251558 0.274517
1640.000000 0.262089 0.259104 : 0.262653 0.250271 0.273343
1650.000000 0.260855 0.257845 : 0.261381 0.249003 0.272182
1660.000000 0.259643 0.256604 : 0.260136 0.247754 0.271039
1670.000000 0.258437 0.255371 : 0.258893 0.246514 0.269906
1680.000000 0.257242 0.254144 : 0.257651 0.245292 0.268781
1690.000000 0.256062 0.252934 : 0.256423 0.244086 0.267676
1700.000000 0.254891 0.251734 : 0.255195 0.242894 0.266584
1710.000000 0.253721 0.250533 : 0.253968 0.241706 0.265490
1720.000000 0.252556 0.249338 : 0.252741 0.240528 0.264400
1730.000000 0.251409 0.248160 : 0.251526 0.239370 0.263331
1740.000000 0.250262 0.246983 : 0.250311 0.238210 0.262264
1750.000000 0.249117 0.245807 : 0.249102 0.237059 0.261191
1760.000000 0.247991 0.244653 : 0.247917 0.235925 0.260130
1770.000000 0.246879 0.243512 : 0.246740 0.234809 0.259088
1780.000000 0.245774 0.242377 : 0.245577 0.233698 0.258046
1790.000000 0.244665 0.241244 : 0.244416 0.232584 0.256996
1800.000000 0.243575 0.240129 : 0.243269 0.231481 0.255975
1810.000000 0.242493 0.239022 : 0.242129 0.230383 0.254966
1820.000000 0.241415 0.237919 : 0.241000 0.229284 0.253963
1830.000000 0.240351 0.236832 : 0.239882 0.228204 0.252968
1840.000000 0.239294 0.235750 : 0.238774 0.227129 0.251977
1850.000000 0.238245 0.234678 : 0.237671 0.226064 0.251000
1860.000000 0.237201 0.233610 : 0.236565 0.225019 0.250018
1870.000000 0.236166 0.232555 : 0.235467 0.223973 0.249057
1880.000000 0.235136 0.231504 : 0.234374 0.222939 0.248095
1890.000000 0.234109 0.230458 : 0.233281 0.221904 0.247142
1900.000000 0.233104 0.229433 : 0.232202 0.220897 0.246214
1910.000000 0.232095 0.228407 : 0.231118 0.219886 0.245281
1920.000000 0.231091 0.227387 : 0.230045 0.218874 0.244355
1930.000000 0.230100 0.226378 : 0.228975 0.217881 0.243443
1940.000000 0.229119 0.225378 : 0.227920 0.216889 0.242547
1950.000000 0.228145 0.224385 : 0.226874 0.215906 0.241655
1960.000000 0.227172 0.223391 : 0.225835 0.214918 0.240762
1970.000000 0.226215 0.222411 : 0.224812 0.213947 0.239885
1980.000000 0.225260 0.221433 : 0.223795 0.212982 0.239003
1990.000000 0.224317 0.220466 : 0.222791 0.212027 0.238132
2000.000000 0.223386 0.219508 : 0.221794 0.211091 0.237272
5000.000000 0.116649 0.112653 : 0.093718 0.096380 0.159849
10000.000000 0.064159 0.057146 : 0.036361 0.038523 0.117593
15000.000000 0.044692 0.034638 : 0.015737 0.017713 0.100628
20000.000000 0.035463 0.022664 : 0.006571 0.008279 0.091539
25000.000000 0.030561 0.015551 : 0.002915 0.003974 0.084793
30000.000000 0.027900 0.011260 : 0.001275 0.002142 0.080282
35000.000000 0.026243 0.008568 : 0.000907 0.001338 0.076485
40000.000000 0.025033 0.006893 : 0.000272 0.000970 0.073858
45000.000000 0.024174 0.005691 : 0.000209 0.000615 0.071696
50000.000000 0.023455 0.004769 : 0.000172 0.000727 0.069466
55000.000000 0.022652 0.004082 : 0.000096 0.000144 0.067717
60000.000000 0.021924 0.003502 : -0.000026 -0.000093 0.065891
65000.000000 0.021621 0.003171 : 0.000522 -0.000090 0.064432
70000.000000 0.021082 0.002766 : 0.000480 -0.000214 0.062981
75000.000000 0.020775 0.002478 : 0.000430 -0.000117 0.062011
80000.000000 0.020187 0.002246 : 0.000124 -0.000397 0.060835
85000.000000 0.019771 0.001982 : -0.000374 -0.000056 0.059742
90000.000000 0.019615 0.001824 : -0.000015 -0.000060 0.058920
95000.000000 0.019294 0.001635 : 0.000024 -0.000179 0.058038
100000.000000 0.018809 0.001530 : -0.000271 -0.000310 0.057008
105000.000000 0.018753 0.001373 : 0.000044 -0.000008 0.056222
110000.000000 0.018188 0.001304 : -0.000226 -0.000689 0.055478
115000.000000 0.018171 0.001198 : -0.000129 -0.000255 0.054899
120000.000000 0.017921 0.001097 : -0.000251 -0.000192 0.054206
125000.000000 0.017700 0.001073 : -0.000361 0.000000 0.053462
130000.000000 0.017488 0.001006 : -0.000051 -0.000352 0.052868
135000.000000 0.017300 0.000964 : -0.000153 -0.000220 0.052273
140000.000000 0.017249 0.000894 : 0.000513 -0.000191 0.051427
145000.000000 0.017184 0.000836 : 0.000387 0.000162 0.051002
150000.000000 0.016969 0.000753 : 0.000665 -0.000183 0.050423
155000.000000 0.016688 0.000705 : 0.000383 -0.000220 0.049901
160000.000000 0.016395 0.000620 : -0.000016 -0.000224 0.049425
165000.000000 0.016356 0.000609 : 0.000162 -0.000101 0.049008
170000.000000 0.016289 0.000638 : 0.000073 0.000152 0.048642
175000.000000 0.015939 0.000617 : -0.000154 0.000106 0.047865
180000.000000 0.015730 0.000578 : -0.000295 -0.000191 0.047675
185000.000000 0.015688 0.000568 : -0.000052 -0.000061 0.047176
190000.000000 0.015692 0.000567 : -0.000009 0.000066 0.047020
195000.000000 0.015574 0.000581 : 0.000169 -0.000036 0.046588
200000.000000 0.015417 0.000547 : 0.000023 -0.000231 0.046459
205000.000000 0.015141 0.000554 : -0.000001 -0.000344 0.045768
210000.000000 0.014957 0.000487 : -0.000114 -0.000192 0.045178
215000.000000 0.014897 0.000501 : -0.000190 -0.000123 0.045004
220000.000000 0.014713 0.000482 : -0.000137 -0.000208 0.044483
225000.000000 0.014787 0.000476 : 0.000089 0.000155 0.044117
230000.000000 0.014538 0.000434 : -0.000033 -0.000141 0.043788
235000.000000 0.014474 0.000468 : 0.000206 -0.000061 0.043278
240000.000000 0.014365 0.000448 : 0.000085 -0.000165 0.043176
245000.000000 0.014289 0.000420 : -0.000048 0.000023 0.042891
250000.000000 0.014153 0.000395 : -0.000272 0.000257 0.042474
255000.000000 0.014118 0.000340 : -0.000097 0.000199 0.042253
260000.000000 0.013708 0.000305 : -0.000301 -0.000176 0.041602
265000.000000 0.013789 0.000311 : -0.000144 -0.000013 0.041522
270000.000000 0.013823 0.000299 : -0.000024 0.000413 0.041081
275000.000000 0.013820 0.000259 : 0.000191 0.000306 0.040963
280000.000000 0.013622 0.000288 : 0.000109 0.000132 0.040626
285000.000000 0.013620 0.000314 : 0.000112 0.000424 0.040324
290000.000000 0.013383 0.000291 : -0.000105 0.000251 0.040004
295000.000000 0.013298 0.000268 : 0.000110 0.000144 0.039638
300000.000000 0.013062 0.000276 : -0.000314 0.000020 0.039478
305000.000000 0.013096 0.000271 : 0.000051 0.000015 0.039222
310000.000000 0.012853 0.000288 : -0.000016 -0.000249 0.038824
315000.000000 0.012942 0.000268 : 0.000120 -0.000024 0.038731
320000.000000 0.012815 0.000249 : 0.000064 -0.000039 0.038420
325000.000000 0.012783 0.000224 : 0.000090 0.000159 0.038100
330000.000000 0.012672 0.000217 : 0.000259 -0.000074 0.037830
335000.000000 0.012617 0.000223 : 0.000200 0.000085 0.037565
340000.000000 0.012372 0.000214 : 0.000077 -0.000127 0.037167
345000.000000 0.012250 0.000209 : -0.000233 -0.000114 0.037098
350000.000000 0.012399 0.000236 : 0.000250 -0.000080 0.037028
355000.000000 0.012204 0.000219 : 0.000247 -0.000089 0.036454
360000.000000 0.012173 0.000221 : 0.000215 -0.000150 0.036454
365000.000000 0.012083 0.000193 : -0.000046 -0.000022 0.036317
370000.000000 0.011966 0.000204 : 0.000028 -0.000138 0.036008
375000.000000 0.011893 0.000213 : -0.000097 -0.000240 0.036017
380000.000000 0.011885 0.000214 : -0.000278 0.000054 0.035879
385000.000000 0.011650 0.000228 : -0.000167 -0.000194 0.035309
390000.000000 0.011702 0.000224 : -0.000107 0.000091 0.035123
395000.000000 0.011574 0.000217 : -0.000104 0.000034 0.034794
400000.000000 0.011584 0.000218 : -0.000043 -0.000008 0.034803
405000.000000 0.011550 0.000214 : -0.000190 0.000224 0.034617
410000.000000 0.011359 0.000197 : -0.000125 0.000117 0.034086
415000.000000 0.011235 0.000201 : -0.000298 -0.000018 0.034021
420000.000000 0.011261 0.000202 : 0.000065 -0.000250 0.033967
425000.000000 0.011225 0.000220 : -0.000091 -0.000106 0.033871
430000.000000 0.011072 0.000200 : -0.000119 -0.000184 0.033520
435000.000000 0.011034 0.000199 : 0.000252 -0.000349 0.033201
440000.000000 0.010986 0.000206 : -0.000138 0.000006 0.033089
445000.000000 0.011047 0.000206 : 0.000091 0.000120 0.032931
450000.000000 0.010952 0.000183 : 0.000114 0.000080 0.032661
455000.000000 0.010907 0.000196 : 0.000031 0.000016 0.032673
460000.000000 0.010953 0.000192 : 0.000280 0.000094 0.032485
465000.000000 0.010889 0.000212 : 0.000290 0.000069 0.032307
470000.000000 0.010605 0.000179 : 0.000019 -0.000139 0.031934
475000.000000 0.010691 0.000182 : 0.000140 -0.000052 0.031984
480000.000000 0.010604 0.000181 : 0.000036 -0.000013 0.031788
485000.000000 0.010370 0.000177 : -0.000173 -0.000186 0.031469
490000.000000 0.010512 0.000173 : 0.000103 0.000098 0.031335
495000.000000 0.010535 0.000145 : 0.000154 -0.000042 0.031494
500000.000000 0.010413 0.000153 : 0.000263 -0.000232 0.031209
505000.000000 0.010277 0.000155 : 0.000247 -0.000219 0.030803
510000.000000 0.010258 0.000146 : -0.000017 -0.000030 0.030820
515000.000000 0.010093 0.000137 : -0.000190 -0.000197 0.030667
520000.000000 0.010200 0.000148 : -0.000088 -0.000103 0.030789
525000.000000 0.010114 0.000138 : -0.000056 -0.000022 0.030420
530000.000000 0.009961 0.000143 : -0.000199 -0.000247 0.030330
535000.000000 0.009994 0.000128 : -0.000194 0.000016 0.030159
540000.000000 0.009952 0.000141 : -0.000026 0.000087 0.029794
545000.000000 0.009997 0.000134 : -0.000040 0.000142 0.029890
550000.000000 0.009910 0.000144 : -0.000093 0.000089 0.029734
555000.000000 0.009932 0.000139 : 0.000017 0.000259 0.029519
560000.000000 0.009690 0.000123 : -0.000281 0.000070 0.029282
565000.000000 0.009684 0.000132 : -0.000069 0.000054 0.029068
570000.000000 0.009693 0.000110 : 0.000082 0.000003 0.028994
575000.000000 0.009542 0.000112 : 0.000263 -0.000357 0.028721
580000.000000 0.009649 0.000109 : 0.000195 0.000004 0.028748
585000.000000 0.009471 0.000122 : -0.000004 0.000093 0.028322
590000.000000 0.009556 0.000123 : 0.000158 0.000293 0.028218
595000.000000 0.009269 0.000113 : -0.000039 -0.000132 0.027979
600000.000000 0.009224 0.000122 : 0.000100 -0.000022 0.027595
605000.000000 0.009291 0.000116 : 0.000091 -0.000037 0.027819
610000.000000 0.009250 0.000110 : 0.000087 0.000198 0.027466
615000.000000 0.009176 0.000118 : -0.000183 0.000246 0.027465
620000.000000 0.009294 0.000122 : 0.000310 0.000156 0.027415
625000.000000 0.009005 0.000107 : 0.000073 -0.000069 0.027012
630000.000000 0.009035 0.000090 : 0.000136 0.000003 0.026965
635000.000000 0.008948 0.000080 : 0.000061 -0.000131 0.026913
640000.000000 0.008763 0.000101 : -0.000086 -0.000029 0.026403
645000.000000 0.008662 0.000106 : -0.000255 -0.000198 0.026439
650000.000000 0.008708 0.000112 : -0.000211 -0.000093 0.026427
655000.000000 0.008722 0.000109 : -0.000091 -0.000048 0.026305
660000.000000 0.008742 0.000111 : 0.000065 0.000084 0.026075
665000.000000 0.008629 0.000091 : -0.000045 -0.000052 0.025986
670000.000000 0.008655 0.000094 : 0.000208 0.000056 0.025700
675000.000000 0.008510 0.000097 : 0.000088 -0.000138 0.025580
680000.000000 0.008628 0.000087 : 0.000285 0.000109 0.025491
685000.000000 0.008485 0.000096 : 0.000275 0.000077 0.025104
690000.000000 0.008409 0.000101 : 0.000050 -0.000001 0.025178
695000.000000 0.008292 0.000090 : -0.000033 -0.000106 0.025014
700000.000000 0.008286 0.000088 : -0.000146 0.000087 0.024917
705000.000000 0.008183 0.000078 : -0.000038 -0.000239 0.024825
710000.000000 0.008193 0.000071 : -0.000246 -0.000095 0.024919
715000.000000 0.008185 0.000095 : 0.000064 0.000063 0.024428
720000.000000 0.008144 0.000094 : 0.000022 -0.000035 0.024446
725000.000000 0.008017 0.000080 : 0.000068 -0.000117 0.024100
730000.000000 0.007948 0.000053 : -0.000032 -0.000165 0.024042
735000.000000 0.007865 0.000064 : -0.000309 -0.000134 0.024039
740000.000000 0.007767 0.000069 : -0.000355 -0.000097 0.023752
745000.000000 0.007792 0.000057 : -0.000039 -0.000236 0.023650
750000.000000 0.007853 0.000063 : -0.000093 0.000024 0.023629
755000.000000 0.007718 0.000059 : -0.000147 -0.000205 0.023506
760000.000000 0.007826 0.000071 : -0.000090 0.000107 0.023461
765000.000000 0.007873 0.000067 : 0.000101 0.000229 0.023289
770000.000000 0.007621 0.000062 : -0.000136 -0.000021 0.023020
775000.000000 0.007787 0.000092 : 0.000048 0.000153 0.023160
780000.000000 0.007725 0.000091 : 0.000037 0.000208 0.022931
785000.000000 0.007535 0.000086 : 0.000036 0.000010 0.022560
790000.000000 0.007423 0.000086 : -0.000273 -0.000092 0.022634
795000.000000 0.007523 0.000073 : 0.000033 0.000073 0.022462
800000.000000 0.007303 0.000075 : -0.000139 -0.000080 0.022127
805000.000000 0.007210 0.000074 : -0.000265 -0.000202 0.022099
810000.000000 0.007299 0.000069 : -0.000119 -0.000050 0.022065
815000.000000 0.007329 0.000066 : -0.000117 -0.000005 0.022109
820000.000000 0.007339 0.000051 : 0.000068 0.000002 0.021949
825000.000000 0.007264 0.000057 : 0.000006 -0.000051 0.021837
830000.000000 0.007228 0.000060 : -0.000053 0.000006 0.021731
835000.000000 0.007198 0.000066 : -0.000031 0.000081 0.021544
840000.000000 0.007219 0.000066 : 0.000120 0.000258 0.021279
845000.000000 0.007135 0.000097 : 0.000088 0.000156 0.021161
850000.000000 0.007138 0.000082 : 0.000114 0.000028 0.021273
855000.000000 0.006997 0.000072 : 0.000044 -0.000125 0.021073
860000.000000 0.007009 0.000072 : 0.000124 -0.000022 0.020925
865000.000000 0.006977 0.000077 : 0.000028 0.000027 0.020875
870000.000000 0.006890 0.000073 : -0.000057 0.000014 0.020712
875000.000000 0.006912 0.000082 : -0.000118 0.000115 0.020740
880000.000000 0.006797 0.000074 : 0.000073 -0.000148 0.020466
885000.000000 0.006741 0.000069 : -0.000013 -0.000203 0.020439
890000.000000 0.006682 0.000073 : 0.000161 -0.000444 0.020329
895000.000000 0.006610 0.000064 : 0.000085 -0.000222 0.019966
900000.000000 0.006782 0.000064 : 0.000245 -0.000036 0.020136
905000.000000 0.006758 0.000066 : 0.000374 -0.000233 0.020135
910000.000000 0.006510 0.000054 : -0.000098 -0.000231 0.019860
915000.000000 0.006625 0.000043 : 0.000137 0.000037 0.019700
920000.000000 0.006591 0.000048 : 0.000182 -0.000215 0.019807
925000.000000 0.006497 0.000057 : 0.000036 -0.000103 0.019558
930000.000000 0.006441 0.000036 : -0.000095 -0.000196 0.019613
935000.000000 0.006427 0.000046 : 0.000093 -0.000193 0.019379
940000.000000 0.006532 0.000050 : 0.000310 0.000127 0.019158
945000.000000 0.006437 0.000034 : -0.000063 -0.000050 0.019423
950000.000000 0.006405 0.000048 : 0.000154 -0.000028 0.019091
955000.000000 0.006431 0.000048 : 0.000181 0.000182 0.018929
960000.000000 0.006454 0.000053 : 0.000137 0.000085 0.019141
965000.000000 0.006414 0.000056 : 0.000047 0.000013 0.019183
970000.000000 0.006333 0.000046 : 0.000064 0.000146 0.018791
975000.000000 0.006239 0.000055 : 0.000066 0.000071 0.018580
980000.000000 0.006235 0.000057 : 0.000087 -0.000264 0.018881
985000.000000 0.006137 0.000046 : -0.000122 -0.000166 0.018698
990000.000000 0.006157 0.000050 : 0.000060 -0.000180 0.018592
995000.000000 0.006232 0.000044 : 0.000133 -0.000137 0.018701
1000000.000000 0.006006 0.000044 : 0.000122 -0.000237 0.018132
