0.000000 1.000000 1.000000 : 1.000000 1.000000 1.000000
10.000000 0.985601 0.985601 : 0.985605 0.985563 0.985634
20.000000 0.976343 0.976343 : 0.976365 0.976366 0.976297
30.000000 0.962711 0.962711 : 0.962637 0.962764 0.962730
40.000000 0.946934 0.946933 : 0.946739 0.947014 0.947048
50.000000 0.930583 0.930581 : 0.930300 0.930739 0.930711
60.000000 0.915022 0.915017 : 0.914599 0.915250 0.915216
70.000000 0.904250 0.904241 : 0.903676 0.904562 0.904511
80.000000 0.888207 0.888193 : 0.887500 0.888571 0.888549
90.000000 0.877425 0.877405 : 0.876581 0.877849 0.877844
100.000000 0.865059 0.865033 : 0.864161 0.865575 0.865441
110.000000 0.854266 0.854234 : 0.853242 0.854822 0.854734
120.000000 0.846052 0.846013 : 0.844924 0.846641 0.846590
130.000000 0.836952 0.836908 : 0.835756 0.837580 0.837520
140.000000 0.827261 0.827211 : 0.825995 0.827909 0.827879
150.000000 0.817421 0.817363 : 0.816093 0.818093 0.818078
160.000000 0.808172 0.808106 : 0.806779 0.808845 0.808890
170.000000 0.797491 0.797416 : 0.796037 0.798171 0.798265
180.000000 0.788148 0.788063 : 0.786650 0.788828 0.788966
190.000000 0.777547 0.777450 : 0.776023 0.778198 0.778419
200.000000 0.767890 0.767781 : 0.766361 0.768505 0.768805
210.000000 0.759160 0.759038 : 0.757613 0.759713 0.760155
220.000000 0.749567 0.749430 : 0.748027 0.750062 0.750611
230.000000 0.740752 0.740601 : 0.739255 0.741194 0.741806
240.000000 0.731411 0.731243 : 0.729924 0.731780 0.732530
250.000000 0.723801 0.723617 : 0.722344 0.724102 0.724956
260.000000 0.715415 0.715215 : 0.714013 0.715649 0.716583
270.000000 0.708008 0.707792 : 0.706663 0.708156 0.709206
280.000000 0.700997 0.700764 : 0.699707 0.701054 0.702232
290.000000 0.694074 0.693824 : 0.692821 0.694040 0.695362
300.000000 0.687602 0.687336 : 0.686415 0.687460 0.688931
310.000000 0.680516 0.680234 : 0.679406 0.680270 0.681873
320.000000 0.674215 0.673917 : 0.673171 0.673862 0.675612
330.000000 0.667704 0.667390 : 0.666734 0.667241 0.669137
340.000000 0.661588 0.661261 : 0.660685 0.661011 0.663068
350.000000 0.655195 0.654854 : 0.654380 0.654504 0.656701
360.000000 0.649718 0.649365 : 0.648971 0.648908 0.651276
370.000000 0.643912 0.643549 : 0.643236 0.642976 0.645525
380.000000 0.637801 0.637426 : 0.637200 0.636748 0.639454
390.000000 0.632500 0.632114 : 0.631976 0.631336 0.634189
400.000000 0.626935 0.626538 : 0.626486 0.625646 0.628672
410.000000 0.621902 0.621494 : 0.621504 0.620513 0.623690
420.000000 0.616386 0.615964 : 0.616060 0.614888 0.618211
430.000000 0.611708 0.611272 : 0.611445 0.610103 0.613575
440.000000 0.607018 0.606568 : 0.606822 0.605308 0.608924
450.000000 0.602031 0.601565 : 0.601902 0.600219 0.603973
460.000000 0.597501 0.597020 : 0.597431 0.595587 0.599484
470.000000 0.592710 0.592214 : 0.592707 0.590693 0.594730
480.000000 0.588337 0.587827 : 0.588389 0.586215 0.590407
490.000000 0.583731 0.583207 : 0.583848 0.581505 0.585840
500.000000 0.579377 0.578838 : 0.579540 0.577053 0.581538
510.000000 0.574946 0.574395 : 0.575157 0.572521 0.577158
520.000000 0.570600 0.570036 : 0.570874 0.568065 0.572861
530.000000 0.566498 0.565922 : 0.566816 0.563857 0.568820
540.000000 0.562118 0.561533 : 0.562482 0.559373 0.564500
550.000000 0.558008 0.557412 : 0.558411 0.555154 0.560459
560.000000 0.553938 0.553331 : 0.554385 0.550971 0.556460
570.000000 0.550083 0.549465 : 0.550570 0.547012 0.552668
580.000000 0.545999 0.545369 : 0.546528 0.542818 0.548653
590.000000 0.542249 0.541605 : 0.542828 0.538951 0.544969
600.000000 0.538466 0.537808 : 0.539096 0.535055 0.541245
610.000000 0.534577 0.533904 : 0.535263 0.531051 0.537418
620.000000 0.531004 0.530315 : 0.531737 0.527365 0.533911
630.000000 0.527294 0.526584 : 0.528078 0.523536 0.530268
640.000000 0.523732 0.523005 : 0.524563 0.519865 0.526767
650.000000 0.520085 0.519340 : 0.520959 0.516099 0.523198
660.000000 0.516686 0.515922 : 0.517600 0.512577 0.519881
670.000000 0.513186 0.512406 : 0.514146 0.508953 0.516459
680.000000 0.509679 0.508884 : 0.510671 0.505325 0.513041
690.000000 0.506337 0.505529 : 0.507361 0.501858 0.509792
700.000000 0.502940 0.502120 : 0.503997 0.498333 0.506490
710.000000 0.499640 0.498811 : 0.500724 0.494912 0.503284
720.000000 0.496316 0.495478 : 0.497425 0.491469 0.500056
730.000000 0.493099 0.492254 : 0.494234 0.488134 0.496929
740.000000 0.489852 0.488999 : 0.491012 0.484770 0.493773
750.000000 0.486650 0.485787 : 0.487837 0.481462 0.490653
760.000000 0.483535 0.482662 : 0.484749 0.478244 0.487612
770.000000 0.480425 0.479541 : 0.481664 0.475029 0.484582
780.000000 0.477300 0.476404 : 0.478559 0.471812 0.481530
790.000000 0.474218 0.473308 : 0.475500 0.468641 0.478513
800.000000 0.471298 0.470375 : 0.472603 0.465635 0.475658
810.000000 0.468284 0.467349 : 0.469609 0.462534 0.472709
820.000000 0.465274 0.464326 : 0.466620 0.459445 0.469758
830.000000 0.462375 0.461416 : 0.463742 0.456461 0.466923
840.000000 0.459538 0.458569 : 0.460928 0.453534 0.464153
850.000000 0.456679 0.455701 : 0.458092 0.450581 0.461363
860.000000 0.453803 0.452817 : 0.455236 0.447615 0.458559
870.000000 0.451045 0.450050 : 0.452502 0.444760 0.455874
880.000000 0.448295 0.447292 : 0.449780 0.441915 0.453189
890.000000 0.445594 0.444580 : 0.447105 0.439120 0.450556
900.000000 0.442881 0.441858 : 0.444417 0.436311 0.447916
910.000000 0.440204 0.439169 : 0.441765 0.433540 0.445307
920.000000 0.437591 0.436547 : 0.439180 0.430832 0.442762
930.000000 0.435007 0.433952 : 0.436619 0.428156 0.440246
940.000000 0.432436 0.431370 : 0.434076 0.425497 0.437736
950.000000 0.429846 0.428769 : 0.431509 0.422821 0.435207
960.000000 0.427358 0.426267 : 0.429048 0.420249 0.432778
970.000000 0.424891 0.423786 : 0.426605 0.417696 0.430372
980.000000 0.422415 0.421294 : 0.424151 0.415137 0.427957
990.000000 0.419958 0.418819 : 0.421713 0.412596 0.425566
1000.000000 0.417568 0.416411 : 0.419339 0.410128 0.423236
1010.000000 0.415210 0.414033 : 0.416999 0.407692 0.420939
1020.000000 0.412840 0.411642 : 0.414635 0.405251 0.418635
1030.000000 0.410548 0.409329 : 0.412354 0.402885 0.416405
1040.000000 0.408256 0.407016 : 0.410066 0.400520 0.414184
1050.000000 0.405982 0.404722 : 0.407794 0.398170 0.411981
1060.000000 0.403773 0.402494 : 0.405587 0.395884 0.409847
1070.000000 0.401575 0.400278 : 0.403386 0.393617 0.407722
1080.000000 0.399379 0.398064 : 0.401188 0.391349 0.405600
1090.000000 0.397224 0.395890 : 0.399031 0.389127 0.403515
1100.000000 0.395123 0.393771 : 0.396935 0.386959 0.401477
1110.000000 0.393005 0.391632 : 0.394812 0.384778 0.399425
1120.000000 0.390921 0.389529 : 0.392729 0.382636 0.397398
1130.000000 0.388879 0.387467 : 0.390691 0.380536 0.395410
1140.000000 0.386835 0.385405 : 0.388647 0.378438 0.393419
1150.000000 0.384829 0.383379 : 0.386643 0.376380 0.391462
1160.000000 0.382846 0.381377 : 0.384664 0.374343 0.389531
1170.000000 0.380867 0.379378 : 0.382694 0.372307 0.387599
1180.000000 0.378898 0.377389 : 0.380729 0.370282 0.385682
1190.000000 0.376975 0.375446 : 0.378815 0.368303 0.383807
1200.000000 0.375056 0.373505 : 0.376904 0.366327 0.381938
1210.000000 0.373157 0.371586 : 0.375009 0.364370 0.380092
1220.000000 0.371276 0.369685 : 0.373133 0.362432 0.378264
1230.000000 0.369408 0.367798 : 0.371270 0.360500 0.376453
1240.000000 0.367573 0.365944 : 0.369439 0.358610 0.374670
1250.000000 0.365745 0.364096 : 0.367615 0.356723 0.372896
1260.000000 0.363928 0.362261 : 0.365800 0.354854 0.371130
1270.000000 0.362125 0.360437 : 0.364002 0.353002 0.369371
1280.000000 0.360356 0.358649 : 0.362232 0.351183 0.367653
1290.000000 0.358597 0.356870 : 0.360471 0.349373 0.365948
1300.000000 0.356845 0.355098 : 0.358717 0.347569 0.364248
1310.000000 0.355113 0.353347 : 0.356983 0.345788 0.362567
1320.000000 0.353386 0.351598 : 0.355249 0.344015 0.360893
1330.000000 0.351688 0.349882 : 0.353546 0.342269 0.359249
1340.000000 0.350000 0.348172 : 0.351850 0.340537 0.357614
1350.000000 0.348305 0.346457 : 0.350146 0.338794 0.355976
1360.000000 0.346649 0.344778 : 0.348475 0.337096 0.354376
1370.000000 0.345023 0.343128 : 0.346831 0.335424 0.352813
1380.000000 0.343394 0.341477 : 0.345188 0.333750 0.351244
1390.000000 0.341774 0.339833 : 0.343546 0.332093 0.349682
1400.000000 0.340183 0.338221 : 0.341935 0.330463 0.348152
1410.000000 0.338608 0.336623 : 0.340334 0.328847 0.346642
1420.000000 0.337034 0.335028 : 0.338737 0.327229 0.345135
1430.000000 0.335479 0.333454 : 0.337155 0.325633 0.343650
1440.000000 0.333938 0.331891 : 0.335589 0.324045 0.342181
1450.000000 0.332402 0.330334 : 0.334032 0.322458 0.340718
1460.000000 0.330889 0.328799 : 0.332495 0.320889 0.339282
1470.000000 0.329384 0.327272 : 0.330969 0.319326 0.337857
1480.000000 0.327884 0.325749 : 0.329445 0.317774 0.336434
1490.000000 0.326412 0.324253 : 0.327952 0.316246 0.335039
1500.000000 0.324953 0.322767 : 0.326468 0.314729 0.333661
1510.000000 0.323502 0.321290 : 0.325007 0.313219 0.332281
1520.000000 0.322063 0.319825 : 0.323556 0.311723 0.330909
1530.000000 0.320638 0.318371 : 0.322122 0.310241 0.329552
1540.000000 0.319226 0.316932 : 0.320702 0.308776 0.328201
1550.000000 0.317824 0.315500 : 0.319289 0.307327 0.326856
1560.000000 0.316434 0.314082 : 0.317886 0.305892 0.325523
1570.000000 0.315047 0.312668 : 0.316482 0.304459 0.324200
1580.000000 0.313670 0.311265 : 0.315086 0.303038 0.322886
1590.000000 0.312306 0.309877 : 0.313706 0.301626 0.321587
1600.000000 0.310948 0.308494 : 0.312331 0.300222 0.320292
1610.000000 0.309600 0.307124 : 0.310965 0.298828 0.319006
1620.000000 0.308265 0.305767 : 0.309613 0.297450 0.317733
1630.000000 0.306941 0.304422 : 0.308269 0.296086 0.316469
1640.000000 0.305621 0.303081 : 0.306929 0.294724 0.315211
1650.000000 0.304314 0.301751 : 0.305596 0.293380 0.313966
1660.000000 0.303026 0.300437 : 0.304285 0.292054 0.312737
1670.000000 0.301744 0.299132 : 0.302977 0.290737 0.311518
1680.000000 0.300472 0.297833 : 0.301673 0.289436 0.310307
1690.000000 0.299216 0.296550 : 0.300381 0.288152 0.309114
1700.000000 0.297969 0.295276 : 0.299091 0.286880 0.307936
1710.000000 0.296724 0.294003 : 0.297804 0.285614 0.306755
1720.000000 0.295484 0.292736 : 0.296517 0.284356 0.305579
1730.000000 0.294261 0.291485 : 0.295243 0.283116 0.304424
1740.000000 0.293039 0.290235 : 0.293969 0.281876 0.303271
1750.000000 0.291820 0.288988 : 0.292701 0.280645 0.302113
1760.000000 0.290618 0.287761 : 0.291455 0.279430 0.300969
1770.000000 0.289430 0.286546 : 0.290218 0.278232 0.299842
1780.000000 0.288249 0.285338 : 0.288993 0.277040 0.298714
1790.000000 0.287065 0.284131 : 0.287770 0.275846 0.297579
1800.000000 0.285898 0.282942 : 0.286561 0.274663 0.296471
1810.000000 0.284739 0.281760 : 0.285359 0.273486 0.295373
1820.000000 0.283586 0.280584 : 0.284166 0.272311 0.294281
1830.000000 0.282446 0.279422 : 0.282986 0.271154 0.293199
1840.000000 0.281313 0.278267 : 0.281814 0.270003 0.292121
1850.000000 0.280188 0.277121 : 0.280646 0.268862 0.291056
1860.000000 0.279068 0.275979 : 0.279478 0.267739 0.289988
1870.000000 0.277957 0.274850 : 0.278317 0.266616 0.288938
1880.000000 0.276851 0.273725 : 0.277161 0.265504 0.287888
1890.000000 0.275748 0.272605 : 0.276006 0.264392 0.286846
1900.000000 0.274666 0.271506 : 0.274866 0.263305 0.285828
1910.000000 0.273581 0.270406 : 0.273722 0.262217 0.284804
1920.000000 0.272503 0.269313 : 0.272589 0.261129 0.283789
1930.000000 0.271435 0.268228 : 0.271460 0.260057 0.282787
1940.000000 0.270378 0.267155 : 0.270347 0.258989 0.281799
1950.000000 0.269329 0.266088 : 0.269242 0.257929 0.280816
1960.000000 0.268280 0.265021 : 0.268142 0.256865 0.279834
1970.000000 0.267248 0.263968 : 0.267059 0.255818 0.278866
1980.000000 0.266218 0.262917 : 0.265980 0.254777 0.277896
1990.000000 0.265199 0.261878 : 0.264914 0.253746 0.276937
2000.000000 0.264192 0.260848 : 0.263854 0.252733 0.275988
5000.000000 0.143744 0.140280 : 0.120738 0.123771 0.186723
10000.000000 0.080691 0.074340 : 0.051359 0.054141 0.136572
15000.000000 0.055669 0.046261 : 0.024266 0.026715 0.116025
20000.000000 0.043158 0.030804 : 0.011176 0.013409 0.104890
25000.000000 0.036282 0.021356 : 0.005279 0.006720 0.096846
30000.000000 0.032503 0.015492 : 0.002288 0.003813 0.091407
35000.000000 0.030286 0.011830 : 0.001503 0.002376 0.086980
40000.000000 0.028666 0.009417 : 0.000571 0.001550 0.083878
45000.000000 0.027549 0.007726 : 0.000406 0.001095 0.081146
50000.000000 0.026718 0.006450 : 0.000383 0.001184 0.078587
55000.000000 0.025770 0.005500 : 0.000136 0.000563 0.076610
60000.000000 0.024886 0.004712 : -0.000071 0.000197 0.074531
65000.000000 0.024433 0.004240 : 0.000439 0.000067 0.072792
70000.000000 0.023832 0.003734 : 0.000476 -0.000041 0.071062
75000.000000 0.023438 0.003321 : 0.000410 -0.000115 0.070019
80000.000000 0.022863 0.002996 : 0.000089 -0.000243 0.068742
85000.000000 0.022336 0.002666 : -0.000357 -0.000145 0.067511
90000.000000 0.022150 0.002416 : -0.000081 -0.000065 0.066597
95000.000000 0.021800 0.002189 : 0.000146 -0.000273 0.065528
100000.000000 0.021421 0.002043 : 0.000007 -0.000241 0.064497
105000.000000 0.021221 0.001827 : 0.000127 -0.000003 0.063539
110000.000000 0.020669 0.001727 : -0.000116 -0.000531 0.062655
115000.000000 0.020565 0.001587 : -0.000101 -0.000341 0.062136
120000.000000 0.020183 0.001445 : -0.000335 -0.000343 0.061227
125000.000000 0.019947 0.001377 : -0.000421 -0.000229 0.060492
130000.000000 0.019611 0.001287 : -0.000277 -0.000642 0.059752
135000.000000 0.019422 0.001237 : -0.000287 -0.000441 0.058995
140000.000000 0.019370 0.001145 : 0.000302 -0.000421 0.058230
145000.000000 0.019403 0.001077 : 0.000440 0.000111 0.057659
150000.000000 0.019135 0.000976 : 0.000389 -0.000050 0.057066
155000.000000 0.018852 0.000934 : 0.000408 -0.000274 0.056422
160000.000000 0.018655 0.000845 : 0.000313 -0.000280 0.055933
165000.000000 0.018611 0.000819 : 0.000267 -0.000047 0.055612
170000.000000 0.018454 0.000842 : 0.000216 -0.000009 0.055154
175000.000000 0.018120 0.000809 : -0.000008 0.000163 0.054206
180000.000000 0.017989 0.000765 : -0.000162 0.000024 0.054106
185000.000000 0.017874 0.000738 : 0.000050 -0.000042 0.053613
190000.000000 0.017716 0.000731 : 0.000007 -0.000089 0.053231
195000.000000 0.017679 0.000744 : 0.000340 -0.000182 0.052880
200000.000000 0.017558 0.000735 : 0.000239 -0.000242 0.052678
205000.000000 0.017257 0.000739 : 0.000016 -0.000228 0.051982
210000.000000 0.017079 0.000686 : -0.000152 0.000026 0.051363
215000.000000 0.017059 0.000708 : 0.000034 -0.000069 0.051212
220000.000000 0.016848 0.000675 : -0.000005 -0.000126 0.050676
225000.000000 0.016806 0.000651 : -0.000074 0.000248 0.050245
230000.000000 0.016628 0.000637 : -0.000020 -0.000022 0.049927
235000.000000 0.016477 0.000655 : 0.000173 0.000054 0.049204
240000.000000 0.016339 0.000625 : 0.000127 -0.000262 0.049151
245000.000000 0.016347 0.000601 : 0.000098 0.000145 0.048797
250000.000000 0.016172 0.000569 : -0.000077 0.000269 0.048324
255000.000000 0.016089 0.000487 : -0.000125 0.000209 0.048182
260000.000000 0.015808 0.000449 : -0.000242 0.000098 0.047567
265000.000000 0.015846 0.000443 : 0.000030 0.000156 0.047352
270000.000000 0.015782 0.000436 : 0.000032 0.000314 0.046999
275000.000000 0.015640 0.000380 : 0.000025 0.000192 0.046703
280000.000000 0.015614 0.000401 : 0.000180 0.000192 0.046470
285000.000000 0.015483 0.000412 : 0.000138 0.000383 0.045929
290000.000000 0.015257 0.000398 : 0.000021 0.000090 0.045660
295000.000000 0.015265 0.000383 : 0.000073 0.000408 0.045313
300000.000000 0.014977 0.000375 : -0.000193 -0.000061 0.045184
305000.000000 0.014999 0.000363 : 0.000157 -0.000151 0.044992
310000.000000 0.014822 0.000364 : -0.000005 -0.000087 0.044557
315000.000000 0.014846 0.000341 : 0.000178 -0.000017 0.044377
320000.000000 0.014544 0.000337 : -0.000184 -0.000170 0.043984
325000.000000 0.014442 0.000309 : -0.000262 0.000002 0.043585
330000.000000 0.014292 0.000293 : -0.000294 -0.000216 0.043385
335000.000000 0.014291 0.000299 : -0.000107 -0.000136 0.043117
340000.000000 0.014192 0.000306 : -0.000020 -0.000108 0.042703
345000.000000 0.014058 0.000297 : -0.000211 -0.000016 0.042401
350000.000000 0.014211 0.000337 : 0.000268 0.000042 0.042322
355000.000000 0.014063 0.000304 : 0.000099 0.000091 0.041998
360000.000000 0.014074 0.000321 : 0.000276 0.000076 0.041869
365000.000000 0.013999 0.000285 : 0.000218 0.000073 0.041707
370000.000000 0.013737 0.000290 : 0.000163 -0.000373 0.041422
375000.000000 0.013615 0.000299 : -0.000035 -0.000485 0.041365
380000.000000 0.013533 0.000281 : -0.000179 -0.000204 0.040981
385000.000000 0.013394 0.000291 : -0.000189 -0.000090 0.040459
390000.000000 0.013473 0.000289 : 0.000024 -0.000033 0.040427
395000.000000 0.013401 0.000278 : -0.000039 0.000171 0.040071
400000.000000 0.013342 0.000287 : -0.000064 0.000044 0.040046
405000.000000 0.013232 0.000293 : -0.000161 0.000105 0.039752
410000.000000 0.013047 0.000271 : -0.000213 0.000031 0.039322
415000.000000 0.013120 0.000288 : -0.000046 0.000070 0.039335
420000.000000 0.012828 0.000280 : -0.000107 -0.000390 0.038980
425000.000000 0.012799 0.000289 : -0.000139 -0.000284 0.038821
430000.000000 0.012817 0.000278 : 0.000180 -0.000264 0.038537
435000.000000 0.012716 0.000276 : 0.000197 -0.000289 0.038241
440000.000000 0.012630 0.000259 : -0.000016 -0.000174 0.038081
445000.000000 0.012611 0.000281 : -0.000150 -0.000141 0.038124
450000.000000 0.012552 0.000251 : 0.000030 -0.000046 0.037671
455000.000000 0.012513 0.000263 : 0.000065 -0.000114 0.037589
460000.000000 0.012478 0.000262 : -0.000007 -0.000078 0.037518
465000.000000 0.012445 0.000266 : 0.000137 -0.000073 0.037271
470000.000000 0.012375 0.000264 : 0.000126 0.000074 0.036926
475000.000000 0.012283 0.000254 : -0.000104 -0.000008 0.036962
480000.000000 0.012184 0.000246 : -0.000237 0.000016 0.036773
485000.000000 0.012152 0.000236 : -0.000151 0.000147 0.036459
490000.000000 0.012176 0.000228 : 0.000207 0.000108 0.036214
495000.000000 0.012197 0.000208 : 0.000168 0.000188 0.036234
500000.000000 0.011937 0.000192 : -0.000047 -0.000092 0.035950
505000.000000 0.011823 0.000180 : -0.000146 0.000001 0.035614
510000.000000 0.011819 0.000179 : 0.000008 -0.000140 0.035588
515000.000000 0.011844 0.000197 : 0.000107 -0.000005 0.035432
520000.000000 0.011943 0.000201 : 0.000287 0.000025 0.035517
525000.000000 0.011660 0.000182 : -0.000092 -0.000019 0.035091
530000.000000 0.011633 0.000202 : -0.000127 -0.000044 0.035069
535000.000000 0.011562 0.000178 : -0.000023 -0.000199 0.034910
540000.000000 0.011642 0.000192 : 0.000038 0.000282 0.034607
545000.000000 0.011582 0.000190 : 0.000299 -0.000154 0.034603
550000.000000 0.011585 0.000201 : 0.000134 0.000202 0.034419
555000.000000 0.011380 0.000183 : 0.000068 -0.000013 0.034085
560000.000000 0.011442 0.000173 : 0.000266 0.000076 0.033986
565000.000000 0.011340 0.000181 : 0.000131 0.000189 0.033700
570000.000000 0.011304 0.000168 : 0.000145 0.000236 0.033530
575000.000000 0.011121 0.000166 : 0.000107 -0.000128 0.033386
580000.000000 0.011239 0.000167 : -0.000034 0.000244 0.033506
585000.000000 0.011111 0.000181 : 0.000138 0.000142 0.033053
590000.000000 0.011048 0.000169 : 0.000249 0.000105 0.032789
595000.000000 0.010931 0.000164 : 0.000138 0.000023 0.032633
600000.000000 0.010808 0.000173 : 0.000014 0.000113 0.032298
605000.000000 0.010886 0.000152 : 0.000236 0.000044 0.032377
610000.000000 0.010694 0.000165 : 0.000154 -0.000026 0.031954
615000.000000 0.010727 0.000162 : -0.000065 0.000184 0.032062
620000.000000 0.010707 0.000173 : 0.000282 -0.000003 0.031843
625000.000000 0.010483 0.000157 : 0.000036 -0.000124 0.031537
630000.000000 0.010365 0.000149 : -0.000155 -0.000071 0.031322
635000.000000 0.010508 0.000125 : -0.000185 0.000337 0.031373
640000.000000 0.010276 0.000145 : -0.000251 0.000100 0.030980
645000.000000 0.010320 0.000149 : 0.000034 0.000004 0.030922
650000.000000 0.010299 0.000145 : -0.000139 0.000261 0.030777
655000.000000 0.010273 0.000133 : -0.000050 0.000088 0.030781
660000.000000 0.010165 0.000133 : -0.000003 -0.000093 0.030592
665000.000000 0.010235 0.000129 : 0.000047 0.000217 0.030442
670000.000000 0.010079 0.000128 : 0.000066 0.000112 0.030058
675000.000000 0.010034 0.000151 : 0.000179 -0.000158 0.030082
680000.000000 0.009943 0.000130 : 0.000121 -0.000103 0.029812
685000.000000 0.009878 0.000135 : 0.000270 -0.000237 0.029602
690000.000000 0.009838 0.000123 : 0.000025 -0.000136 0.029625
695000.000000 0.009737 0.000125 : 0.000061 -0.000330 0.029480
700000.000000 0.009884 0.000124 : 0.000183 0.000165 0.029305
705000.000000 0.009820 0.000119 : 0.000178 0.000057 0.029225
710000.000000 0.009668 0.000106 : 0.000077 -0.000359 0.029286
715000.000000 0.009469 0.000120 : 0.000011 -0.000242 0.028639
720000.000000 0.009579 0.000121 : 0.000137 -0.000039 0.028639
725000.000000 0.009412 0.000108 : -0.000116 -0.000076 0.028428
730000.000000 0.009408 0.000077 : -0.000066 -0.000128 0.028418
735000.000000 0.009431 0.000079 : -0.000235 0.000071 0.028458
740000.000000 0.009139 0.000078 : -0.000547 -0.000128 0.028092
745000.000000 0.009262 0.000090 : -0.000271 0.000085 0.027974
750000.000000 0.009211 0.000087 : -0.000336 0.000061 0.027908
755000.000000 0.009247 0.000085 : -0.000336 0.000222 0.027856
760000.000000 0.009088 0.000104 : -0.000311 -0.000087 0.027662
765000.000000 0.009090 0.000117 : -0.000158 0.000097 0.027332
770000.000000 0.008961 0.000127 : -0.000083 -0.000230 0.027196
775000.000000 0.009003 0.000115 : -0.000238 -0.000000 0.027248
780000.000000 0.008999 0.000117 : -0.000310 0.000162 0.027144
785000.000000 0.009011 0.000100 : 0.000018 0.000106 0.026909
790000.000000 0.008994 0.000106 : 0.000027 0.000113 0.026842
795000.000000 0.008870 0.000092 : -0.000148 0.000122 0.026637
800000.000000 0.008769 0.000107 : -0.000185 -0.000031 0.026525
805000.000000 0.008765 0.000110 : -0.000126 -0.000133 0.026554
810000.000000 0.008792 0.000095 : -0.000120 0.000038 0.026459
815000.000000 0.008827 0.000097 : -0.000105 0.000252 0.026333
820000.000000 0.008781 0.000072 : 0.000004 0.000157 0.026182
825000.000000 0.008844 0.000089 : 0.000193 0.000103 0.026237
830000.000000 0.008633 0.000087 : -0.000136 0.000106 0.025930
835000.000000 0.008674 0.000084 : 0.000101 -0.000062 0.025982
840000.000000 0.008635 0.000088 : 0.000276 0.000017 0.025612
845000.000000 0.008665 0.000120 : 0.000257 0.000311 0.025426
850000.000000 0.008718 0.000124 : 0.000368 0.000222 0.025564
855000.000000 0.008583 0.000089 : 0.000263 0.000137 0.025349
860000.000000 0.008481 0.000104 : 0.000166 0.000157 0.025120
865000.000000 0.008359 0.000107 : 0.000048 0.000177 0.024853
870000.000000 0.008344 0.000099 : 0.000223 0.000043 0.024764
875000.000000 0.008281 0.000102 : -0.000067 -0.000039 0.024950
880000.000000 0.008136 0.000098 : -0.000089 0.000130 0.024366
885000.000000 0.008100 0.000099 : -0.000075 0.000068 0.024308
890000.000000 0.008114 0.000102 : -0.000021 0.000063 0.024300
895000.000000 0.008085 0.000088 : 0.000043 0.000016 0.024197
900000.000000 0.008206 0.000088 : 0.000420 0.000140 0.024059
905000.000000 0.008009 0.000091 : -0.000069 0.000131 0.023963
910000.000000 0.008008 0.000078 : 0.000159 0.000080 0.023787
915000.000000 0.007963 0.000070 : 0.000093 0.000144 0.023652
920000.000000 0.007803 0.000059 : -0.000190 -0.000184 0.023784
925000.000000 0.007929 0.000072 : 0.000139 0.000127 0.023522
930000.000000 0.007883 0.000067 : 0.000021 0.000070 0.023558
935000.000000 0.007846 0.000073 : 0.000032 0.000097 0.023407
940000.000000 0.007769 0.000065 : 0.000126 -0.000099 0.023281
945000.000000 0.007854 0.000078 : 0.000133 0.000072 0.023355
950000.000000 0.007807 0.000079 : 0.000137 -0.000027 0.023311
955000.000000 0.007726 0.000076 : 0.000031 0.000149 0.022998
960000.000000 0.007644 0.000088 : -0.000002 -0.000096 0.023030
965000.000000 0.007682 0.000083 : 0.000020 -0.000054 0.023081
970000.000000 0.007774 0.000081 : 0.000347 0.000018 0.022955
975000.000000 0.007634 0.000079 : 0.000226 0.000111 0.022566
980000.000000 0.007635 0.000072 : 0.000110 -0.000107 0.022901
985000.000000 0.007612 0.000080 : 0.000123 0.000153 0.022560
990000.000000 0.007582 0.000067 : -0.000026 0.000183 0.022591
995000.000000 0.007530 0.000059 : -0.000015 -0.000017 0.022622
1000000.000000 0.007336 0.000047 : -0.000057 -0.000166 0.022231
