0.000000 1.000000 1.000000 : 1.000000 1.000000 1.000000
10.000000 0.997483 0.997483 : 0.997484 0.997476 0.997489
20.000000 0.995842 0.995842 : 0.995846 0.995846 0.995834
30.000000 0.993383 0.993383 : 0.993369 0.993392 0.993387
40.000000 0.990473 0.990473 : 0.990436 0.990488 0.990495
50.000000 0.987375 0.987375 : 0.987320 0.987404 0.987401
60.000000 0.984350 0.984350 : 0.984264 0.984394 0.984391
70.000000 0.982154 0.982153 : 0.982035 0.982215 0.982211
80.000000 0.978901 0.978900 : 0.978749 0.978975 0.978978
90.000000 0.976635 0.976634 : 0.976450 0.976724 0.976731
100.000000 0.974012 0.974011 : 0.973806 0.974122 0.974107
110.000000 0.971699 0.971698 : 0.971460 0.971821 0.971817
120.000000 0.969862 0.969861 : 0.969593 0.969994 0.969999
130.000000 0.967863 0.967862 : 0.967572 0.968006 0.968012
140.000000 0.965751 0.965749 : 0.965437 0.965901 0.965916
150.000000 0.963560 0.963558 : 0.963224 0.963718 0.963739
160.000000 0.961488 0.961486 : 0.961130 0.961649 0.961685
170.000000 0.959065 0.959062 : 0.958685 0.959229 0.959281
180.000000 0.956903 0.956899 : 0.956504 0.957069 0.957135
190.000000 0.954435 0.954431 : 0.954020 0.954597 0.954686
200.000000 0.952121 0.952116 : 0.951693 0.952278 0.952391
210.000000 0.949974 0.949969 : 0.949532 0.950120 0.950270
220.000000 0.947596 0.947591 : 0.947144 0.947733 0.947913
230.000000 0.945375 0.945368 : 0.944920 0.945501 0.945703
240.000000 0.942987 0.942979 : 0.942523 0.943099 0.943339
250.000000 0.940972 0.940963 : 0.940504 0.941070 0.941340
260.000000 0.938762 0.938753 : 0.938296 0.938847 0.939142
270.000000 0.936769 0.936759 : 0.936307 0.936837 0.937163
280.000000 0.934843 0.934832 : 0.934385 0.934893 0.935252
290.000000 0.932913 0.932901 : 0.932456 0.932945 0.933337
300.000000 0.931097 0.931084 : 0.930650 0.931107 0.931534
310.000000 0.929097 0.929083 : 0.928662 0.929086 0.929543
320.000000 0.927291 0.927277 : 0.926868 0.927259 0.927747
330.000000 0.925402 0.925386 : 0.924992 0.925346 0.925866
340.000000 0.923617 0.923601 : 0.923221 0.923538 0.924092
350.000000 0.921748 0.921730 : 0.921369 0.921645 0.922229
360.000000 0.920081 0.920063 : 0.919716 0.919954 0.920573
370.000000 0.918344 0.918325 : 0.917994 0.918190 0.918849
380.000000 0.916501 0.916481 : 0.916167 0.916322 0.917014
390.000000 0.914871 0.914851 : 0.914555 0.914669 0.915390
400.000000 0.913155 0.913134 : 0.912857 0.912926 0.913683
410.000000 0.911573 0.911551 : 0.911288 0.911322 0.912110
420.000000 0.909868 0.909844 : 0.909601 0.909592 0.910411
430.000000 0.908364 0.908339 : 0.908114 0.908065 0.908913
440.000000 0.906855 0.906829 : 0.906622 0.906533 0.907409
450.000000 0.905255 0.905228 : 0.905041 0.904910 0.905813
460.000000 0.903779 0.903752 : 0.903583 0.903412 0.904343
470.000000 0.902219 0.902190 : 0.902042 0.901829 0.902786
480.000000 0.900768 0.900738 : 0.900609 0.900354 0.901340
490.000000 0.899245 0.899213 : 0.899105 0.898808 0.899821
500.000000 0.897788 0.897755 : 0.897665 0.897329 0.898370
510.000000 0.896299 0.896265 : 0.896193 0.895817 0.896887
520.000000 0.894819 0.894784 : 0.894733 0.894311 0.895412
530.000000 0.893409 0.893373 : 0.893341 0.892877 0.894008
540.000000 0.891907 0.891870 : 0.891856 0.891350 0.892513
550.000000 0.890484 0.890446 : 0.890450 0.889902 0.891099
560.000000 0.889055 0.889016 : 0.889038 0.888447 0.889679
570.000000 0.887690 0.887650 : 0.887690 0.887058 0.888321
580.000000 0.886253 0.886212 : 0.886270 0.885595 0.886893
590.000000 0.884897 0.884855 : 0.884933 0.884212 0.885545
600.000000 0.883538 0.883494 : 0.883595 0.882826 0.884191
610.000000 0.882134 0.882089 : 0.882213 0.881395 0.882794
620.000000 0.880820 0.880774 : 0.880919 0.880055 0.881486
630.000000 0.879458 0.879411 : 0.879578 0.878666 0.880131
640.000000 0.878139 0.878091 : 0.878281 0.877321 0.878817
650.000000 0.876785 0.876735 : 0.876947 0.875939 0.877470
660.000000 0.875497 0.875446 : 0.875679 0.874623 0.876190
670.000000 0.874177 0.874124 : 0.874380 0.873274 0.874876
680.000000 0.872845 0.872791 : 0.873067 0.871914 0.873554
690.000000 0.871559 0.871505 : 0.871801 0.870600 0.872277
700.000000 0.870251 0.870195 : 0.870512 0.869261 0.870979
710.000000 0.868969 0.868912 : 0.869248 0.867951 0.869707
720.000000 0.867668 0.867611 : 0.867965 0.866622 0.868417
730.000000 0.866400 0.866342 : 0.866716 0.865326 0.867159
740.000000 0.865117 0.865059 : 0.865452 0.864014 0.865887
750.000000 0.863840 0.863780 : 0.864192 0.862710 0.864618
760.000000 0.862586 0.862525 : 0.862957 0.861430 0.863371
770.000000 0.861328 0.861266 : 0.861717 0.860144 0.862122
780.000000 0.860067 0.860004 : 0.860474 0.858858 0.860868
790.000000 0.858807 0.858743 : 0.859233 0.857573 0.859615
800.000000 0.857595 0.857531 : 0.858040 0.856336 0.858409
810.000000 0.856351 0.856285 : 0.856815 0.855066 0.857172
820.000000 0.855102 0.855035 : 0.855586 0.853793 0.855927
830.000000 0.853884 0.853817 : 0.854388 0.852551 0.854714
840.000000 0.852677 0.852608 : 0.853200 0.851318 0.853512
850.000000 0.851463 0.851394 : 0.852007 0.850079 0.852303
860.000000 0.850238 0.850169 : 0.850802 0.848830 0.851084
870.000000 0.849049 0.848979 : 0.849632 0.847615 0.849900
880.000000 0.847854 0.847783 : 0.848458 0.846394 0.848709
890.000000 0.846671 0.846599 : 0.847297 0.845187 0.847530
900.000000 0.845485 0.845412 : 0.846131 0.843976 0.846349
910.000000 0.844303 0.844229 : 0.844970 0.842769 0.845171
920.000000 0.843140 0.843064 : 0.843827 0.841581 0.844011
930.000000 0.841981 0.841904 : 0.842688 0.840399 0.842855
940.000000 0.840826 0.840749 : 0.841554 0.839221 0.841704
950.000000 0.839659 0.839580 : 0.840407 0.838031 0.840538
960.000000 0.838521 0.838441 : 0.839290 0.836871 0.839400
970.000000 0.837387 0.837306 : 0.838178 0.835715 0.838268
980.000000 0.836244 0.836162 : 0.837057 0.834552 0.837125
990.000000 0.835107 0.835022 : 0.835941 0.833393 0.835987
1000.000000 0.833985 0.833899 : 0.834840 0.832250 0.834863
1010.000000 0.832871 0.832784 : 0.833748 0.831116 0.833748
1020.000000 0.831748 0.831659 : 0.832646 0.829972 0.832624
1030.000000 0.830649 0.830558 : 0.831570 0.828853 0.831523
1040.000000 0.829548 0.829456 : 0.830490 0.827732 0.830421
1050.000000 0.828448 0.828354 : 0.829411 0.826612 0.829319
1060.000000 0.827368 0.827274 : 0.828354 0.825513 0.828239
1070.000000 0.826291 0.826195 : 0.827297 0.824416 0.827160
1080.000000 0.825212 0.825115 : 0.826239 0.823317 0.826080
1090.000000 0.824143 0.824045 : 0.825192 0.822229 0.825008
1100.000000 0.823091 0.822992 : 0.824164 0.821158 0.823953
1110.000000 0.822030 0.821929 : 0.823124 0.820077 0.822888
1120.000000 0.820977 0.820875 : 0.822096 0.819006 0.821830
1130.000000 0.819938 0.819834 : 0.821081 0.817948 0.820784
1140.000000 0.818895 0.818790 : 0.820063 0.816888 0.819733
1150.000000 0.817862 0.817756 : 0.819057 0.815837 0.818692
1160.000000 0.816836 0.816728 : 0.818059 0.814793 0.817657
1170.000000 0.815811 0.815702 : 0.817063 0.813749 0.816622
1180.000000 0.814786 0.814675 : 0.816067 0.812704 0.815588
1190.000000 0.813777 0.813664 : 0.815086 0.811675 0.814568
1200.000000 0.812767 0.812652 : 0.814106 0.810647 0.813548
1210.000000 0.811762 0.811645 : 0.813129 0.809623 0.812533
1220.000000 0.810762 0.810644 : 0.812159 0.808604 0.811523
1230.000000 0.809765 0.809645 : 0.811190 0.807588 0.810516
1240.000000 0.808777 0.808656 : 0.810231 0.806582 0.809518
1250.000000 0.807789 0.807666 : 0.809272 0.805576 0.808520
1260.000000 0.806805 0.806681 : 0.808318 0.804573 0.807526
1270.000000 0.805824 0.805697 : 0.807365 0.803572 0.806533
1280.000000 0.804852 0.804724 : 0.806422 0.802582 0.805551
1290.000000 0.803880 0.803751 : 0.805480 0.801591 0.804570
1300.000000 0.802911 0.802779 : 0.804540 0.800603 0.803590
1310.000000 0.801946 0.801813 : 0.803604 0.799619 0.802615
1320.000000 0.800980 0.800845 : 0.802667 0.798634 0.801638
1330.000000 0.800024 0.799887 : 0.801741 0.797659 0.800673
1340.000000 0.799070 0.798931 : 0.800816 0.796686 0.799708
1350.000000 0.798112 0.797971 : 0.799887 0.795709 0.798740
1360.000000 0.797164 0.797022 : 0.798967 0.794743 0.797783
1370.000000 0.796226 0.796082 : 0.798057 0.793786 0.796836
1380.000000 0.795286 0.795139 : 0.797145 0.792826 0.795886
1390.000000 0.794345 0.794196 : 0.796232 0.791866 0.794936
1400.000000 0.793415 0.793264 : 0.795330 0.790917 0.793998
1410.000000 0.792485 0.792333 : 0.794428 0.789967 0.793060
1420.000000 0.791555 0.791401 : 0.793526 0.789018 0.792122
1430.000000 0.790632 0.790476 : 0.792630 0.788075 0.791190
1440.000000 0.789710 0.789552 : 0.791736 0.787132 0.790262
1450.000000 0.788788 0.788628 : 0.790843 0.786190 0.789332
1460.000000 0.787872 0.787710 : 0.789954 0.785253 0.788410
1470.000000 0.786959 0.786795 : 0.789069 0.784318 0.787491
1480.000000 0.786044 0.785878 : 0.788180 0.783383 0.786570
1490.000000 0.785137 0.784968 : 0.787300 0.782454 0.785657
1500.000000 0.784233 0.784062 : 0.786422 0.781529 0.784748
1510.000000 0.783331 0.783157 : 0.785546 0.780605 0.783840
1520.000000 0.782431 0.782255 : 0.784673 0.779685 0.782934
1530.000000 0.781535 0.781357 : 0.783802 0.778768 0.782033
1540.000000 0.780641 0.780462 : 0.782935 0.777855 0.781134
1550.000000 0.779751 0.779568 : 0.782070 0.776946 0.780236
1560.000000 0.778863 0.778679 : 0.781208 0.776040 0.779342
1570.000000 0.777976 0.777789 : 0.780345 0.775135 0.778448
1580.000000 0.777092 0.776902 : 0.779485 0.774234 0.777556
1590.000000 0.776212 0.776020 : 0.778630 0.773337 0.776669
1600.000000 0.775334 0.775139 : 0.777776 0.772442 0.775784
1610.000000 0.774458 0.774261 : 0.776924 0.771549 0.774902
1620.000000 0.773586 0.773386 : 0.776074 0.770660 0.774023
1630.000000 0.772716 0.772514 : 0.775226 0.769773 0.773148
1640.000000 0.771846 0.771642 : 0.774378 0.768888 0.772273
1650.000000 0.770981 0.770773 : 0.773533 0.768007 0.771403
1660.000000 0.770119 0.769909 : 0.772691 0.767129 0.770536
1670.000000 0.769259 0.769046 : 0.771850 0.766255 0.769672
1680.000000 0.768401 0.768186 : 0.771011 0.765383 0.768811
1690.000000 0.767548 0.767330 : 0.770175 0.764516 0.767954
1700.000000 0.766699 0.766477 : 0.769342 0.763651 0.767103
1710.000000 0.765849 0.765624 : 0.768509 0.762788 0.766250
1720.000000 0.765002 0.764773 : 0.767679 0.761928 0.765399
1730.000000 0.764160 0.763927 : 0.766853 0.761072 0.764554
1740.000000 0.763319 0.763083 : 0.766028 0.760217 0.763712
1750.000000 0.762479 0.762240 : 0.765205 0.759365 0.762868
1760.000000 0.761645 0.761402 : 0.764387 0.758518 0.762030
1770.000000 0.760815 0.760569 : 0.763573 0.757675 0.761198
1780.000000 0.759986 0.759736 : 0.762758 0.756835 0.760365
1790.000000 0.759158 0.758904 : 0.761946 0.755996 0.759532
1800.000000 0.758333 0.758077 : 0.761137 0.755159 0.758704
1810.000000 0.757511 0.757251 : 0.760330 0.754326 0.757877
1820.000000 0.756690 0.756427 : 0.759525 0.753493 0.757052
1830.000000 0.755874 0.755608 : 0.758724 0.752667 0.756232
1840.000000 0.755060 0.754791 : 0.757925 0.751842 0.755413
1850.000000 0.754249 0.753977 : 0.757128 0.751021 0.754597
1860.000000 0.753439 0.753164 : 0.756332 0.750203 0.753782
1870.000000 0.752633 0.752354 : 0.755540 0.749388 0.752970
1880.000000 0.751828 0.751547 : 0.754750 0.748576 0.752159
1890.000000 0.751025 0.750740 : 0.753961 0.747764 0.751350
1900.000000 0.750228 0.749940 : 0.753177 0.746959 0.750547
1910.000000 0.749430 0.749139 : 0.752392 0.746156 0.749743
1920.000000 0.748635 0.748340 : 0.751610 0.745355 0.748941
1930.000000 0.747843 0.747544 : 0.750830 0.744557 0.748141
1940.000000 0.747054 0.746752 : 0.750055 0.743762 0.747345
1950.000000 0.746267 0.745961 : 0.749281 0.742970 0.746550
1960.000000 0.745481 0.745171 : 0.748510 0.742179 0.745755
1970.000000 0.744700 0.744386 : 0.747742 0.741392 0.744965
1980.000000 0.743920 0.743602 : 0.746976 0.740609 0.744175
1990.000000 0.743144 0.742822 : 0.746214 0.739828 0.743389
2000.000000 0.742370 0.742045 : 0.745453 0.739051 0.742606
5000.000000 0.608896 0.608517 : 0.596813 0.599662 0.630215
10000.000000 0.485750 0.484790 : 0.461628 0.467083 0.528539
15000.000000 0.405491 0.403715 : 0.370940 0.376980 0.468555
20000.000000 0.344730 0.341649 : 0.300273 0.307791 0.426126
25000.000000 0.295922 0.291289 : 0.242992 0.251635 0.393141
30000.000000 0.256285 0.249693 : 0.196403 0.205581 0.366871
35000.000000 0.223954 0.215400 : 0.158512 0.168290 0.345060
40000.000000 0.197429 0.186637 : 0.127717 0.137727 0.326842
45000.000000 0.175542 0.162562 : 0.102706 0.112772 0.311150
50000.000000 0.157706 0.142360 : 0.082599 0.092800 0.297720
55000.000000 0.143061 0.125404 : 0.066138 0.076718 0.286327
60000.000000 0.130721 0.110816 : 0.052412 0.063994 0.275756
65000.000000 0.120779 0.098590 : 0.041846 0.053665 0.266826
70000.000000 0.112486 0.088236 : 0.033375 0.045457 0.258626
75000.000000 0.105387 0.079204 : 0.026218 0.038640 0.251305
80000.000000 0.099803 0.071685 : 0.021182 0.033446 0.244781
85000.000000 0.094806 0.065169 : 0.016903 0.028733 0.238782
90000.000000 0.090804 0.059450 : 0.013417 0.025469 0.233527
95000.000000 0.087299 0.054474 : 0.010881 0.022663 0.228353
100000.000000 0.084290 0.050215 : 0.008963 0.020235 0.223670
105000.000000 0.081822 0.046516 : 0.007704 0.018485 0.219276
110000.000000 0.079547 0.043271 : 0.006539 0.016816 0.215285
115000.000000 0.077282 0.040326 : 0.005633 0.014838 0.211377
120000.000000 0.075317 0.037700 : 0.004941 0.013249 0.207762
125000.000000 0.073556 0.035338 : 0.004308 0.011787 0.204573
130000.000000 0.071761 0.033112 : 0.003367 0.010561 0.201355
135000.000000 0.070215 0.031077 : 0.002814 0.009553 0.198280
140000.000000 0.068751 0.029156 : 0.002060 0.008640 0.195554
145000.000000 0.067655 0.027564 : 0.001695 0.008058 0.193211
150000.000000 0.066547 0.026141 : 0.001148 0.007562 0.190931
155000.000000 0.065631 0.024850 : 0.000666 0.007418 0.188810
160000.000000 0.064657 0.023684 : 0.000365 0.007201 0.186404
165000.000000 0.063802 0.022596 : 0.000075 0.006992 0.184339
170000.000000 0.062881 0.021459 : -0.000249 0.006419 0.182473
175000.000000 0.061937 0.020454 : -0.000391 0.005791 0.180410
180000.000000 0.061089 0.019559 : -0.000839 0.005386 0.178721
185000.000000 0.060310 0.018686 : -0.001078 0.005032 0.176976
190000.000000 0.059731 0.017879 : -0.000888 0.004694 0.175388
195000.000000 0.059143 0.017128 : -0.000767 0.004477 0.173718
200000.000000 0.058604 0.016439 : -0.000831 0.004561 0.172080
205000.000000 0.057938 0.015751 : -0.000750 0.004116 0.170448
210000.000000 0.057411 0.015158 : -0.000694 0.004081 0.168845
215000.000000 0.056981 0.014610 : -0.000404 0.003849 0.167498
220000.000000 0.056672 0.014122 : 0.000010 0.003709 0.166299
225000.000000 0.056205 0.013637 : 0.000143 0.003457 0.165015
230000.000000 0.055907 0.013313 : 0.000698 0.003306 0.163716
235000.000000 0.055750 0.012973 : 0.001082 0.003570 0.162597
240000.000000 0.055495 0.012578 : 0.001565 0.003620 0.161300
245000.000000 0.055029 0.012261 : 0.001381 0.003501 0.160204
250000.000000 0.054557 0.011927 : 0.001037 0.003444 0.159191
255000.000000 0.054263 0.011577 : 0.000849 0.003577 0.158363
260000.000000 0.053584 0.011141 : 0.000249 0.003423 0.157080
265000.000000 0.053007 0.010727 : -0.000040 0.003243 0.155819
270000.000000 0.052519 0.010339 : -0.000132 0.003094 0.154596
275000.000000 0.052045 0.009879 : -0.000351 0.002779 0.153706
280000.000000 0.051414 0.009492 : -0.000846 0.002274 0.152812
285000.000000 0.050991 0.009064 : -0.000825 0.002027 0.151771
290000.000000 0.050647 0.008684 : -0.000902 0.002105 0.150739
295000.000000 0.050264 0.008330 : -0.001206 0.001926 0.150071
300000.000000 0.049898 0.008003 : -0.001554 0.001704 0.149543
305000.000000 0.049582 0.007650 : -0.001811 0.001605 0.148953
310000.000000 0.049275 0.007290 : -0.001758 0.001267 0.148316
315000.000000 0.049010 0.006987 : -0.001653 0.000965 0.147717
320000.000000 0.048672 0.006711 : -0.001820 0.000552 0.147284
325000.000000 0.048400 0.006465 : -0.001568 0.000165 0.146602
330000.000000 0.048150 0.006261 : -0.001392 -0.000034 0.145875
335000.000000 0.047998 0.006120 : -0.001187 -0.000026 0.145207
340000.000000 0.047817 0.006020 : -0.001187 0.000191 0.144445
345000.000000 0.047706 0.005938 : -0.000797 0.000112 0.143803
350000.000000 0.047610 0.005847 : -0.000579 0.000333 0.143075
355000.000000 0.047523 0.005830 : -0.000366 0.000404 0.142531
360000.000000 0.047406 0.005881 : 0.000130 0.000130 0.141957
365000.000000 0.047396 0.005933 : 0.000317 0.000395 0.141475
370000.000000 0.047445 0.005967 : 0.000742 0.000677 0.140918
375000.000000 0.047625 0.005986 : 0.001473 0.000791 0.140611
380000.000000 0.047679 0.006090 : 0.001748 0.001272 0.140018
385000.000000 0.047659 0.006149 : 0.001902 0.001713 0.139362
390000.000000 0.047566 0.006145 : 0.002181 0.001860 0.138655
395000.000000 0.047397 0.006129 : 0.001951 0.002218 0.138022
400000.000000 0.047246 0.006127 : 0.001798 0.002559 0.137381
405000.000000 0.047141 0.006186 : 0.001823 0.002711 0.136890
410000.000000 0.047053 0.006176 : 0.001774 0.002805 0.136579
415000.000000 0.046756 0.006162 : 0.001602 0.002623 0.136041
420000.000000 0.046641 0.006108 : 0.001714 0.002419 0.135789
425000.000000 0.046527 0.006083 : 0.001995 0.002409 0.135176
430000.000000 0.046362 0.006043 : 0.002141 0.002323 0.134623
435000.000000 0.046228 0.005982 : 0.002243 0.002203 0.134239
440000.000000 0.046019 0.005870 : 0.002465 0.001934 0.133659
445000.000000 0.045893 0.005792 : 0.002492 0.001999 0.133189
450000.000000 0.045893 0.005704 : 0.002543 0.002067 0.133070
455000.000000 0.045807 0.005648 : 0.002630 0.002081 0.132709
460000.000000 0.045649 0.005554 : 0.002611 0.002001 0.132335
465000.000000 0.045374 0.005478 : 0.002473 0.001868 0.131782
470000.000000 0.045233 0.005377 : 0.002470 0.001953 0.131275
475000.000000 0.044979 0.005277 : 0.002018 0.001944 0.130974
480000.000000 0.044676 0.005192 : 0.001359 0.002212 0.130457
485000.000000 0.044275 0.005093 : 0.000811 0.002054 0.129962
490000.000000 0.043993 0.004993 : 0.000424 0.002187 0.129370
495000.000000 0.043701 0.004827 : 0.000204 0.002119 0.128781
500000.000000 0.043462 0.004712 : 0.000049 0.002148 0.128187
505000.000000 0.043296 0.004639 : -0.000027 0.002380 0.127534
510000.000000 0.043119 0.004563 : -0.000269 0.002444 0.127182
515000.000000 0.042963 0.004454 : -0.000437 0.002406 0.126919
520000.000000 0.042951 0.004374 : -0.000489 0.002884 0.126459
525000.000000 0.042754 0.004310 : -0.000668 0.003085 0.125846
530000.000000 0.042539 0.004208 : -0.000810 0.003179 0.125248
535000.000000 0.042410 0.004118 : -0.001122 0.003595 0.124756
540000.000000 0.042213 0.004042 : -0.001387 0.003613 0.124413
545000.000000 0.042059 0.003980 : -0.001355 0.003595 0.123937
550000.000000 0.042011 0.003956 : -0.001371 0.003707 0.123698
555000.000000 0.041832 0.003946 : -0.001252 0.003464 0.123285
560000.000000 0.041741 0.003928 : -0.001053 0.003281 0.122995
565000.000000 0.041546 0.003886 : -0.000924 0.003173 0.122389
570000.000000 0.041301 0.003872 : -0.000999 0.003034 0.121870
575000.000000 0.040977 0.003858 : -0.001595 0.003084 0.121441
580000.000000 0.040838 0.003848 : -0.001421 0.003024 0.120910
585000.000000 0.040527 0.003853 : -0.001581 0.002764 0.120397
590000.000000 0.040357 0.003837 : -0.001471 0.002545 0.119995
595000.000000 0.040180 0.003811 : -0.001404 0.002405 0.119539
600000.000000 0.039947 0.003740 : -0.001543 0.002343 0.119040
605000.000000 0.039978 0.003705 : -0.001358 0.002290 0.119002
610000.000000 0.039735 0.003661 : -0.001007 0.001867 0.118346
615000.000000 0.039468 0.003595 : -0.000781 0.001566 0.117621
620000.000000 0.039419 0.003569 : -0.000616 0.001486 0.117388
625000.000000 0.039056 0.003561 : -0.000598 0.000977 0.116791
630000.000000 0.038949 0.003526 : -0.000354 0.000651 0.116549
635000.000000 0.038719 0.003510 : -0.000283 0.000251 0.116187
640000.000000 0.038445 0.003506 : -0.000629 0.000017 0.115946
645000.000000 0.038335 0.003472 : -0.000624 0.000018 0.115610
650000.000000 0.038218 0.003453 : -0.000385 -0.000450 0.115490
655000.000000 0.038112 0.003431 : -0.000044 -0.000766 0.115146
660000.000000 0.038016 0.003390 : 0.000152 -0.000742 0.114638
665000.000000 0.037827 0.003354 : 0.000058 -0.000876 0.114298
670000.000000 0.037824 0.003317 : 0.000008 -0.000828 0.114293
675000.000000 0.037814 0.003268 : 0.000219 -0.001019 0.114243
680000.000000 0.037814 0.003222 : 0.000432 -0.000914 0.113923
685000.000000 0.037726 0.003225 : 0.000410 -0.000716 0.113483
690000.000000 0.037522 0.003236 : 0.000273 -0.000621 0.112913
695000.000000 0.037521 0.003210 : 0.000314 -0.000474 0.112722
700000.000000 0.037524 0.003233 : 0.000391 -0.000082 0.112263
705000.000000 0.037428 0.003241 : 0.000240 0.000041 0.112003
710000.000000 0.037243 0.003227 : -0.000060 0.000052 0.111739
715000.000000 0.037110 0.003217 : -0.000168 0.000081 0.111417
720000.000000 0.036956 0.003185 : -0.000223 -0.000047 0.111139
725000.000000 0.036963 0.003135 : -0.000190 0.000128 0.110953
730000.000000 0.036946 0.003093 : -0.000424 0.000358 0.110904
735000.000000 0.036957 0.003033 : -0.000277 0.000469 0.110678
740000.000000 0.036889 0.002964 : -0.000266 0.000632 0.110299
745000.000000 0.036801 0.002893 : -0.000045 0.000473 0.109975
750000.000000 0.036715 0.002853 : 0.000172 0.000541 0.109433
755000.000000 0.036645 0.002765 : 0.000097 0.000590 0.109247
760000.000000 0.036613 0.002724 : 0.000122 0.000677 0.109039
765000.000000 0.036587 0.002686 : 0.000116 0.000786 0.108859
770000.000000 0.036414 0.002635 : 0.000105 0.000728 0.108409
775000.000000 0.036242 0.002575 : -0.000064 0.000591 0.108199
780000.000000 0.036015 0.002521 : -0.000455 0.000603 0.107896
785000.000000 0.035825 0.002486 : -0.000724 0.000717 0.107482
790000.000000 0.035852 0.002488 : -0.000524 0.000909 0.107172
795000.000000 0.035837 0.002476 : -0.000584 0.001306 0.106789
800000.000000 0.035890 0.002469 : -0.000764 0.001839 0.106595
805000.000000 0.035959 0.002451 : -0.000951 0.002161 0.106667
810000.000000 0.035887 0.002443 : -0.001079 0.002292 0.106447
815000.000000 0.035877 0.002470 : -0.001071 0.002537 0.106166
820000.000000 0.035842 0.002466 : -0.001177 0.002740 0.105963
825000.000000 0.035794 0.002422 : -0.001024 0.002796 0.105610
830000.000000 0.035883 0.002430 : -0.000628 0.002848 0.105430
835000.000000 0.035801 0.002421 : -0.000428 0.002701 0.105129
840000.000000 0.035589 0.002401 : -0.000457 0.002482 0.104743
845000.000000 0.035504 0.002377 : -0.000395 0.002385 0.104523
850000.000000 0.035458 0.002360 : -0.000231 0.002209 0.104397
855000.000000 0.035482 0.002340 : -0.000098 0.002101 0.104444
860000.000000 0.035368 0.002342 : -0.000208 0.002027 0.104285
865000.000000 0.035235 0.002301 : -0.000377 0.001786 0.104296
870000.000000 0.035152 0.002312 : -0.000550 0.001768 0.104238
875000.000000 0.035010 0.002318 : -0.000557 0.001704 0.103884
880000.000000 0.034870 0.002283 : -0.000602 0.001471 0.103742
885000.000000 0.034710 0.002261 : -0.000804 0.001465 0.103471
890000.000000 0.034587 0.002259 : -0.000807 0.001528 0.103040
895000.000000 0.034665 0.002217 : -0.000538 0.001703 0.102831
900000.000000 0.034637 0.002200 : -0.000311 0.001723 0.102498
905000.000000 0.034568 0.002187 : -0.000129 0.001647 0.102187
910000.000000 0.034406 0.002159 : -0.000170 0.001588 0.101799
915000.000000 0.034459 0.002151 : -0.000087 0.001898 0.101565
920000.000000 0.034350 0.002144 : -0.000113 0.002148 0.101017
925000.000000 0.034448 0.002156 : -0.000016 0.002544 0.100816
930000.000000 0.034398 0.002174 : -0.000073 0.002613 0.100654
935000.000000 0.034461 0.002186 : -0.000111 0.002844 0.100650
940000.000000 0.034398 0.002209 : -0.000180 0.003032 0.100342
945000.000000 0.034390 0.002225 : -0.000107 0.003015 0.100262
950000.000000 0.034353 0.002225 : -0.000193 0.003171 0.100081
955000.000000 0.034356 0.002223 : -0.000195 0.003187 0.100075
960000.000000 0.034356 0.002215 : -0.000185 0.003465 0.099787
965000.000000 0.034281 0.002207 : -0.000185 0.003525 0.099503
970000.000000 0.034398 0.002217 : 0.000040 0.003724 0.099430
975000.000000 0.034399 0.002187 : 0.000296 0.003910 0.098992
980000.000000 0.034217 0.002185 : 0.000300 0.003709 0.098642
985000.000000 0.034089 0.002126 : 0.000267 0.003432 0.098567
990000.000000 0.034155 0.002115 : 0.000449 0.003524 0.098492
995000.000000 0.034203 0.002083 : 0.000675 0.003585 0.098350
1000000.000000 0.034098 0.002055 : 0.000452 0.003563 0.098277
