0.000000 1.000000 1.000000 : 1.000000 1.000000 1.000000
10.000000 0.980459 0.980459 : 0.980465 0.980408 0.980505
20.000000 0.967972 0.967972 : 0.968002 0.968003 0.967910
30.000000 0.949724 0.949724 : 0.949627 0.949795 0.949749
40.000000 0.928804 0.928803 : 0.928549 0.928911 0.928953
50.000000 0.907371 0.907368 : 0.907007 0.907576 0.907532
60.000000 0.887191 0.887183 : 0.886653 0.887487 0.887432
70.000000 0.873505 0.873490 : 0.872783 0.873907 0.873825
80.000000 0.853052 0.853029 : 0.852175 0.853514 0.853468
90.000000 0.839504 0.839471 : 0.838467 0.840037 0.840008
100.000000 0.824022 0.823979 : 0.822938 0.824667 0.824461
110.000000 0.810549 0.810495 : 0.809320 0.811238 0.811088
120.000000 0.800484 0.800419 : 0.799142 0.801210 0.801100
130.000000 0.789231 0.789156 : 0.787820 0.789999 0.789873
140.000000 0.777201 0.777116 : 0.775719 0.777988 0.777896
150.000000 0.765102 0.765004 : 0.763560 0.765912 0.765832
160.000000 0.753753 0.753643 : 0.752147 0.754561 0.754550
170.000000 0.740724 0.740600 : 0.739059 0.741535 0.741578
180.000000 0.729413 0.729273 : 0.727711 0.730221 0.730307
190.000000 0.716611 0.716453 : 0.714899 0.717377 0.717556
200.000000 0.705086 0.704909 : 0.703389 0.705801 0.706066
210.000000 0.694772 0.694575 : 0.693074 0.695404 0.695836
220.000000 0.683466 0.683248 : 0.681803 0.684022 0.684574
230.000000 0.673139 0.672899 : 0.671550 0.673627 0.674241
240.000000 0.662254 0.661990 : 0.660695 0.662646 0.663422
250.000000 0.653507 0.653220 : 0.652003 0.653813 0.654706
260.000000 0.643835 0.643524 : 0.642413 0.644056 0.645037
270.000000 0.635351 0.635017 : 0.634010 0.635461 0.636581
280.000000 0.627386 0.627028 : 0.626123 0.627381 0.628653
290.000000 0.619563 0.619181 : 0.618352 0.619443 0.620893
300.000000 0.612251 0.611846 : 0.611125 0.611997 0.613631
310.000000 0.604269 0.603842 : 0.603239 0.603884 0.605684
320.000000 0.597198 0.596748 : 0.596248 0.596679 0.598667
330.000000 0.589933 0.589462 : 0.589074 0.589278 0.591447
340.000000 0.583104 0.582614 : 0.582324 0.582306 0.584683
350.000000 0.575972 0.575464 : 0.575299 0.575032 0.577586
360.000000 0.569955 0.569431 : 0.569362 0.568866 0.571637
370.000000 0.563517 0.562980 : 0.563009 0.562271 0.565271
380.000000 0.556770 0.556219 : 0.556352 0.555380 0.558578
390.000000 0.550945 0.550380 : 0.550613 0.549417 0.552805
400.000000 0.544836 0.544257 : 0.544590 0.543155 0.546762
410.000000 0.539347 0.538754 : 0.539153 0.537543 0.541344
420.000000 0.533286 0.532676 : 0.533171 0.531350 0.535338
430.000000 0.528216 0.527587 : 0.528169 0.526148 0.530330
440.000000 0.523130 0.522483 : 0.523155 0.520933 0.525303
450.000000 0.517721 0.517051 : 0.517815 0.515399 0.519948
460.000000 0.512820 0.512132 : 0.512975 0.510376 0.515111
470.000000 0.507642 0.506932 : 0.507865 0.505070 0.509990
480.000000 0.502942 0.502215 : 0.503218 0.500242 0.505366
490.000000 0.497985 0.497239 : 0.498326 0.495158 0.500472
500.000000 0.493312 0.492548 : 0.493693 0.490365 0.495877
510.000000 0.488567 0.487786 : 0.488993 0.485496 0.491210
520.000000 0.483935 0.483138 : 0.484423 0.480728 0.486655
530.000000 0.479571 0.478758 : 0.480096 0.476233 0.482384
540.000000 0.474913 0.474088 : 0.475479 0.471447 0.477815
550.000000 0.470549 0.469710 : 0.471147 0.466948 0.473552
560.000000 0.466251 0.465397 : 0.466886 0.462508 0.469358
570.000000 0.462185 0.461315 : 0.462854 0.458316 0.465385
580.000000 0.457872 0.456986 : 0.458576 0.453867 0.461172
590.000000 0.453947 0.453042 : 0.454697 0.449800 0.457344
600.000000 0.449971 0.449046 : 0.450766 0.445690 0.453459
610.000000 0.445896 0.444950 : 0.446740 0.441475 0.449474
620.000000 0.442171 0.441202 : 0.443055 0.437612 0.445847
630.000000 0.438300 0.437303 : 0.439227 0.433599 0.442074
640.000000 0.434591 0.433570 : 0.435556 0.429760 0.438458
650.000000 0.430801 0.429754 : 0.431799 0.425825 0.434780
660.000000 0.427291 0.426219 : 0.428319 0.422163 0.431390
670.000000 0.423671 0.422575 : 0.424735 0.418392 0.427885
680.000000 0.420052 0.418936 : 0.421137 0.414624 0.424396
690.000000 0.416618 0.415483 : 0.417721 0.411036 0.421095
700.000000 0.413127 0.411975 : 0.414253 0.407389 0.417740
710.000000 0.409744 0.408579 : 0.410884 0.403860 0.414489
720.000000 0.406349 0.405170 : 0.407500 0.400321 0.411226
730.000000 0.403064 0.401874 : 0.404230 0.396896 0.408066
740.000000 0.399753 0.398552 : 0.400932 0.393448 0.404879
750.000000 0.396499 0.395283 : 0.397694 0.390068 0.401736
760.000000 0.393341 0.392110 : 0.394550 0.386792 0.398680
770.000000 0.390191 0.388946 : 0.391416 0.383521 0.395637
780.000000 0.387022 0.385760 : 0.388251 0.380247 0.392567
790.000000 0.383911 0.382631 : 0.385150 0.377038 0.389545
800.000000 0.380976 0.379679 : 0.382222 0.374008 0.386699
810.000000 0.377940 0.376627 : 0.379189 0.370880 0.383750
820.000000 0.374915 0.373585 : 0.376167 0.367771 0.380807
830.000000 0.372012 0.370667 : 0.373266 0.364777 0.377992
840.000000 0.369183 0.367825 : 0.370442 0.361850 0.375257
850.000000 0.366329 0.364960 : 0.367595 0.358893 0.372499
860.000000 0.363461 0.362079 : 0.364728 0.355927 0.369730
870.000000 0.360722 0.359327 : 0.361997 0.353080 0.367089
880.000000 0.357997 0.356591 : 0.359286 0.350251 0.364455
890.000000 0.355327 0.353906 : 0.356625 0.347477 0.361878
900.000000 0.352643 0.351207 : 0.353951 0.344686 0.359292
910.000000 0.350003 0.348551 : 0.351321 0.341943 0.356744
920.000000 0.347433 0.345967 : 0.348767 0.339266 0.354265
930.000000 0.344896 0.343415 : 0.346241 0.336630 0.351818
940.000000 0.342372 0.340876 : 0.343735 0.334008 0.349374
950.000000 0.339833 0.338321 : 0.341208 0.331376 0.346916
960.000000 0.337405 0.335874 : 0.338796 0.328855 0.344566
970.000000 0.335000 0.333449 : 0.336404 0.326356 0.342241
980.000000 0.332591 0.331017 : 0.334005 0.323852 0.339915
990.000000 0.330202 0.328603 : 0.331623 0.321369 0.337612
1000.000000 0.327888 0.326264 : 0.329313 0.318970 0.335379
1010.000000 0.325609 0.323959 : 0.327041 0.316602 0.333183
1020.000000 0.323322 0.321643 : 0.324744 0.314238 0.330984
1030.000000 0.321117 0.319410 : 0.322535 0.311953 0.328863
1040.000000 0.318914 0.317179 : 0.320317 0.309667 0.326758
1050.000000 0.316732 0.314971 : 0.318119 0.307400 0.324676
1060.000000 0.314618 0.312831 : 0.315986 0.305203 0.322666
1070.000000 0.312517 0.310706 : 0.313861 0.303023 0.320667
1080.000000 0.310420 0.308583 : 0.311741 0.300844 0.318673
1090.000000 0.308367 0.306504 : 0.309665 0.298716 0.316720
1100.000000 0.306370 0.304481 : 0.307655 0.296643 0.314812
1110.000000 0.304358 0.302440 : 0.305618 0.294561 0.312894
1120.000000 0.302382 0.300437 : 0.303624 0.292521 0.311001
1130.000000 0.300449 0.298477 : 0.301677 0.290523 0.309149
1140.000000 0.298516 0.296520 : 0.299725 0.288528 0.307295
1150.000000 0.296624 0.294599 : 0.297818 0.286577 0.305477
1160.000000 0.294754 0.292705 : 0.295935 0.284643 0.303685
1170.000000 0.292888 0.290814 : 0.294059 0.282711 0.301894
1180.000000 0.291034 0.288934 : 0.292191 0.280795 0.300117
1190.000000 0.289229 0.287102 : 0.290376 0.278925 0.298385
1200.000000 0.287427 0.285274 : 0.288562 0.277060 0.296657
1210.000000 0.285646 0.283469 : 0.286768 0.275214 0.294957
1220.000000 0.283886 0.281683 : 0.284993 0.273389 0.293274
1230.000000 0.282138 0.279913 : 0.283234 0.271569 0.291610
1240.000000 0.280428 0.278178 : 0.281512 0.269797 0.289976
1250.000000 0.278727 0.276451 : 0.279796 0.268030 0.288353
1260.000000 0.277036 0.274736 : 0.278091 0.266282 0.286735
1270.000000 0.275362 0.273034 : 0.276404 0.264558 0.285124
1280.000000 0.273724 0.271371 : 0.274748 0.262864 0.283560
1290.000000 0.272098 0.269718 : 0.273104 0.261182 0.282009
1300.000000 0.270476 0.268073 : 0.271466 0.259500 0.280462
1310.000000 0.268877 0.266450 : 0.269849 0.257845 0.278937
1320.000000 0.267285 0.264831 : 0.268234 0.256200 0.277420
1330.000000 0.265721 0.263246 : 0.266650 0.254579 0.275933
1340.000000 0.264169 0.261668 : 0.265074 0.252977 0.274455
1350.000000 0.262610 0.260083 : 0.263491 0.251363 0.272976
1360.000000 0.261095 0.258540 : 0.261944 0.249803 0.271539
1370.000000 0.259612 0.257026 : 0.260425 0.248271 0.270140
1380.000000 0.258128 0.255512 : 0.258907 0.246742 0.268734
1390.000000 0.256653 0.254006 : 0.257391 0.245233 0.267336
1400.000000 0.255209 0.252533 : 0.255907 0.243753 0.265967
1410.000000 0.253783 0.251078 : 0.254433 0.242294 0.264623
1420.000000 0.252359 0.249625 : 0.252966 0.240830 0.263280
1430.000000 0.250952 0.248193 : 0.251508 0.239389 0.261959
1440.000000 0.249564 0.246775 : 0.250073 0.237960 0.260660
1450.000000 0.248180 0.245362 : 0.248647 0.236527 0.259365
1460.000000 0.246817 0.243974 : 0.247241 0.235109 0.258101
1470.000000 0.245463 0.242592 : 0.245847 0.233697 0.256845
1480.000000 0.244116 0.241217 : 0.244455 0.232299 0.255596
1490.000000 0.242799 0.239869 : 0.243096 0.230926 0.254376
1500.000000 0.241496 0.238533 : 0.241748 0.229561 0.253178
1510.000000 0.240203 0.237207 : 0.240427 0.228206 0.251975
1520.000000 0.238921 0.235892 : 0.239117 0.226866 0.250780
1530.000000 0.237656 0.234589 : 0.237827 0.225539 0.249602
1540.000000 0.236404 0.233301 : 0.236550 0.224234 0.248428
1550.000000 0.235159 0.232020 : 0.235278 0.222942 0.247258
1560.000000 0.233928 0.230753 : 0.234015 0.221671 0.246099
1570.000000 0.232701 0.229489 : 0.232749 0.220400 0.244955
1580.000000 0.231482 0.228239 : 0.231488 0.219139 0.243818
1590.000000 0.230275 0.227001 : 0.230241 0.217889 0.242694
1600.000000 0.229075 0.225769 : 0.229000 0.216648 0.241576
1610.000000 0.227883 0.224551 : 0.227768 0.215416 0.240465
1620.000000 0.226707 0.223347 : 0.226549 0.214202 0.239369
1630.000000 0.225542 0.222157 : 0.225341 0.213005 0.238279
1640.000000 0.224382 0.220969 : 0.224138 0.211807 0.237200
1650.000000 0.223234 0.219794 : 0.222941 0.210628 0.236133
1660.000000 0.222109 0.218637 : 0.221771 0.209470 0.235086
1670.000000 0.220991 0.217488 : 0.220604 0.208320 0.234050
1680.000000 0.219883 0.216346 : 0.219437 0.207189 0.233022
1690.000000 0.218790 0.215220 : 0.218282 0.206073 0.232016
1700.000000 0.217706 0.214103 : 0.217125 0.204973 0.231020
1710.000000 0.216622 0.212986 : 0.215970 0.203875 0.230021
1720.000000 0.215542 0.211874 : 0.214811 0.202788 0.229027
1730.000000 0.214481 0.210780 : 0.213666 0.201722 0.228054
1740.000000 0.213418 0.209686 : 0.212519 0.200654 0.227082
1750.000000 0.212360 0.208594 : 0.211381 0.199594 0.226104
1760.000000 0.211318 0.207523 : 0.210265 0.198552 0.225138
1770.000000 0.210292 0.206464 : 0.209159 0.197528 0.224189
1780.000000 0.209273 0.205414 : 0.208067 0.196508 0.223243
1790.000000 0.208249 0.204364 : 0.206976 0.195483 0.222287
1800.000000 0.207244 0.203333 : 0.205900 0.194469 0.221362
1810.000000 0.206247 0.202310 : 0.204831 0.193460 0.220450
1820.000000 0.205255 0.201291 : 0.203775 0.192446 0.219545
1830.000000 0.204275 0.200286 : 0.202729 0.191453 0.218644
1840.000000 0.203301 0.199287 : 0.201694 0.190462 0.217749
1850.000000 0.202337 0.198297 : 0.200664 0.189481 0.216867
1860.000000 0.201377 0.197311 : 0.199630 0.188522 0.215978
1870.000000 0.200427 0.196338 : 0.198606 0.187561 0.215113
1880.000000 0.199482 0.195370 : 0.197584 0.186613 0.214249
1890.000000 0.198539 0.194405 : 0.196564 0.185662 0.213390
1900.000000 0.197619 0.193462 : 0.195554 0.184742 0.212560
1910.000000 0.196694 0.192518 : 0.194540 0.183816 0.211725
1920.000000 0.195773 0.191580 : 0.193536 0.182888 0.210895
1930.000000 0.194865 0.190651 : 0.192533 0.181981 0.210080
1940.000000 0.193967 0.189732 : 0.191545 0.181072 0.209283
1950.000000 0.193076 0.188820 : 0.190567 0.180173 0.208488
1960.000000 0.192184 0.187905 : 0.189597 0.179266 0.207689
1970.000000 0.191309 0.187004 : 0.188643 0.178377 0.206907
1980.000000 0.190437 0.186105 : 0.187697 0.177495 0.206119
1990.000000 0.189574 0.185217 : 0.186762 0.176621 0.205340
2000.000000 0.188726 0.184338 : 0.185835 0.175769 0.204574
5000.000000 0.095177 0.090684 : 0.072570 0.074833 0.138129
10000.000000 0.051802 0.044221 : 0.025618 0.027268 0.102522
15000.000000 0.036782 0.026238 : 0.010139 0.011721 0.088487
20000.000000 0.029963 0.016949 : 0.003854 0.005081 0.080955
25000.000000 0.026411 0.011572 : 0.001620 0.002426 0.075187
30000.000000 0.024488 0.008401 : 0.000843 0.001236 0.071386
35000.000000 0.023133 0.006366 : 0.000556 0.000694 0.068149
40000.000000 0.022150 0.005181 : 0.000072 0.000580 0.065799
45000.000000 0.021503 0.004298 : 0.000076 0.000322 0.064111
50000.000000 0.020868 0.003619 : 0.000101 0.000394 0.062108
55000.000000 0.020206 0.003110 : 0.000177 -0.000214 0.060654
60000.000000 0.019518 0.002657 : -0.000018 -0.000335 0.058908
65000.000000 0.019303 0.002423 : 0.000456 -0.000196 0.057649
70000.000000 0.018851 0.002100 : 0.000346 -0.000270 0.056477
75000.000000 0.018649 0.001900 : 0.000406 -0.000092 0.055634
80000.000000 0.018116 0.001724 : 0.000200 -0.000301 0.054448
85000.000000 0.017758 0.001514 : -0.000228 0.000042 0.053459
90000.000000 0.017597 0.001424 : -0.000040 0.000089 0.052741
95000.000000 0.017313 0.001266 : -0.000042 -0.000040 0.052022
100000.000000 0.016825 0.001184 : -0.000302 -0.000220 0.050997
105000.000000 0.016752 0.001068 : 0.000058 -0.000123 0.050322
110000.000000 0.016289 0.001007 : -0.000287 -0.000552 0.049707
115000.000000 0.016284 0.000934 : -0.000223 -0.000049 0.049124
120000.000000 0.016134 0.000861 : -0.000114 0.000002 0.048514
125000.000000 0.015949 0.000858 : -0.000151 0.000173 0.047824
130000.000000 0.015790 0.000811 : 0.000064 0.000033 0.047273
135000.000000 0.015643 0.000766 : 0.000036 0.000066 0.046828
140000.000000 0.015510 0.000719 : 0.000452 0.000066 0.046013
145000.000000 0.015310 0.000657 : 0.000193 0.000089 0.045647
150000.000000 0.015174 0.000602 : 0.000614 -0.000238 0.045146
155000.000000 0.014886 0.000537 : 0.000092 -0.000101 0.044667
160000.000000 0.014637 0.000472 : -0.000280 -0.000083 0.044276
165000.000000 0.014637 0.000482 : 0.000023 0.000155 0.043733
170000.000000 0.014488 0.000491 : -0.000141 0.000127 0.043479
175000.000000 0.014403 0.000476 : 0.000061 0.000267 0.042882
180000.000000 0.013964 0.000428 : -0.000440 -0.000118 0.042449
185000.000000 0.014029 0.000445 : -0.000018 -0.000044 0.042149
190000.000000 0.014077 0.000445 : 0.000051 0.000159 0.042023
195000.000000 0.013947 0.000454 : 0.000167 0.000114 0.041562
200000.000000 0.013830 0.000400 : -0.000070 0.000021 0.041538
205000.000000 0.013454 0.000407 : -0.000180 -0.000297 0.040839
210000.000000 0.013346 0.000337 : 0.000025 -0.000310 0.040323
215000.000000 0.013295 0.000367 : -0.000038 -0.000201 0.040123
220000.000000 0.013061 0.000339 : -0.000255 -0.000207 0.039646
225000.000000 0.013186 0.000351 : 0.000021 0.000136 0.039401
230000.000000 0.012938 0.000313 : -0.000062 -0.000076 0.038951
235000.000000 0.012845 0.000346 : 0.000021 -0.000075 0.038588
240000.000000 0.012748 0.000338 : -0.000164 -0.000032 0.038442
245000.000000 0.012704 0.000322 : -0.000059 0.000046 0.038126
250000.000000 0.012593 0.000298 : -0.000262 0.000283 0.037758
255000.000000 0.012504 0.000259 : -0.000042 0.000031 0.037522
260000.000000 0.012205 0.000224 : -0.000286 -0.000094 0.036995
265000.000000 0.012342 0.000224 : -0.000018 0.000141 0.036904
270000.000000 0.012294 0.000223 : 0.000036 0.000491 0.036355
275000.000000 0.012147 0.000189 : 0.000056 0.000058 0.036328
280000.000000 0.011896 0.000218 : -0.000095 -0.000148 0.035931
285000.000000 0.011971 0.000225 : -0.000070 0.000151 0.035831
290000.000000 0.011703 0.000212 : -0.000260 0.000010 0.035360
295000.000000 0.011641 0.000202 : -0.000036 -0.000056 0.035013
300000.000000 0.011761 0.000207 : 0.000117 0.000135 0.035032
305000.000000 0.011574 0.000194 : 0.000023 0.000075 0.034624
310000.000000 0.011422 0.000211 : 0.000089 -0.000160 0.034336
315000.000000 0.011477 0.000202 : 0.000230 -0.000042 0.034242
320000.000000 0.011323 0.000190 : 0.000177 -0.000197 0.033990
325000.000000 0.011328 0.000179 : 0.000194 0.000006 0.033784
330000.000000 0.011184 0.000164 : 0.000227 -0.000246 0.033571
335000.000000 0.011075 0.000158 : 0.000098 -0.000145 0.033272
340000.000000 0.010908 0.000178 : -0.000067 -0.000245 0.033038
345000.000000 0.010861 0.000157 : -0.000343 -0.000010 0.032937
350000.000000 0.010909 0.000166 : -0.000077 -0.000008 0.032812
355000.000000 0.010862 0.000171 : 0.000180 0.000144 0.032261
360000.000000 0.010763 0.000161 : -0.000073 0.000098 0.032264
365000.000000 0.010543 0.000141 : -0.000234 -0.000178 0.032042
370000.000000 0.010569 0.000164 : -0.000065 -0.000019 0.031791
375000.000000 0.010554 0.000173 : -0.000110 0.000087 0.031686
380000.000000 0.010651 0.000160 : -0.000049 0.000249 0.031753
385000.000000 0.010403 0.000173 : 0.000008 -0.000099 0.031300
390000.000000 0.010330 0.000158 : -0.000171 0.000172 0.030990
395000.000000 0.010195 0.000160 : -0.000111 -0.000035 0.030732
400000.000000 0.010126 0.000164 : -0.000277 -0.000055 0.030710
405000.000000 0.010209 0.000144 : -0.000190 0.000195 0.030622
410000.000000 0.009980 0.000126 : -0.000198 -0.000013 0.030152
415000.000000 0.009902 0.000143 : -0.000030 -0.000312 0.030047
420000.000000 0.009965 0.000145 : -0.000024 0.000041 0.029878
425000.000000 0.010009 0.000166 : 0.000016 0.000099 0.029912
430000.000000 0.009885 0.000150 : 0.000087 -0.000053 0.029620
435000.000000 0.009765 0.000143 : 0.000039 -0.000013 0.029269
440000.000000 0.009867 0.000158 : 0.000128 0.000285 0.029187
445000.000000 0.009682 0.000145 : 0.000005 0.000042 0.028998
450000.000000 0.009562 0.000139 : -0.000077 0.000035 0.028728
455000.000000 0.009503 0.000152 : -0.000083 -0.000109 0.028703
460000.000000 0.009424 0.000139 : 0.000056 -0.000249 0.028466
465000.000000 0.009338 0.000153 : -0.000122 -0.000176 0.028311
470000.000000 0.009415 0.000133 : 0.000135 -0.000064 0.028173
475000.000000 0.009382 0.000126 : 0.000176 -0.000161 0.028132
480000.000000 0.009313 0.000134 : 0.000148 -0.000183 0.027975
485000.000000 0.009187 0.000125 : 0.000026 -0.000233 0.027770
490000.000000 0.009120 0.000122 : -0.000032 -0.000184 0.027575
495000.000000 0.009185 0.000119 : -0.000029 -0.000052 0.027637
500000.000000 0.009118 0.000116 : -0.000003 -0.000114 0.027471
505000.000000 0.009183 0.000127 : 0.000143 0.000202 0.027204
510000.000000 0.009018 0.000114 : 0.000059 -0.000078 0.027075
515000.000000 0.008924 0.000109 : -0.000125 -0.000052 0.026948
520000.000000 0.009034 0.000121 : -0.000023 0.000054 0.027071
525000.000000 0.008869 0.000113 : 0.000111 -0.000165 0.026662
530000.000000 0.008965 0.000127 : 0.000129 0.000097 0.026671
535000.000000 0.008830 0.000106 : -0.000023 0.000146 0.026367
540000.000000 0.008713 0.000108 : -0.000087 0.000101 0.026124
545000.000000 0.008651 0.000092 : -0.000095 -0.000141 0.026188
550000.000000 0.008622 0.000107 : -0.000043 -0.000126 0.026036
555000.000000 0.008705 0.000100 : 0.000046 0.000149 0.025918
560000.000000 0.008620 0.000100 : 0.000027 0.000164 0.025668
565000.000000 0.008375 0.000112 : -0.000007 -0.000253 0.025386
570000.000000 0.008478 0.000096 : 0.000126 -0.000171 0.025478
575000.000000 0.008302 0.000092 : 0.000035 -0.000222 0.025094
580000.000000 0.008357 0.000082 : 0.000165 -0.000074 0.024980
585000.000000 0.008285 0.000081 : 0.000171 0.000013 0.024670
590000.000000 0.008339 0.000069 : 0.000021 0.000294 0.024701
595000.000000 0.008128 0.000082 : -0.000086 0.000084 0.024387
600000.000000 0.007995 0.000089 : -0.000070 0.000005 0.024050
605000.000000 0.008089 0.000095 : -0.000054 -0.000031 0.024353
610000.000000 0.008087 0.000089 : 0.000073 0.000190 0.023998
615000.000000 0.007956 0.000085 : 0.000122 -0.000031 0.023775
620000.000000 0.007936 0.000090 : 0.000171 -0.000212 0.023848
625000.000000 0.007789 0.000083 : -0.000090 -0.000030 0.023486
630000.000000 0.007874 0.000068 : -0.000015 0.000139 0.023499
635000.000000 0.007679 0.000069 : -0.000369 0.000073 0.023333
640000.000000 0.007490 0.000076 : -0.000456 -0.000012 0.022939
645000.000000 0.007641 0.000077 : -0.000354 0.000248 0.023029
650000.000000 0.007565 0.000082 : -0.000222 -0.000051 0.022966
655000.000000 0.007693 0.000078 : 0.000125 0.000154 0.022802
660000.000000 0.007569 0.000076 : -0.000015 0.000102 0.022620
665000.000000 0.007548 0.000070 : 0.000018 0.000034 0.022593
670000.000000 0.007471 0.000074 : -0.000024 0.000046 0.022390
675000.000000 0.007225 0.000062 : -0.000243 -0.000288 0.022207
680000.000000 0.007434 0.000068 : 0.000403 -0.000185 0.022083
685000.000000 0.007282 0.000067 : 0.000168 -0.000177 0.021855
690000.000000 0.007283 0.000071 : 0.000072 0.000037 0.021740
695000.000000 0.007151 0.000060 : -0.000110 0.000027 0.021537
700000.000000 0.007067 0.000053 : -0.000127 -0.000200 0.021527
705000.000000 0.007033 0.000052 : 0.000023 -0.000296 0.021373
710000.000000 0.007046 0.000042 : -0.000183 -0.000069 0.021391
715000.000000 0.007044 0.000076 : -0.000054 -0.000004 0.021189
720000.000000 0.007047 0.000080 : -0.000055 0.000115 0.021080
725000.000000 0.006891 0.000049 : -0.000080 0.000023 0.020732
730000.000000 0.006917 0.000046 : 0.000164 -0.000017 0.020604
735000.000000 0.006886 0.000038 : -0.000126 0.000183 0.020601
740000.000000 0.006762 0.000050 : -0.000111 -0.000043 0.020441
745000.000000 0.006813 0.000043 : 0.000040 -0.000006 0.020406
750000.000000 0.006802 0.000054 : 0.000034 -0.000033 0.020406
755000.000000 0.006643 0.000057 : -0.000324 0.000140 0.020113
760000.000000 0.006726 0.000076 : -0.000230 0.000165 0.020243
765000.000000 0.006591 0.000052 : -0.000095 -0.000339 0.020207
770000.000000 0.006495 0.000053 : -0.000210 -0.000117 0.019812
775000.000000 0.006655 0.000071 : -0.000077 0.000136 0.019905
780000.000000 0.006555 0.000075 : -0.000040 0.000025 0.019681
785000.000000 0.006436 0.000070 : -0.000026 0.000018 0.019316
790000.000000 0.006436 0.000059 : -0.000029 0.000022 0.019316
795000.000000 0.006454 0.000058 : -0.000165 0.000252 0.019275
800000.000000 0.006473 0.000058 : 0.000179 0.000243 0.018998
805000.000000 0.006339 0.000057 : -0.000005 0.000256 0.018766
810000.000000 0.006306 0.000058 : -0.000024 0.000035 0.018908
815000.000000 0.006390 0.000067 : 0.000114 0.000129 0.018928
820000.000000 0.006266 0.000042 : -0.000040 0.000010 0.018827
825000.000000 0.006126 0.000043 : -0.000108 -0.000089 0.018576
830000.000000 0.006150 0.000045 : -0.000086 -0.000011 0.018547
835000.000000 0.006135 0.000047 : 0.000049 0.000068 0.018289
840000.000000 0.006020 0.000053 : 0.000165 -0.000229 0.018123
845000.000000 0.006080 0.000071 : 0.000116 -0.000029 0.018153
850000.000000 0.006079 0.000056 : 0.000227 -0.000101 0.018110
855000.000000 0.006017 0.000056 : 0.000140 -0.000017 0.017929
860000.000000 0.005866 0.000048 : 0.000011 -0.000179 0.017767
865000.000000 0.005841 0.000050 : 0.000095 -0.000384 0.017811
870000.000000 0.005865 0.000060 : -0.000092 0.000032 0.017654
875000.000000 0.005868 0.000065 : 0.000028 0.000132 0.017444
880000.000000 0.005859 0.000055 : 0.000127 -0.000029 0.017478
885000.000000 0.005728 0.000054 : 0.000021 -0.000180 0.017342
890000.000000 0.005621 0.000048 : -0.000045 -0.000350 0.017259
895000.000000 0.005732 0.000037 : 0.000327 -0.000054 0.016923
900000.000000 0.005685 0.000049 : 0.000081 -0.000189 0.017162
905000.000000 0.005719 0.000044 : 0.000009 -0.000068 0.017215
910000.000000 0.005660 0.000039 : -0.000019 -0.000035 0.017033
915000.000000 0.005528 0.000019 : -0.000195 0.000018 0.016762
920000.000000 0.005630 0.000043 : 0.000021 0.000098 0.016772
925000.000000 0.005658 0.000049 : 0.000008 0.000217 0.016750
930000.000000 0.005505 0.000031 : -0.000177 0.000102 0.016590
935000.000000 0.005560 0.000037 : 0.000198 -0.000057 0.016539
940000.000000 0.005413 0.000031 : 0.000031 -0.000082 0.016288
945000.000000 0.005594 0.000025 : 0.000186 0.000060 0.016537
950000.000000 0.005387 0.000021 : 0.000110 -0.000028 0.016080
955000.000000 0.005481 0.000037 : 0.000291 0.000066 0.016086
960000.000000 0.005429 0.000044 : 0.000092 0.000040 0.016153
965000.000000 0.005328 0.000058 : -0.000041 -0.000102 0.016127
970000.000000 0.005407 0.000043 : 0.000126 0.000218 0.015875
975000.000000 0.005134 0.000055 : -0.000023 -0.000090 0.015514
980000.000000 0.005249 0.000056 : 0.000013 0.000006 0.015728
985000.000000 0.005138 0.000035 : -0.000075 -0.000201 0.015690
990000.000000 0.005204 0.000034 : 0.000185 -0.000172 0.015597
995000.000000 0.005162 0.000033 : 0.000004 -0.000065 0.015546
1000000.000000 0.005164 0.000035 : 0.000180 0.000080 0.015231
