0.000000 1.000000 1.000000 : 1.000000 1.000000 1.000000
10.000000 0.999093 0.999093 : 0.999093 0.999091 0.999095
20.000000 0.998501 0.998501 : 0.998502 0.998502 0.998498
30.000000 0.997611 0.997611 : 0.997606 0.997614 0.997612
40.000000 0.996555 0.996555 : 0.996541 0.996560 0.996562
50.000000 0.995426 0.995426 : 0.995406 0.995437 0.995436
60.000000 0.994320 0.994320 : 0.994288 0.994336 0.994335
70.000000 0.993512 0.993512 : 0.993468 0.993534 0.993533
80.000000 0.992315 0.992315 : 0.992259 0.992343 0.992344
90.000000 0.991478 0.991478 : 0.991409 0.991511 0.991514
100.000000 0.990507 0.990506 : 0.990430 0.990547 0.990543
110.000000 0.989649 0.989649 : 0.989559 0.989694 0.989694
120.000000 0.988964 0.988964 : 0.988863 0.989013 0.989016
130.000000 0.988220 0.988220 : 0.988110 0.988273 0.988277
140.000000 0.987435 0.987434 : 0.987316 0.987491 0.987497
150.000000 0.986618 0.986617 : 0.986490 0.986677 0.986686
160.000000 0.985844 0.985844 : 0.985708 0.985905 0.985920
170.000000 0.984938 0.984938 : 0.984793 0.985000 0.985021
180.000000 0.984127 0.984127 : 0.983975 0.984190 0.984217
190.000000 0.983201 0.983201 : 0.983042 0.983263 0.983298
200.000000 0.982329 0.982329 : 0.982165 0.982389 0.982433
210.000000 0.981517 0.981516 : 0.981347 0.981573 0.981632
220.000000 0.980617 0.980616 : 0.980442 0.980669 0.980740
230.000000 0.979773 0.979772 : 0.979597 0.979822 0.979901
240.000000 0.978865 0.978864 : 0.978684 0.978908 0.979002
250.000000 0.978094 0.978093 : 0.977911 0.978133 0.978238
260.000000 0.977249 0.977248 : 0.977066 0.977283 0.977398
270.000000 0.976485 0.976483 : 0.976303 0.976512 0.976639
280.000000 0.975744 0.975742 : 0.975562 0.975764 0.975904
290.000000 0.974999 0.974998 : 0.974818 0.975013 0.975166
300.000000 0.974298 0.974296 : 0.974120 0.974304 0.974470
310.000000 0.973525 0.973523 : 0.973351 0.973524 0.973700
320.000000 0.972825 0.972823 : 0.972655 0.972816 0.973004
330.000000 0.972091 0.972089 : 0.971926 0.972074 0.972274
340.000000 0.971398 0.971395 : 0.971237 0.971372 0.971584
350.000000 0.970670 0.970668 : 0.970516 0.970636 0.970860
360.000000 0.970018 0.970016 : 0.969869 0.969974 0.970212
370.000000 0.969340 0.969338 : 0.969196 0.969287 0.969538
380.000000 0.968620 0.968617 : 0.968481 0.968557 0.968821
390.000000 0.967980 0.967977 : 0.967848 0.967909 0.968184
400.000000 0.967307 0.967303 : 0.967181 0.967225 0.967514
410.000000 0.966684 0.966680 : 0.966563 0.966594 0.966894
420.000000 0.966013 0.966010 : 0.965899 0.965915 0.966226
430.000000 0.965419 0.965415 : 0.965311 0.965312 0.965634
440.000000 0.964822 0.964818 : 0.964721 0.964707 0.965039
450.000000 0.964189 0.964186 : 0.964095 0.964066 0.964408
460.000000 0.963605 0.963601 : 0.963517 0.963472 0.963825
470.000000 0.962986 0.962982 : 0.962905 0.962845 0.963207
480.000000 0.962408 0.962404 : 0.962335 0.962259 0.962632
490.000000 0.961803 0.961798 : 0.961736 0.961645 0.962027
500.000000 0.961222 0.961218 : 0.961162 0.961056 0.961449
510.000000 0.960629 0.960624 : 0.960575 0.960453 0.960857
520.000000 0.960037 0.960032 : 0.959991 0.959852 0.960268
530.000000 0.959473 0.959467 : 0.959434 0.959279 0.959705
540.000000 0.958871 0.958866 : 0.958839 0.958668 0.959107
550.000000 0.958301 0.958295 : 0.958275 0.958088 0.958539
560.000000 0.957727 0.957721 : 0.957707 0.957504 0.957969
570.000000 0.957177 0.957171 : 0.957165 0.956945 0.957421
580.000000 0.956599 0.956593 : 0.956593 0.956357 0.956847
590.000000 0.956051 0.956045 : 0.956053 0.955799 0.956302
600.000000 0.955502 0.955496 : 0.955512 0.955240 0.955755
610.000000 0.954935 0.954928 : 0.954953 0.954662 0.955190
620.000000 0.954402 0.954396 : 0.954429 0.954120 0.954659
630.000000 0.953850 0.953843 : 0.953885 0.953557 0.954109
640.000000 0.953315 0.953308 : 0.953358 0.953012 0.953575
650.000000 0.952765 0.952758 : 0.952816 0.952451 0.953028
660.000000 0.952240 0.952232 : 0.952299 0.951915 0.952505
670.000000 0.951702 0.951694 : 0.951770 0.951366 0.951969
680.000000 0.951159 0.951151 : 0.951235 0.950812 0.951429
690.000000 0.950633 0.950625 : 0.950717 0.950276 0.950907
700.000000 0.950098 0.950090 : 0.950190 0.949729 0.950375
710.000000 0.949573 0.949564 : 0.949673 0.949193 0.949853
720.000000 0.949040 0.949031 : 0.949147 0.948648 0.949324
730.000000 0.948519 0.948510 : 0.948634 0.948116 0.948806
740.000000 0.947992 0.947983 : 0.948115 0.947578 0.948282
750.000000 0.947466 0.947457 : 0.947596 0.947042 0.947759
760.000000 0.946949 0.946940 : 0.947087 0.946514 0.947244
770.000000 0.946429 0.946420 : 0.946576 0.945984 0.946728
780.000000 0.945909 0.945900 : 0.946063 0.945453 0.946210
790.000000 0.945388 0.945378 : 0.945550 0.944922 0.945691
800.000000 0.944885 0.944876 : 0.945055 0.944410 0.945190
810.000000 0.944369 0.944360 : 0.944548 0.943884 0.944677
820.000000 0.943851 0.943841 : 0.944038 0.943356 0.944160
830.000000 0.943345 0.943335 : 0.943540 0.942840 0.943655
840.000000 0.942842 0.942831 : 0.943045 0.942327 0.943154
850.000000 0.942336 0.942326 : 0.942548 0.941811 0.942649
860.000000 0.941825 0.941815 : 0.942046 0.941290 0.942140
870.000000 0.941328 0.941317 : 0.941557 0.940783 0.941644
880.000000 0.940828 0.940817 : 0.941065 0.940273 0.941145
890.000000 0.940332 0.940321 : 0.940579 0.939768 0.940650
900.000000 0.939835 0.939824 : 0.940090 0.939260 0.940154
910.000000 0.939338 0.939327 : 0.939603 0.938754 0.939658
920.000000 0.938849 0.938838 : 0.939122 0.938255 0.939169
930.000000 0.938361 0.938349 : 0.938642 0.937758 0.938682
940.000000 0.937874 0.937862 : 0.938164 0.937262 0.938196
950.000000 0.937381 0.937369 : 0.937680 0.936761 0.937703
960.000000 0.936900 0.936888 : 0.937208 0.936271 0.937221
970.000000 0.936420 0.936407 : 0.936737 0.935782 0.936741
980.000000 0.935936 0.935923 : 0.936262 0.935289 0.936256
990.000000 0.935453 0.935440 : 0.935789 0.934798 0.935772
1000.000000 0.934976 0.934963 : 0.935321 0.934313 0.935294
1010.000000 0.934502 0.934489 : 0.934857 0.933831 0.934819
1020.000000 0.934024 0.934010 : 0.934388 0.933344 0.934339
1030.000000 0.933555 0.933541 : 0.933929 0.932867 0.933868
1040.000000 0.933085 0.933071 : 0.933468 0.932389 0.933397
1050.000000 0.932614 0.932600 : 0.933008 0.931910 0.932925
1060.000000 0.932152 0.932137 : 0.932555 0.931439 0.932461
1070.000000 0.931690 0.931675 : 0.932103 0.930970 0.931997
1080.000000 0.931227 0.931212 : 0.931650 0.930498 0.931532
1090.000000 0.930767 0.930752 : 0.931201 0.930031 0.931071
1100.000000 0.930314 0.930299 : 0.930758 0.929569 0.930615
1110.000000 0.929857 0.929842 : 0.930311 0.929104 0.930156
1120.000000 0.929403 0.929387 : 0.929868 0.928642 0.929698
1130.000000 0.928953 0.928938 : 0.929431 0.928185 0.929245
1140.000000 0.928502 0.928486 : 0.928991 0.927726 0.928790
1150.000000 0.928055 0.928039 : 0.928557 0.927271 0.928338
1160.000000 0.927610 0.927594 : 0.928125 0.926818 0.927887
1170.000000 0.927165 0.927148 : 0.927693 0.926364 0.927437
1180.000000 0.926720 0.926703 : 0.927261 0.925910 0.926987
1190.000000 0.926280 0.926263 : 0.926836 0.925462 0.926542
1200.000000 0.925840 0.925823 : 0.926410 0.925014 0.926096
1210.000000 0.925401 0.925384 : 0.925985 0.924567 0.925652
1220.000000 0.924965 0.924947 : 0.925562 0.924122 0.925209
1230.000000 0.924529 0.924511 : 0.925140 0.923678 0.924768
1240.000000 0.924096 0.924078 : 0.924721 0.923238 0.924330
1250.000000 0.923663 0.923645 : 0.924303 0.922796 0.923891
1260.000000 0.923232 0.923213 : 0.923885 0.922357 0.923453
1270.000000 0.922801 0.922781 : 0.923469 0.921917 0.923016
1280.000000 0.922373 0.922354 : 0.923055 0.921481 0.922582
1290.000000 0.921946 0.921926 : 0.922642 0.921045 0.922149
1300.000000 0.921518 0.921498 : 0.922230 0.920609 0.921716
1310.000000 0.921093 0.921072 : 0.921819 0.920175 0.921284
1320.000000 0.920666 0.920645 : 0.921407 0.919739 0.920851
1330.000000 0.920243 0.920222 : 0.920999 0.919308 0.920423
1340.000000 0.919821 0.919800 : 0.920591 0.918877 0.919994
1350.000000 0.919396 0.919375 : 0.920181 0.918444 0.919564
1360.000000 0.918976 0.918954 : 0.919775 0.918015 0.919137
1370.000000 0.918559 0.918537 : 0.919373 0.917589 0.918715
1380.000000 0.918141 0.918118 : 0.918969 0.917162 0.918290
1390.000000 0.917722 0.917699 : 0.918565 0.916734 0.917866
1400.000000 0.917307 0.917284 : 0.918165 0.916311 0.917445
1410.000000 0.916892 0.916869 : 0.917765 0.915887 0.917024
1420.000000 0.916477 0.916453 : 0.917364 0.915462 0.916603
1430.000000 0.916063 0.916040 : 0.916966 0.915040 0.916184
1440.000000 0.915650 0.915626 : 0.916568 0.914618 0.915765
1450.000000 0.915237 0.915213 : 0.916170 0.914195 0.915346
1460.000000 0.914826 0.914801 : 0.915774 0.913775 0.914929
1470.000000 0.914416 0.914390 : 0.915378 0.913355 0.914514
1480.000000 0.914004 0.913979 : 0.914981 0.912934 0.914097
1490.000000 0.913595 0.913569 : 0.914586 0.912516 0.913683
1500.000000 0.913187 0.913161 : 0.914193 0.912099 0.913270
1510.000000 0.912780 0.912753 : 0.913800 0.911682 0.912858
1520.000000 0.912373 0.912346 : 0.913407 0.911267 0.912446
1530.000000 0.911968 0.911940 : 0.913015 0.910852 0.912036
1540.000000 0.911563 0.911535 : 0.912624 0.910438 0.911626
1550.000000 0.911159 0.911131 : 0.912234 0.910026 0.911217
1560.000000 0.910756 0.910728 : 0.911845 0.909615 0.910809
1570.000000 0.910353 0.910324 : 0.911455 0.909203 0.910400
1580.000000 0.909950 0.909921 : 0.911066 0.908793 0.909992
1590.000000 0.909549 0.909520 : 0.910678 0.908385 0.909585
1600.000000 0.909149 0.909119 : 0.910291 0.907976 0.909179
1610.000000 0.908749 0.908719 : 0.909904 0.907569 0.908774
1620.000000 0.908350 0.908319 : 0.909518 0.907163 0.908369
1630.000000 0.907952 0.907921 : 0.909132 0.906757 0.907966
1640.000000 0.907554 0.907522 : 0.908746 0.906352 0.907563
1650.000000 0.907157 0.907125 : 0.908361 0.905948 0.907162
1660.000000 0.906761 0.906728 : 0.907977 0.905545 0.906761
1670.000000 0.906366 0.906333 : 0.907593 0.905143 0.906361
1680.000000 0.905971 0.905938 : 0.907209 0.904741 0.905963
1690.000000 0.905578 0.905544 : 0.906827 0.904342 0.905566
1700.000000 0.905186 0.905152 : 0.906446 0.903943 0.905170
1710.000000 0.904794 0.904759 : 0.906064 0.903545 0.904774
1720.000000 0.904403 0.904368 : 0.905684 0.903147 0.904378
1730.000000 0.904013 0.903977 : 0.905305 0.902751 0.903984
1740.000000 0.903624 0.903588 : 0.904926 0.902356 0.903591
1750.000000 0.903235 0.903198 : 0.904547 0.901961 0.903198
1760.000000 0.902849 0.902811 : 0.904171 0.901568 0.902806
1770.000000 0.902463 0.902425 : 0.903796 0.901177 0.902416
1780.000000 0.902078 0.902039 : 0.903421 0.900787 0.902026
1790.000000 0.901693 0.901653 : 0.903046 0.900396 0.901636
1800.000000 0.901309 0.901269 : 0.902672 0.900007 0.901247
1810.000000 0.900926 0.900885 : 0.902299 0.899619 0.900859
1820.000000 0.900543 0.900502 : 0.901927 0.899231 0.900471
1830.000000 0.900162 0.900120 : 0.901556 0.898845 0.900085
1840.000000 0.899781 0.899739 : 0.901186 0.898459 0.899699
1850.000000 0.899402 0.899359 : 0.900816 0.898075 0.899314
1860.000000 0.899022 0.898979 : 0.900446 0.897691 0.898930
1870.000000 0.898644 0.898601 : 0.900078 0.897309 0.898546
1880.000000 0.898267 0.898223 : 0.899711 0.896927 0.898162
1890.000000 0.897889 0.897845 : 0.899343 0.896546 0.897779
1900.000000 0.897514 0.897469 : 0.898978 0.896167 0.897398
1910.000000 0.897139 0.897093 : 0.898611 0.895789 0.897016
1920.000000 0.896764 0.896717 : 0.898246 0.895411 0.896635
1930.000000 0.896390 0.896343 : 0.897881 0.895034 0.896254
1940.000000 0.896017 0.895969 : 0.897518 0.894659 0.895874
1950.000000 0.895645 0.895597 : 0.897156 0.894285 0.895495
1960.000000 0.895273 0.895224 : 0.896794 0.893911 0.895115
1970.000000 0.894903 0.894853 : 0.896433 0.893538 0.894737
1980.000000 0.894533 0.894482 : 0.896073 0.893167 0.894359
1990.000000 0.894164 0.894113 : 0.895714 0.892796 0.893982
2000.000000 0.893797 0.893745 : 0.895356 0.892427 0.893606
5000.000000 0.822901 0.822834 : 0.817009 0.818688 0.833005
10000.000000 0.744292 0.744073 : 0.730889 0.734257 0.767731
15000.000000 0.684999 0.684536 : 0.663871 0.668092 0.723035
20000.000000 0.634392 0.633574 : 0.604904 0.610724 0.687547
25000.000000 0.589359 0.587960 : 0.551373 0.558927 0.657777
30000.000000 0.548468 0.546395 : 0.502261 0.511293 0.631849
35000.000000 0.511417 0.508668 : 0.457319 0.467987 0.608946
40000.000000 0.477719 0.474170 : 0.416291 0.428507 0.588360
45000.000000 0.447168 0.442619 : 0.379217 0.392290 0.569997
50000.000000 0.419336 0.413674 : 0.345248 0.359232 0.553527
55000.000000 0.393851 0.387062 : 0.314215 0.329001 0.538338
60000.000000 0.370509 0.362484 : 0.285759 0.301599 0.524168
65000.000000 0.349335 0.339971 : 0.260101 0.276775 0.511130
70000.000000 0.330166 0.319354 : 0.236925 0.254405 0.499166
75000.000000 0.312675 0.300308 : 0.215782 0.234254 0.487990
80000.000000 0.296706 0.282833 : 0.196646 0.215906 0.477567
85000.000000 0.282311 0.266842 : 0.179427 0.199351 0.468154
90000.000000 0.269049 0.252016 : 0.163886 0.184234 0.459027
95000.000000 0.256826 0.238341 : 0.149637 0.170668 0.450174
100000.000000 0.245676 0.225720 : 0.136749 0.158495 0.441785
105000.000000 0.235493 0.214112 : 0.125216 0.147368 0.433896
110000.000000 0.226106 0.203389 : 0.114721 0.137118 0.426478
115000.000000 0.217457 0.193369 : 0.105356 0.127526 0.419487
120000.000000 0.209482 0.184092 : 0.097052 0.118532 0.412862
125000.000000 0.202139 0.175556 : 0.089356 0.110409 0.406652
130000.000000 0.195287 0.167543 : 0.082426 0.102939 0.400495
135000.000000 0.189029 0.160095 : 0.076264 0.096090 0.394734
140000.000000 0.183148 0.153161 : 0.070450 0.089678 0.389317
145000.000000 0.177808 0.146700 : 0.065176 0.084099 0.384149
150000.000000 0.172847 0.140673 : 0.060506 0.078992 0.379044
155000.000000 0.168275 0.135061 : 0.056136 0.074432 0.374257
160000.000000 0.164117 0.129854 : 0.052138 0.070284 0.369930
165000.000000 0.160201 0.124941 : 0.048566 0.066244 0.365791
170000.000000 0.156574 0.120363 : 0.045303 0.062552 0.361868
175000.000000 0.153065 0.115994 : 0.042339 0.059024 0.357833
180000.000000 0.149827 0.111944 : 0.039626 0.055892 0.353965
185000.000000 0.146610 0.107970 : 0.036758 0.052912 0.350159
190000.000000 0.143578 0.104199 : 0.034263 0.050102 0.346370
195000.000000 0.140716 0.100689 : 0.031783 0.047540 0.342826
200000.000000 0.138042 0.097263 : 0.029482 0.045386 0.339257
205000.000000 0.135539 0.094002 : 0.027363 0.043353 0.335902
210000.000000 0.133190 0.090891 : 0.025349 0.041374 0.332847
215000.000000 0.130837 0.087927 : 0.023381 0.039380 0.329751
220000.000000 0.128656 0.085063 : 0.021595 0.037602 0.326773
225000.000000 0.126628 0.082339 : 0.019936 0.035966 0.323984
230000.000000 0.124732 0.079766 : 0.018607 0.034336 0.321252
235000.000000 0.122934 0.077310 : 0.017189 0.032943 0.318670
240000.000000 0.121060 0.074885 : 0.015582 0.031505 0.316092
245000.000000 0.119333 0.072610 : 0.014110 0.030158 0.313732
250000.000000 0.117630 0.070358 : 0.012723 0.028788 0.311381
255000.000000 0.115945 0.068143 : 0.011408 0.027473 0.308954
260000.000000 0.114194 0.065991 : 0.010105 0.026125 0.306353
265000.000000 0.112456 0.063911 : 0.008760 0.024789 0.303820
270000.000000 0.110776 0.061914 : 0.007406 0.023328 0.301594
275000.000000 0.109038 0.059948 : 0.005920 0.021863 0.299333
280000.000000 0.107318 0.058038 : 0.004354 0.020372 0.297228
285000.000000 0.105777 0.056250 : 0.002984 0.019082 0.295264
290000.000000 0.104378 0.054595 : 0.001798 0.017993 0.293343
295000.000000 0.103013 0.052977 : 0.000699 0.016758 0.291582
300000.000000 0.101704 0.051427 : -0.000457 0.015579 0.289989
305000.000000 0.100322 0.049892 : -0.001532 0.014124 0.288373
310000.000000 0.098895 0.048400 : -0.002715 0.012612 0.286787
315000.000000 0.097593 0.046963 : -0.003651 0.011272 0.285157
320000.000000 0.096317 0.045575 : -0.004678 0.010017 0.283612
325000.000000 0.095086 0.044235 : -0.005555 0.008748 0.282064
330000.000000 0.093981 0.042921 : -0.006410 0.007698 0.280656
335000.000000 0.092835 0.041654 : -0.007289 0.006571 0.279225
340000.000000 0.091734 0.040426 : -0.008049 0.005483 0.277768
345000.000000 0.090763 0.039330 : -0.008729 0.004607 0.276410
350000.000000 0.089839 0.038294 : -0.009532 0.004017 0.275033
355000.000000 0.088997 0.037326 : -0.010002 0.003438 0.273556
360000.000000 0.088181 0.036396 : -0.010441 0.002925 0.272059
365000.000000 0.087588 0.035557 : -0.010389 0.002585 0.270568
370000.000000 0.087005 0.034784 : -0.010239 0.002282 0.268971
375000.000000 0.086621 0.034058 : -0.009901 0.002001 0.267763
380000.000000 0.086239 0.033393 : -0.009492 0.001848 0.266361
385000.000000 0.085973 0.032748 : -0.008886 0.001736 0.265069
390000.000000 0.085692 0.032067 : -0.008315 0.001623 0.263767
395000.000000 0.085570 0.031438 : -0.007698 0.001798 0.262611
400000.000000 0.085302 0.030833 : -0.007133 0.001896 0.261144
405000.000000 0.085166 0.030313 : -0.006299 0.001960 0.259837
410000.000000 0.084993 0.029797 : -0.005638 0.002072 0.258544
415000.000000 0.084830 0.029271 : -0.004991 0.002146 0.257335
420000.000000 0.084655 0.028789 : -0.004537 0.002293 0.256208
425000.000000 0.084425 0.028283 : -0.004039 0.002460 0.254853
430000.000000 0.084198 0.027825 : -0.003440 0.002430 0.253605
435000.000000 0.084029 0.027354 : -0.002838 0.002438 0.252486
440000.000000 0.083897 0.026931 : -0.002254 0.002477 0.251469
445000.000000 0.083724 0.026540 : -0.001780 0.002551 0.250401
450000.000000 0.083577 0.026211 : -0.001407 0.002716 0.249423
455000.000000 0.083447 0.025921 : -0.000978 0.003007 0.248311
460000.000000 0.083321 0.025634 : -0.000531 0.003148 0.247347
465000.000000 0.083109 0.025324 : -0.000010 0.003078 0.246259
470000.000000 0.082926 0.025071 : 0.000339 0.002990 0.245450
475000.000000 0.082664 0.024809 : 0.000660 0.002923 0.244408
480000.000000 0.082340 0.024551 : 0.000893 0.002811 0.243316
485000.000000 0.081993 0.024307 : 0.000998 0.002674 0.242308
490000.000000 0.081718 0.024081 : 0.001277 0.002652 0.241226
495000.000000 0.081601 0.023845 : 0.001680 0.002919 0.240205
500000.000000 0.081448 0.023653 : 0.001952 0.003061 0.239329
505000.000000 0.081258 0.023484 : 0.002175 0.003315 0.238283
510000.000000 0.081090 0.023348 : 0.002207 0.003643 0.237420
515000.000000 0.080849 0.023203 : 0.002170 0.003937 0.236438
520000.000000 0.080586 0.023008 : 0.002324 0.004185 0.235248
525000.000000 0.080380 0.022833 : 0.002520 0.004263 0.234358
530000.000000 0.080103 0.022619 : 0.002555 0.004267 0.233488
535000.000000 0.079918 0.022395 : 0.002675 0.004400 0.232681
540000.000000 0.079675 0.022165 : 0.002683 0.004549 0.231793
545000.000000 0.079407 0.021978 : 0.002748 0.004731 0.230741
550000.000000 0.079087 0.021734 : 0.002641 0.004785 0.229837
555000.000000 0.078687 0.021530 : 0.002360 0.004805 0.228897
560000.000000 0.078367 0.021309 : 0.002211 0.004740 0.228151
565000.000000 0.078081 0.021057 : 0.002267 0.004737 0.227238
570000.000000 0.077839 0.020847 : 0.002436 0.004725 0.226356
575000.000000 0.077573 0.020646 : 0.002634 0.004672 0.225414
580000.000000 0.077350 0.020445 : 0.002856 0.004542 0.224651
585000.000000 0.077076 0.020242 : 0.003000 0.004372 0.223856
590000.000000 0.076858 0.020029 : 0.003274 0.004087 0.223214
595000.000000 0.076657 0.019838 : 0.003477 0.003976 0.222518
600000.000000 0.076298 0.019650 : 0.003396 0.003761 0.221737
605000.000000 0.075926 0.019466 : 0.003375 0.003472 0.220933
610000.000000 0.075658 0.019249 : 0.003497 0.003343 0.220134
615000.000000 0.075430 0.019028 : 0.003737 0.003349 0.219204
620000.000000 0.075157 0.018822 : 0.003706 0.003322 0.218445
625000.000000 0.074840 0.018637 : 0.003544 0.003259 0.217717
630000.000000 0.074649 0.018484 : 0.003716 0.003349 0.216883
635000.000000 0.074390 0.018367 : 0.003687 0.003371 0.216111
640000.000000 0.074142 0.018243 : 0.003546 0.003542 0.215338
645000.000000 0.073897 0.018093 : 0.003423 0.003628 0.214640
650000.000000 0.073592 0.017909 : 0.003231 0.003731 0.213814
655000.000000 0.073380 0.017783 : 0.003263 0.003953 0.212925
660000.000000 0.073107 0.017653 : 0.003259 0.004094 0.211970
665000.000000 0.072878 0.017540 : 0.003205 0.004399 0.211029
670000.000000 0.072650 0.017469 : 0.003052 0.004672 0.210224
675000.000000 0.072457 0.017388 : 0.003017 0.004892 0.209461
680000.000000 0.072148 0.017259 : 0.002832 0.005057 0.208554
685000.000000 0.071895 0.017118 : 0.002668 0.005254 0.207763
690000.000000 0.071758 0.017007 : 0.002649 0.005452 0.207174
695000.000000 0.071625 0.016850 : 0.002705 0.005594 0.206575
700000.000000 0.071529 0.016756 : 0.002970 0.005832 0.205784
705000.000000 0.071517 0.016649 : 0.003188 0.006254 0.205109
710000.000000 0.071427 0.016541 : 0.003383 0.006535 0.204362
715000.000000 0.071290 0.016404 : 0.003615 0.006612 0.203643
720000.000000 0.071178 0.016320 : 0.003775 0.006735 0.203024
725000.000000 0.071081 0.016213 : 0.003937 0.006928 0.202380
730000.000000 0.071055 0.016097 : 0.004352 0.007011 0.201801
735000.000000 0.071038 0.016017 : 0.004609 0.007129 0.201376
740000.000000 0.070893 0.015916 : 0.004783 0.007049 0.200847
745000.000000 0.070827 0.015825 : 0.004926 0.007071 0.200483
750000.000000 0.070752 0.015730 : 0.005010 0.007176 0.200070
755000.000000 0.070677 0.015648 : 0.005154 0.007216 0.199662
760000.000000 0.070568 0.015533 : 0.005257 0.007118 0.199331
765000.000000 0.070441 0.015419 : 0.005409 0.007095 0.198819
770000.000000 0.070258 0.015257 : 0.005656 0.006774 0.198343
775000.000000 0.070028 0.015083 : 0.005799 0.006393 0.197892
780000.000000 0.069759 0.014902 : 0.005669 0.006065 0.197544
785000.000000 0.069522 0.014746 : 0.005637 0.005825 0.197103
790000.000000 0.069232 0.014585 : 0.005380 0.005565 0.196752
795000.000000 0.069023 0.014433 : 0.005246 0.005417 0.196408
800000.000000 0.068871 0.014300 : 0.005210 0.005233 0.196169
805000.000000 0.068699 0.014205 : 0.005184 0.005174 0.195740
810000.000000 0.068598 0.014137 : 0.005124 0.005200 0.195471
815000.000000 0.068385 0.014023 : 0.004825 0.005215 0.195114
820000.000000 0.068198 0.013893 : 0.004785 0.005185 0.194624
825000.000000 0.067989 0.013802 : 0.004768 0.005072 0.194127
830000.000000 0.067855 0.013716 : 0.004749 0.005018 0.193799
835000.000000 0.067772 0.013645 : 0.004838 0.005059 0.193418
840000.000000 0.067647 0.013547 : 0.004878 0.005051 0.193010
845000.000000 0.067459 0.013427 : 0.004969 0.005004 0.192405
850000.000000 0.067275 0.013345 : 0.004884 0.005034 0.191906
855000.000000 0.067089 0.013272 : 0.004677 0.004999 0.191592
860000.000000 0.066898 0.013180 : 0.004513 0.004998 0.191183
865000.000000 0.066661 0.013078 : 0.004113 0.004944 0.190925
870000.000000 0.066405 0.012957 : 0.003654 0.005049 0.190510
875000.000000 0.066155 0.012849 : 0.003441 0.005020 0.190005
880000.000000 0.065892 0.012716 : 0.003228 0.004906 0.189543
885000.000000 0.065693 0.012583 : 0.002917 0.004837 0.189324
890000.000000 0.065464 0.012443 : 0.002732 0.004678 0.188982
895000.000000 0.065279 0.012369 : 0.002547 0.004703 0.188587
900000.000000 0.065108 0.012289 : 0.002309 0.004872 0.188143
905000.000000 0.064937 0.012224 : 0.002057 0.005025 0.187728
910000.000000 0.064691 0.012127 : 0.001779 0.004982 0.187312
915000.000000 0.064650 0.012057 : 0.001780 0.005125 0.187044
920000.000000 0.064517 0.011962 : 0.001686 0.005227 0.186639
925000.000000 0.064422 0.011881 : 0.001711 0.005135 0.186418
930000.000000 0.064370 0.011809 : 0.001633 0.005294 0.186184
935000.000000 0.064265 0.011736 : 0.001536 0.005415 0.185844
940000.000000 0.064193 0.011680 : 0.001526 0.005294 0.185759
945000.000000 0.064257 0.011632 : 0.001616 0.005423 0.185733
950000.000000 0.064377 0.011574 : 0.001745 0.005695 0.185692
955000.000000 0.064404 0.011467 : 0.001862 0.005866 0.185484
960000.000000 0.064406 0.011358 : 0.001835 0.005958 0.185426
965000.000000 0.064296 0.011225 : 0.001787 0.005874 0.185226
970000.000000 0.064179 0.011060 : 0.001743 0.005688 0.185104
975000.000000 0.064079 0.010876 : 0.001778 0.005389 0.185069
980000.000000 0.064008 0.010721 : 0.001833 0.005178 0.185011
985000.000000 0.063928 0.010541 : 0.001958 0.004912 0.184915
990000.000000 0.063828 0.010364 : 0.001999 0.004798 0.184685
995000.000000 0.063658 0.010180 : 0.002049 0.004469 0.184457
1000000.000000 0.063545 0.009975 : 0.002235 0.004109 0.184292
