0.000000 1.000000 1.000000 : 1.000000 1.000000 1.000000
10.000000 0.999899 0.999899 : 0.999899 0.999899 0.999899
20.000000 0.999833 0.999833 : 0.999833 0.999833 0.999833
30.000000 0.999734 0.999734 : 0.999734 0.999735 0.999734
40.000000 0.999616 0.999616 : 0.999615 0.999617 0.999617
50.000000 0.999490 0.999490 : 0.999488 0.999491 0.999491
60.000000 0.999366 0.999366 : 0.999363 0.999368 0.999368
70.000000 0.999276 0.999276 : 0.999271 0.999278 0.999278
80.000000 0.999141 0.999141 : 0.999135 0.999144 0.999144
90.000000 0.999047 0.999047 : 0.999039 0.999051 0.999051
100.000000 0.998937 0.998937 : 0.998929 0.998942 0.998941
110.000000 0.998841 0.998841 : 0.998831 0.998846 0.998846
120.000000 0.998763 0.998763 : 0.998752 0.998769 0.998769
130.000000 0.998679 0.998679 : 0.998667 0.998685 0.998686
140.000000 0.998590 0.998590 : 0.998577 0.998597 0.998598
150.000000 0.998498 0.998498 : 0.998483 0.998505 0.998506
160.000000 0.998410 0.998410 : 0.998395 0.998417 0.998419
170.000000 0.998308 0.998308 : 0.998291 0.998315 0.998317
180.000000 0.998216 0.998216 : 0.998198 0.998223 0.998226
190.000000 0.998111 0.998111 : 0.998093 0.998118 0.998122
200.000000 0.998012 0.998012 : 0.997993 0.998019 0.998024
210.000000 0.997919 0.997919 : 0.997900 0.997926 0.997932
220.000000 0.997817 0.997817 : 0.997796 0.997823 0.997831
230.000000 0.997720 0.997720 : 0.997700 0.997726 0.997735
240.000000 0.997616 0.997616 : 0.997596 0.997621 0.997632
250.000000 0.997528 0.997528 : 0.997507 0.997533 0.997545
260.000000 0.997431 0.997431 : 0.997410 0.997435 0.997449
270.000000 0.997344 0.997344 : 0.997323 0.997347 0.997362
280.000000 0.997258 0.997258 : 0.997237 0.997261 0.997277
290.000000 0.997173 0.997173 : 0.997152 0.997175 0.997192
300.000000 0.997092 0.997092 : 0.997071 0.997093 0.997112
310.000000 0.997003 0.997003 : 0.996983 0.997003 0.997023
320.000000 0.996922 0.996922 : 0.996902 0.996921 0.996943
330.000000 0.996838 0.996838 : 0.996818 0.996836 0.996859
340.000000 0.996757 0.996757 : 0.996739 0.996755 0.996779
350.000000 0.996673 0.996673 : 0.996655 0.996670 0.996695
360.000000 0.996598 0.996598 : 0.996580 0.996593 0.996620
370.000000 0.996519 0.996519 : 0.996502 0.996513 0.996542
380.000000 0.996436 0.996436 : 0.996419 0.996429 0.996459
390.000000 0.996362 0.996362 : 0.996346 0.996354 0.996385
400.000000 0.996283 0.996283 : 0.996268 0.996274 0.996307
410.000000 0.996211 0.996211 : 0.996196 0.996201 0.996235
420.000000 0.996133 0.996133 : 0.996119 0.996122 0.996158
430.000000 0.996064 0.996064 : 0.996051 0.996052 0.996089
440.000000 0.995994 0.995994 : 0.995982 0.995981 0.996019
450.000000 0.995920 0.995920 : 0.995909 0.995907 0.995946
460.000000 0.995852 0.995852 : 0.995841 0.995838 0.995878
470.000000 0.995780 0.995780 : 0.995770 0.995764 0.995806
480.000000 0.995712 0.995712 : 0.995703 0.995696 0.995738
490.000000 0.995642 0.995642 : 0.995633 0.995624 0.995668
500.000000 0.995574 0.995574 : 0.995566 0.995555 0.995600
510.000000 0.995504 0.995504 : 0.995497 0.995485 0.995531
520.000000 0.995435 0.995435 : 0.995429 0.995414 0.995461
530.000000 0.995369 0.995368 : 0.995363 0.995347 0.995395
540.000000 0.995298 0.995298 : 0.995293 0.995275 0.995325
550.000000 0.995231 0.995231 : 0.995227 0.995207 0.995259
560.000000 0.995164 0.995163 : 0.995160 0.995139 0.995191
570.000000 0.995099 0.995099 : 0.995097 0.995073 0.995127
580.000000 0.995031 0.995031 : 0.995029 0.995004 0.995059
590.000000 0.994966 0.994966 : 0.994966 0.994938 0.994995
600.000000 0.994902 0.994901 : 0.994902 0.994872 0.994931
610.000000 0.994835 0.994835 : 0.994836 0.994804 0.994864
620.000000 0.994772 0.994772 : 0.994774 0.994740 0.994801
630.000000 0.994707 0.994706 : 0.994710 0.994673 0.994736
640.000000 0.994643 0.994643 : 0.994647 0.994609 0.994673
650.000000 0.994578 0.994578 : 0.994583 0.994543 0.994609
660.000000 0.994516 0.994516 : 0.994522 0.994479 0.994547
670.000000 0.994452 0.994452 : 0.994459 0.994414 0.994483
680.000000 0.994388 0.994388 : 0.994396 0.994349 0.994419
690.000000 0.994326 0.994325 : 0.994335 0.994285 0.994357
700.000000 0.994262 0.994262 : 0.994272 0.994220 0.994294
710.000000 0.994200 0.994200 : 0.994211 0.994157 0.994232
720.000000 0.994136 0.994136 : 0.994148 0.994092 0.994169
730.000000 0.994074 0.994074 : 0.994087 0.994029 0.994107
740.000000 0.994012 0.994012 : 0.994025 0.993965 0.994045
750.000000 0.993949 0.993949 : 0.993964 0.993901 0.993983
760.000000 0.993887 0.993887 : 0.993903 0.993838 0.993921
770.000000 0.993825 0.993825 : 0.993842 0.993775 0.993860
780.000000 0.993763 0.993763 : 0.993781 0.993712 0.993798
790.000000 0.993701 0.993701 : 0.993720 0.993648 0.993736
800.000000 0.993641 0.993641 : 0.993660 0.993587 0.993676
810.000000 0.993579 0.993579 : 0.993600 0.993524 0.993615
820.000000 0.993517 0.993517 : 0.993539 0.993461 0.993553
830.000000 0.993457 0.993457 : 0.993479 0.993399 0.993492
840.000000 0.993397 0.993396 : 0.993420 0.993338 0.993432
850.000000 0.993336 0.993336 : 0.993360 0.993276 0.993372
860.000000 0.993275 0.993275 : 0.993300 0.993213 0.993311
870.000000 0.993215 0.993215 : 0.993241 0.993153 0.993251
880.000000 0.993155 0.993155 : 0.993182 0.993091 0.993191
890.000000 0.993095 0.993095 : 0.993124 0.993031 0.993132
900.000000 0.993035 0.993035 : 0.993065 0.992970 0.993072
910.000000 0.992976 0.992976 : 0.993006 0.992909 0.993012
920.000000 0.992917 0.992917 : 0.992948 0.992849 0.992953
930.000000 0.992858 0.992858 : 0.992891 0.992789 0.992894
940.000000 0.992799 0.992799 : 0.992833 0.992729 0.992836
950.000000 0.992740 0.992739 : 0.992774 0.992668 0.992776
960.000000 0.992681 0.992681 : 0.992717 0.992609 0.992718
970.000000 0.992623 0.992623 : 0.992660 0.992550 0.992660
980.000000 0.992565 0.992565 : 0.992603 0.992491 0.992601
990.000000 0.992506 0.992506 : 0.992546 0.992431 0.992543
1000.000000 0.992449 0.992448 : 0.992489 0.992372 0.992485
1010.000000 0.992391 0.992391 : 0.992433 0.992314 0.992427
1020.000000 0.992333 0.992333 : 0.992376 0.992255 0.992369
1030.000000 0.992276 0.992276 : 0.992320 0.992197 0.992312
1040.000000 0.992219 0.992219 : 0.992264 0.992139 0.992254
1050.000000 0.992162 0.992162 : 0.992208 0.992081 0.992197
1060.000000 0.992106 0.992105 : 0.992153 0.992023 0.992140
1070.000000 0.992049 0.992049 : 0.992098 0.991966 0.992084
1080.000000 0.991993 0.991993 : 0.992043 0.991909 0.992027
1090.000000 0.991937 0.991937 : 0.991988 0.991852 0.991971
1100.000000 0.991882 0.991881 : 0.991934 0.991795 0.991915
1110.000000 0.991826 0.991826 : 0.991880 0.991739 0.991859
1120.000000 0.991770 0.991770 : 0.991826 0.991682 0.991803
1130.000000 0.991715 0.991715 : 0.991772 0.991626 0.991748
1140.000000 0.991660 0.991660 : 0.991718 0.991570 0.991692
1150.000000 0.991605 0.991605 : 0.991665 0.991514 0.991637
1160.000000 0.991551 0.991551 : 0.991612 0.991459 0.991581
1170.000000 0.991496 0.991496 : 0.991559 0.991403 0.991526
1180.000000 0.991442 0.991441 : 0.991507 0.991347 0.991471
1190.000000 0.991388 0.991387 : 0.991454 0.991292 0.991416
1200.000000 0.991334 0.991333 : 0.991402 0.991237 0.991362
1210.000000 0.991280 0.991279 : 0.991350 0.991182 0.991307
1220.000000 0.991226 0.991226 : 0.991298 0.991128 0.991252
1230.000000 0.991172 0.991172 : 0.991246 0.991073 0.991198
1240.000000 0.991119 0.991119 : 0.991195 0.991019 0.991144
1250.000000 0.991066 0.991065 : 0.991143 0.990964 0.991090
1260.000000 0.991012 0.991012 : 0.991092 0.990910 0.991036
1270.000000 0.990959 0.990959 : 0.991040 0.990856 0.990982
1280.000000 0.990906 0.990906 : 0.990989 0.990802 0.990928
1290.000000 0.990854 0.990853 : 0.990938 0.990748 0.990875
1300.000000 0.990801 0.990801 : 0.990887 0.990694 0.990821
1310.000000 0.990748 0.990748 : 0.990837 0.990640 0.990768
1320.000000 0.990695 0.990695 : 0.990786 0.990586 0.990714
1330.000000 0.990643 0.990643 : 0.990735 0.990533 0.990661
1340.000000 0.990591 0.990590 : 0.990685 0.990479 0.990608
1350.000000 0.990538 0.990538 : 0.990634 0.990426 0.990554
1360.000000 0.990486 0.990485 : 0.990584 0.990372 0.990501
1370.000000 0.990434 0.990434 : 0.990534 0.990319 0.990449
1380.000000 0.990382 0.990382 : 0.990484 0.990266 0.990396
1390.000000 0.990330 0.990329 : 0.990434 0.990213 0.990343
1400.000000 0.990278 0.990278 : 0.990384 0.990160 0.990290
1410.000000 0.990226 0.990226 : 0.990334 0.990107 0.990238
1420.000000 0.990175 0.990174 : 0.990284 0.990054 0.990185
1430.000000 0.990123 0.990123 : 0.990235 0.990002 0.990133
1440.000000 0.990072 0.990071 : 0.990185 0.989949 0.990081
1450.000000 0.990020 0.990020 : 0.990136 0.989896 0.990028
1460.000000 0.989969 0.989968 : 0.990086 0.989844 0.989976
1470.000000 0.989917 0.989917 : 0.990037 0.989791 0.989924
1480.000000 0.989866 0.989865 : 0.989987 0.989738 0.989872
1490.000000 0.989815 0.989814 : 0.989938 0.989686 0.989820
1500.000000 0.989764 0.989763 : 0.989889 0.989634 0.989768
1510.000000 0.989712 0.989712 : 0.989840 0.989582 0.989716
1520.000000 0.989661 0.989661 : 0.989790 0.989529 0.989664
1530.000000 0.989610 0.989610 : 0.989741 0.989477 0.989613
1540.000000 0.989560 0.989559 : 0.989692 0.989425 0.989561
1550.000000 0.989509 0.989508 : 0.989643 0.989374 0.989510
1560.000000 0.989458 0.989458 : 0.989594 0.989322 0.989458
1570.000000 0.989407 0.989407 : 0.989545 0.989270 0.989407
1580.000000 0.989357 0.989356 : 0.989497 0.989218 0.989355
1590.000000 0.989306 0.989306 : 0.989448 0.989167 0.989304
1600.000000 0.989256 0.989255 : 0.989399 0.989115 0.989253
1610.000000 0.989205 0.989205 : 0.989350 0.989064 0.989201
1620.000000 0.989155 0.989154 : 0.989302 0.989013 0.989150
1630.000000 0.989105 0.989104 : 0.989253 0.988961 0.989099
1640.000000 0.989054 0.989054 : 0.989204 0.988910 0.989048
1650.000000 0.989004 0.989004 : 0.989156 0.988859 0.988997
1660.000000 0.988954 0.988953 : 0.989107 0.988808 0.988946
1670.000000 0.988904 0.988903 : 0.989059 0.988757 0.988896
1680.000000 0.988854 0.988853 : 0.989010 0.988706 0.988845
1690.000000 0.988804 0.988803 : 0.988962 0.988655 0.988795
1700.000000 0.988754 0.988754 : 0.988914 0.988605 0.988744
1710.000000 0.988704 0.988704 : 0.988865 0.988554 0.988694
1720.000000 0.988655 0.988654 : 0.988817 0.988504 0.988643
1730.000000 0.988605 0.988605 : 0.988769 0.988453 0.988593
1740.000000 0.988556 0.988555 : 0.988721 0.988403 0.988543
1750.000000 0.988506 0.988506 : 0.988673 0.988353 0.988493
1760.000000 0.988457 0.988456 : 0.988625 0.988303 0.988443
1770.000000 0.988408 0.988407 : 0.988577 0.988253 0.988393
1780.000000 0.988359 0.988358 : 0.988530 0.988203 0.988343
1790.000000 0.988310 0.988309 : 0.988482 0.988153 0.988293
1800.000000 0.988261 0.988260 : 0.988435 0.988104 0.988243
1810.000000 0.988212 0.988211 : 0.988387 0.988054 0.988194
1820.000000 0.988163 0.988162 : 0.988340 0.988004 0.988144
1830.000000 0.988114 0.988113 : 0.988292 0.987955 0.988094
1840.000000 0.988065 0.988065 : 0.988245 0.987906 0.988045
1850.000000 0.988017 0.988016 : 0.988198 0.987857 0.987996
1860.000000 0.987968 0.987967 : 0.988151 0.987807 0.987946
1870.000000 0.987920 0.987919 : 0.988104 0.987758 0.987897
1880.000000 0.987871 0.987871 : 0.988057 0.987709 0.987847
1890.000000 0.987823 0.987822 : 0.988010 0.987660 0.987798
1900.000000 0.987774 0.987774 : 0.987963 0.987612 0.987749
1910.000000 0.987726 0.987726 : 0.987916 0.987563 0.987700
1920.000000 0.987678 0.987677 : 0.987869 0.987515 0.987650
1930.000000 0.987630 0.987629 : 0.987822 0.987466 0.987601
1940.000000 0.987582 0.987581 : 0.987776 0.987418 0.987552
1950.000000 0.987534 0.987533 : 0.987729 0.987370 0.987503
1960.000000 0.987486 0.987485 : 0.987682 0.987321 0.987454
1970.000000 0.987438 0.987437 : 0.987636 0.987273 0.987405
1980.000000 0.987390 0.987390 : 0.987590 0.987225 0.987356
1990.000000 0.987343 0.987342 : 0.987544 0.987178 0.987307
2000.000000 0.987295 0.987295 : 0.987498 0.987130 0.987258
5000.000000 0.977408 0.977407 : 0.976579 0.976864 0.978780
10000.000000 0.964701 0.964699 : 0.962491 0.963227 0.968385
15000.000000 0.953857 0.953852 : 0.949993 0.951162 0.960415
20000.000000 0.943701 0.943700 : 0.937986 0.939625 0.953492
25000.000000 0.933901 0.933908 : 0.926202 0.928237 0.947263
30000.000000 0.924344 0.924355 : 0.914530 0.916946 0.941556
35000.000000 0.915046 0.915042 : 0.903034 0.905855 0.936249
40000.000000 0.905956 0.905927 : 0.891625 0.894924 0.931318
45000.000000 0.897059 0.896992 : 0.880317 0.884113 0.926748
50000.000000 0.888313 0.888191 : 0.869054 0.873436 0.922448
55000.000000 0.879735 0.879547 : 0.857887 0.862937 0.918381
60000.000000 0.871335 0.871051 : 0.846860 0.852613 0.914532
65000.000000 0.863113 0.862709 : 0.836037 0.842463 0.910838
70000.000000 0.855087 0.854536 : 0.825487 0.832473 0.907302
75000.000000 0.847208 0.846478 : 0.815121 0.822603 0.903900
80000.000000 0.839505 0.838571 : 0.804986 0.812890 0.900640
85000.000000 0.831997 0.830847 : 0.795079 0.803319 0.897594
90000.000000 0.824598 0.823254 : 0.785295 0.793873 0.894626
95000.000000 0.817286 0.815792 : 0.775630 0.784554 0.891674
100000.000000 0.810078 0.808457 : 0.766042 0.775434 0.888757
105000.000000 0.802972 0.801240 : 0.756605 0.766426 0.885885
110000.000000 0.796011 0.794163 : 0.747419 0.757562 0.883052
115000.000000 0.789178 0.787192 : 0.738435 0.748788 0.880310
120000.000000 0.782503 0.780349 : 0.729717 0.740142 0.877649
125000.000000 0.775960 0.773611 : 0.721209 0.731622 0.875048
130000.000000 0.769525 0.766968 : 0.712854 0.723195 0.872527
135000.000000 0.763200 0.760414 : 0.704652 0.714847 0.870101
140000.000000 0.756987 0.753981 : 0.696594 0.706624 0.867744
145000.000000 0.750856 0.747636 : 0.688658 0.698492 0.865418
150000.000000 0.744822 0.741389 : 0.680942 0.690410 0.863113
155000.000000 0.738903 0.735258 : 0.673426 0.682438 0.860846
160000.000000 0.733090 0.729237 : 0.666044 0.674568 0.858658
165000.000000 0.727384 0.723310 : 0.658879 0.666800 0.856474
170000.000000 0.721801 0.717503 : 0.651928 0.659116 0.854360
175000.000000 0.716293 0.711777 : 0.645100 0.651521 0.852258
180000.000000 0.710878 0.706150 : 0.638393 0.644065 0.850176
185000.000000 0.705541 0.700611 : 0.631741 0.636766 0.848117
190000.000000 0.700267 0.695149 : 0.625144 0.629555 0.846103
195000.000000 0.695099 0.689788 : 0.618669 0.622480 0.844147
200000.000000 0.690001 0.684480 : 0.612276 0.615515 0.842211
205000.000000 0.684996 0.679256 : 0.606012 0.608640 0.840338
210000.000000 0.680090 0.674118 : 0.599824 0.601899 0.838546
215000.000000 0.675277 0.669068 : 0.593756 0.595276 0.836798
220000.000000 0.670578 0.664111 : 0.587837 0.588799 0.835098
225000.000000 0.665935 0.659207 : 0.581944 0.582422 0.833439
230000.000000 0.661363 0.654373 : 0.576136 0.576120 0.831833
235000.000000 0.656866 0.649611 : 0.570386 0.569954 0.830257
240000.000000 0.652422 0.644897 : 0.564687 0.563888 0.828691
245000.000000 0.648040 0.640253 : 0.559045 0.557916 0.827157
250000.000000 0.643695 0.635654 : 0.553463 0.552017 0.825606
255000.000000 0.639385 0.631091 : 0.547923 0.546217 0.824014
260000.000000 0.635088 0.626557 : 0.542409 0.540422 0.822432
265000.000000 0.630866 0.622085 : 0.536967 0.534747 0.820886
270000.000000 0.626678 0.617648 : 0.531520 0.529145 0.819370
275000.000000 0.622499 0.613230 : 0.526040 0.523608 0.817849
280000.000000 0.618328 0.608827 : 0.520488 0.518133 0.816362
285000.000000 0.614162 0.604441 : 0.514896 0.512721 0.814869
290000.000000 0.610037 0.600105 : 0.509273 0.507405 0.813434
295000.000000 0.605927 0.595781 : 0.503698 0.502097 0.811987
300000.000000 0.601844 0.591477 : 0.498130 0.496830 0.810572
305000.000000 0.597756 0.587171 : 0.492540 0.491560 0.809167
310000.000000 0.593684 0.582877 : 0.486943 0.486317 0.807791
315000.000000 0.589594 0.578572 : 0.481321 0.481072 0.806387
320000.000000 0.585542 0.574299 : 0.475716 0.475853 0.805057
325000.000000 0.581525 0.570046 : 0.470125 0.470712 0.803738
330000.000000 0.577527 0.565810 : 0.464555 0.465620 0.802407
335000.000000 0.573565 0.561602 : 0.458984 0.460595 0.801117
340000.000000 0.569620 0.557399 : 0.453450 0.455581 0.799828
345000.000000 0.565724 0.553250 : 0.447983 0.450613 0.798576
350000.000000 0.561878 0.549137 : 0.442566 0.445735 0.797331
355000.000000 0.558084 0.545072 : 0.437230 0.440932 0.796089
360000.000000 0.554331 0.541048 : 0.431939 0.436213 0.794841
365000.000000 0.550606 0.537062 : 0.426702 0.431525 0.793591
370000.000000 0.546932 0.533127 : 0.421573 0.426853 0.792371
375000.000000 0.543302 0.529247 : 0.416551 0.422239 0.791117
380000.000000 0.539714 0.525410 : 0.411631 0.417649 0.789861
385000.000000 0.536166 0.521616 : 0.406790 0.413068 0.788641
390000.000000 0.532678 0.517875 : 0.402047 0.408558 0.787430
395000.000000 0.529246 0.514190 : 0.397423 0.404066 0.786248
400000.000000 0.525857 0.510552 : 0.392898 0.399620 0.785054
405000.000000 0.522498 0.506949 : 0.388462 0.395189 0.783843
410000.000000 0.519178 0.503385 : 0.384135 0.390784 0.782614
415000.000000 0.515916 0.499886 : 0.379935 0.386432 0.781382
420000.000000 0.512701 0.496427 : 0.375879 0.382017 0.780207
425000.000000 0.509515 0.493006 : 0.371907 0.377647 0.778991
430000.000000 0.506370 0.489632 : 0.368032 0.373307 0.777772
435000.000000 0.503271 0.486301 : 0.364278 0.368960 0.776575
440000.000000 0.500210 0.482998 : 0.360595 0.364672 0.775362
445000.000000 0.497216 0.479750 : 0.356995 0.360432 0.774221
450000.000000 0.494235 0.476518 : 0.353450 0.356198 0.773056
455000.000000 0.491295 0.473318 : 0.349982 0.351999 0.771904
460000.000000 0.488404 0.470155 : 0.346587 0.347842 0.770782
465000.000000 0.485550 0.467027 : 0.343224 0.343746 0.769680
470000.000000 0.482718 0.463921 : 0.339904 0.339648 0.768603
475000.000000 0.479922 0.460852 : 0.336625 0.335607 0.767534
480000.000000 0.477132 0.457798 : 0.333351 0.331617 0.766427
485000.000000 0.474361 0.454769 : 0.330130 0.327638 0.765316
490000.000000 0.471621 0.451764 : 0.326946 0.323704 0.764215
495000.000000 0.468917 0.448786 : 0.323816 0.319782 0.763152
500000.000000 0.466247 0.445828 : 0.320766 0.315895 0.762081
505000.000000 0.463625 0.442900 : 0.317811 0.312028 0.761038
510000.000000 0.461043 0.440005 : 0.314900 0.308224 0.760006
515000.000000 0.458488 0.437127 : 0.312057 0.304464 0.758944
520000.000000 0.455956 0.434271 : 0.309282 0.300708 0.757878
525000.000000 0.453477 0.431452 : 0.306581 0.297012 0.756838
530000.000000 0.451034 0.428649 : 0.303931 0.293360 0.755811
535000.000000 0.448648 0.425893 : 0.301369 0.289775 0.754799
540000.000000 0.446291 0.423152 : 0.298850 0.286233 0.753789
545000.000000 0.443984 0.420443 : 0.296403 0.282753 0.752795
550000.000000 0.441749 0.417784 : 0.294043 0.279356 0.751848
555000.000000 0.439552 0.415152 : 0.291760 0.275981 0.750916
560000.000000 0.437384 0.412557 : 0.289520 0.272619 0.750014
565000.000000 0.435229 0.409980 : 0.287357 0.269259 0.749072
570000.000000 0.433096 0.407417 : 0.285204 0.265953 0.748131
575000.000000 0.431014 0.404903 : 0.283134 0.262700 0.747208
580000.000000 0.428941 0.402403 : 0.281092 0.259458 0.746273
585000.000000 0.426889 0.399936 : 0.279066 0.256216 0.745384
590000.000000 0.424843 0.397488 : 0.277029 0.253015 0.744484
595000.000000 0.422836 0.395068 : 0.275061 0.249861 0.743586
600000.000000 0.420842 0.392667 : 0.273129 0.246720 0.742678
605000.000000 0.418889 0.390292 : 0.271246 0.243608 0.741813
610000.000000 0.416930 0.387919 : 0.269362 0.240511 0.740918
615000.000000 0.414970 0.385552 : 0.267459 0.237428 0.740023
620000.000000 0.413009 0.383186 : 0.265562 0.234383 0.739081
625000.000000 0.411047 0.380832 : 0.263660 0.231365 0.738114
630000.000000 0.409106 0.378504 : 0.261744 0.228391 0.737185
635000.000000 0.407174 0.376172 : 0.259811 0.225431 0.736282
640000.000000 0.405246 0.373841 : 0.257897 0.222452 0.735389
645000.000000 0.403318 0.371521 : 0.255978 0.219494 0.734482
650000.000000 0.401377 0.369202 : 0.254062 0.216533 0.733535
655000.000000 0.399462 0.366893 : 0.252179 0.213638 0.732567
660000.000000 0.397540 0.364592 : 0.250250 0.210757 0.731615
665000.000000 0.395663 0.362324 : 0.248420 0.207872 0.730699
670000.000000 0.393799 0.360075 : 0.246594 0.205031 0.729770
675000.000000 0.391938 0.357830 : 0.244808 0.202193 0.728814
680000.000000 0.390105 0.355604 : 0.243036 0.199380 0.727898
685000.000000 0.388291 0.353396 : 0.241271 0.196596 0.727007
690000.000000 0.386499 0.351196 : 0.239535 0.193841 0.726121
695000.000000 0.384723 0.349006 : 0.237819 0.191094 0.725256
700000.000000 0.382970 0.346849 : 0.236177 0.188353 0.724380
705000.000000 0.381271 0.344726 : 0.234625 0.185655 0.723532
710000.000000 0.379567 0.342612 : 0.233014 0.182994 0.722691
715000.000000 0.377888 0.340519 : 0.231443 0.180399 0.721820
720000.000000 0.376216 0.338442 : 0.229846 0.177830 0.720971
725000.000000 0.374575 0.336379 : 0.228263 0.175334 0.720129
730000.000000 0.372952 0.334340 : 0.226698 0.172831 0.719326
735000.000000 0.371371 0.332333 : 0.225175 0.170417 0.718521
740000.000000 0.369788 0.330327 : 0.223659 0.168034 0.717672
745000.000000 0.368213 0.328340 : 0.222129 0.165681 0.716831
750000.000000 0.366645 0.326366 : 0.220591 0.163360 0.715983
755000.000000 0.365096 0.324401 : 0.219097 0.161021 0.715172
760000.000000 0.363551 0.322447 : 0.217574 0.158721 0.714359
765000.000000 0.362025 0.320501 : 0.216042 0.156472 0.713561
770000.000000 0.360506 0.318560 : 0.214491 0.154236 0.712792
775000.000000 0.359014 0.316631 : 0.212997 0.152038 0.712006
780000.000000 0.357525 0.314694 : 0.211489 0.149880 0.711207
785000.000000 0.356040 0.312767 : 0.209976 0.147756 0.710387
790000.000000 0.354560 0.310847 : 0.208443 0.145667 0.709569
795000.000000 0.353089 0.308934 : 0.206910 0.143597 0.708759
800000.000000 0.351608 0.307019 : 0.205359 0.141529 0.707936
805000.000000 0.350134 0.305119 : 0.203825 0.139486 0.707091
810000.000000 0.348682 0.303247 : 0.202284 0.137490 0.706272
815000.000000 0.347261 0.301377 : 0.200745 0.135531 0.705506
820000.000000 0.345848 0.299519 : 0.199264 0.133581 0.704700
825000.000000 0.344458 0.297684 : 0.197788 0.131666 0.703921
830000.000000 0.343084 0.295865 : 0.196335 0.129780 0.703136
835000.000000 0.341736 0.294064 : 0.194955 0.127911 0.702341
840000.000000 0.340415 0.292288 : 0.193634 0.126039 0.701573
845000.000000 0.339116 0.290536 : 0.192324 0.124215 0.700811
850000.000000 0.337822 0.288789 : 0.191015 0.122399 0.700051
855000.000000 0.336525 0.287036 : 0.189668 0.120602 0.699306
860000.000000 0.335263 0.285293 : 0.188348 0.118861 0.698579
865000.000000 0.333992 0.283555 : 0.187038 0.117103 0.697836
870000.000000 0.332709 0.281812 : 0.185701 0.115329 0.697097
875000.000000 0.331422 0.280071 : 0.184337 0.113554 0.696374
880000.000000 0.330151 0.278342 : 0.182988 0.111811 0.695653
885000.000000 0.328890 0.276615 : 0.181631 0.110116 0.694924
890000.000000 0.327620 0.274890 : 0.180290 0.108427 0.694144
895000.000000 0.326362 0.273162 : 0.178948 0.106760 0.693378
900000.000000 0.325111 0.271446 : 0.177594 0.105104 0.692637
905000.000000 0.323856 0.269741 : 0.176224 0.103456 0.691887
910000.000000 0.322599 0.268035 : 0.174837 0.101818 0.691141
915000.000000 0.321362 0.266347 : 0.173439 0.100215 0.690431
920000.000000 0.320129 0.264668 : 0.172052 0.098603 0.689732
925000.000000 0.318884 0.262979 : 0.170638 0.096993 0.689020
930000.000000 0.317658 0.261302 : 0.169214 0.095457 0.688304
935000.000000 0.316454 0.259636 : 0.167787 0.093965 0.687609
940000.000000 0.315264 0.257977 : 0.166391 0.092459 0.686941
945000.000000 0.314074 0.256318 : 0.164991 0.090980 0.686252
950000.000000 0.312911 0.254687 : 0.163595 0.089549 0.685590
955000.000000 0.311760 0.253058 : 0.162189 0.088164 0.684925
960000.000000 0.310601 0.251451 : 0.160762 0.086774 0.684269
965000.000000 0.309455 0.249858 : 0.159321 0.085441 0.683605
970000.000000 0.308319 0.248284 : 0.157838 0.084173 0.682948
975000.000000 0.307204 0.246732 : 0.156398 0.082919 0.682297
980000.000000 0.306106 0.245185 : 0.154917 0.081733 0.681669
985000.000000 0.305021 0.243644 : 0.153397 0.080607 0.681059
990000.000000 0.303940 0.242107 : 0.151852 0.079534 0.680435
995000.000000 0.302851 0.240573 : 0.150309 0.078472 0.679773
1000000.000000 0.301769 0.239048 : 0.148748 0.077402 0.679158
