0.000000 1.000000 1.000000 : 1.000000 1.000000 1.000000
10.000000 0.999597 0.999597 : 0.999597 0.999596 0.999598
20.000000 0.999333 0.999333 : 0.999334 0.999334 0.999332
30.000000 0.998937 0.998937 : 0.998935 0.998939 0.998938
40.000000 0.998466 0.998466 : 0.998461 0.998469 0.998470
50.000000 0.997963 0.997963 : 0.997954 0.997968 0.997967
60.000000 0.997469 0.997469 : 0.997455 0.997476 0.997476
70.000000 0.997107 0.997107 : 0.997088 0.997118 0.997117
80.000000 0.996572 0.996572 : 0.996547 0.996584 0.996585
90.000000 0.996197 0.996197 : 0.996166 0.996211 0.996213
100.000000 0.995761 0.995761 : 0.995727 0.995780 0.995778
110.000000 0.995377 0.995377 : 0.995336 0.995397 0.995397
120.000000 0.995069 0.995069 : 0.995023 0.995091 0.995092
130.000000 0.994735 0.994735 : 0.994685 0.994759 0.994760
140.000000 0.994382 0.994382 : 0.994328 0.994407 0.994410
150.000000 0.994015 0.994015 : 0.993957 0.994041 0.994046
160.000000 0.993667 0.993667 : 0.993606 0.993694 0.993701
170.000000 0.993260 0.993259 : 0.993194 0.993288 0.993297
180.000000 0.992895 0.992894 : 0.992826 0.992923 0.992935
190.000000 0.992477 0.992477 : 0.992405 0.992505 0.992521
200.000000 0.992084 0.992084 : 0.992010 0.992111 0.992132
210.000000 0.991718 0.991718 : 0.991640 0.991743 0.991770
220.000000 0.991311 0.991311 : 0.991232 0.991335 0.991367
230.000000 0.990930 0.990930 : 0.990850 0.990952 0.990988
240.000000 0.990519 0.990519 : 0.990437 0.990539 0.990581
250.000000 0.990170 0.990170 : 0.990087 0.990187 0.990235
260.000000 0.989787 0.989787 : 0.989704 0.989802 0.989855
270.000000 0.989440 0.989440 : 0.989357 0.989453 0.989511
280.000000 0.989104 0.989104 : 0.989021 0.989114 0.989177
290.000000 0.988766 0.988766 : 0.988683 0.988773 0.988842
300.000000 0.988447 0.988447 : 0.988366 0.988451 0.988526
310.000000 0.988096 0.988096 : 0.988016 0.988096 0.988176
320.000000 0.987778 0.987777 : 0.987699 0.987774 0.987860
330.000000 0.987444 0.987443 : 0.987368 0.987436 0.987527
340.000000 0.987128 0.987127 : 0.987054 0.987116 0.987213
350.000000 0.986796 0.986796 : 0.986725 0.986781 0.986883
360.000000 0.986499 0.986498 : 0.986430 0.986480 0.986587
370.000000 0.986190 0.986189 : 0.986123 0.986166 0.986280
380.000000 0.985861 0.985860 : 0.985796 0.985833 0.985953
390.000000 0.985569 0.985568 : 0.985507 0.985537 0.985662
400.000000 0.985261 0.985260 : 0.985202 0.985225 0.985356
410.000000 0.984976 0.984976 : 0.984920 0.984937 0.985072
420.000000 0.984670 0.984669 : 0.984616 0.984626 0.984767
430.000000 0.984398 0.984397 : 0.984347 0.984350 0.984496
440.000000 0.984124 0.984124 : 0.984076 0.984073 0.984223
450.000000 0.983835 0.983834 : 0.983790 0.983780 0.983934
460.000000 0.983567 0.983566 : 0.983525 0.983508 0.983667
470.000000 0.983283 0.983282 : 0.983244 0.983221 0.983384
480.000000 0.983018 0.983017 : 0.982983 0.982952 0.983120
490.000000 0.982740 0.982739 : 0.982708 0.982670 0.982843
500.000000 0.982474 0.982473 : 0.982444 0.982400 0.982577
510.000000 0.982201 0.982200 : 0.982175 0.982123 0.982305
520.000000 0.981929 0.981928 : 0.981906 0.981847 0.982034
530.000000 0.981670 0.981669 : 0.981650 0.981583 0.981776
540.000000 0.981393 0.981392 : 0.981377 0.981303 0.981501
550.000000 0.981131 0.981130 : 0.981117 0.981036 0.981240
560.000000 0.980866 0.980865 : 0.980856 0.980767 0.980977
570.000000 0.980613 0.980612 : 0.980606 0.980510 0.980725
580.000000 0.980347 0.980346 : 0.980342 0.980239 0.980460
590.000000 0.980094 0.980093 : 0.980093 0.979981 0.980209
600.000000 0.979841 0.979840 : 0.979844 0.979724 0.979956
610.000000 0.979580 0.979578 : 0.979586 0.979458 0.979696
620.000000 0.979334 0.979332 : 0.979344 0.979207 0.979451
630.000000 0.979079 0.979078 : 0.979093 0.978947 0.979197
640.000000 0.978832 0.978830 : 0.978849 0.978696 0.978950
650.000000 0.978578 0.978576 : 0.978599 0.978437 0.978697
660.000000 0.978335 0.978333 : 0.978360 0.978189 0.978455
670.000000 0.978086 0.978084 : 0.978115 0.977935 0.978207
680.000000 0.977835 0.977833 : 0.977867 0.977679 0.977958
690.000000 0.977591 0.977590 : 0.977628 0.977431 0.977716
700.000000 0.977343 0.977342 : 0.977384 0.977177 0.977469
710.000000 0.977100 0.977099 : 0.977144 0.976929 0.977227
720.000000 0.976853 0.976851 : 0.976901 0.976677 0.976982
730.000000 0.976612 0.976610 : 0.976663 0.976430 0.976742
740.000000 0.976367 0.976365 : 0.976422 0.976181 0.976499
750.000000 0.976123 0.976121 : 0.976181 0.975932 0.976256
760.000000 0.975883 0.975881 : 0.975945 0.975687 0.976017
770.000000 0.975642 0.975640 : 0.975708 0.975441 0.975777
780.000000 0.975400 0.975398 : 0.975469 0.975194 0.975536
790.000000 0.975158 0.975156 : 0.975231 0.974948 0.975295
800.000000 0.974924 0.974922 : 0.975001 0.974709 0.975062
810.000000 0.974684 0.974682 : 0.974765 0.974465 0.974823
820.000000 0.974443 0.974441 : 0.974528 0.974219 0.974583
830.000000 0.974207 0.974205 : 0.974296 0.973979 0.974347
840.000000 0.973973 0.973971 : 0.974065 0.973740 0.974114
850.000000 0.973737 0.973735 : 0.973834 0.973499 0.973879
860.000000 0.973499 0.973497 : 0.973599 0.973257 0.973641
870.000000 0.973267 0.973265 : 0.973371 0.973021 0.973410
880.000000 0.973034 0.973032 : 0.973142 0.972783 0.973177
890.000000 0.972803 0.972800 : 0.972915 0.972547 0.972946
900.000000 0.972570 0.972568 : 0.972687 0.972310 0.972714
910.000000 0.972338 0.972336 : 0.972459 0.972074 0.972483
920.000000 0.972110 0.972107 : 0.972234 0.971840 0.972254
930.000000 0.971881 0.971879 : 0.972010 0.971608 0.972026
940.000000 0.971654 0.971651 : 0.971786 0.971376 0.971798
950.000000 0.971423 0.971421 : 0.971560 0.971142 0.971568
960.000000 0.971198 0.971195 : 0.971339 0.970912 0.971342
970.000000 0.970973 0.970970 : 0.971118 0.970683 0.971117
980.000000 0.970746 0.970743 : 0.970896 0.970453 0.970890
990.000000 0.970520 0.970517 : 0.970674 0.970222 0.970663
1000.000000 0.970296 0.970293 : 0.970454 0.969995 0.970439
1010.000000 0.970074 0.970071 : 0.970237 0.969769 0.970215
1020.000000 0.969849 0.969846 : 0.970017 0.969540 0.969990
1030.000000 0.969629 0.969626 : 0.969801 0.969316 0.969769
1040.000000 0.969408 0.969405 : 0.969585 0.969091 0.969548
1050.000000 0.969187 0.969184 : 0.969368 0.968866 0.969326
1060.000000 0.968969 0.968966 : 0.969155 0.968645 0.969107
1070.000000 0.968752 0.968749 : 0.968943 0.968424 0.968889
1080.000000 0.968534 0.968531 : 0.968730 0.968202 0.968670
1090.000000 0.968318 0.968315 : 0.968518 0.967982 0.968453
1100.000000 0.968104 0.968101 : 0.968310 0.967765 0.968238
1110.000000 0.967889 0.967886 : 0.968099 0.967546 0.968022
1120.000000 0.967675 0.967671 : 0.967891 0.967328 0.967806
1130.000000 0.967463 0.967459 : 0.967684 0.967112 0.967592
1140.000000 0.967250 0.967247 : 0.967477 0.966895 0.967377
1150.000000 0.967039 0.967035 : 0.967272 0.966680 0.967164
1160.000000 0.966828 0.966825 : 0.967068 0.966466 0.966951
1170.000000 0.966618 0.966615 : 0.966864 0.966252 0.966738
1180.000000 0.966408 0.966404 : 0.966660 0.966038 0.966525
1190.000000 0.966200 0.966196 : 0.966459 0.965826 0.966315
1200.000000 0.965992 0.965988 : 0.966258 0.965614 0.966104
1210.000000 0.965784 0.965780 : 0.966057 0.965402 0.965893
1220.000000 0.965577 0.965574 : 0.965857 0.965191 0.965684
1230.000000 0.965371 0.965367 : 0.965657 0.964981 0.965475
1240.000000 0.965166 0.965162 : 0.965459 0.964772 0.965267
1250.000000 0.964961 0.964957 : 0.965261 0.964563 0.965059
1260.000000 0.964756 0.964752 : 0.965063 0.964354 0.964851
1270.000000 0.964552 0.964548 : 0.964865 0.964146 0.964643
1280.000000 0.964349 0.964345 : 0.964669 0.963939 0.964438
1290.000000 0.964146 0.964142 : 0.964473 0.963732 0.964232
1300.000000 0.963943 0.963939 : 0.964278 0.963525 0.964026
1310.000000 0.963740 0.963736 : 0.964083 0.963318 0.963821
1320.000000 0.963538 0.963533 : 0.963887 0.963111 0.963615
1330.000000 0.963337 0.963332 : 0.963693 0.962906 0.963411
1340.000000 0.963136 0.963131 : 0.963499 0.962701 0.963207
1350.000000 0.962934 0.962929 : 0.963305 0.962495 0.963002
1360.000000 0.962734 0.962729 : 0.963112 0.962290 0.962799
1370.000000 0.962535 0.962530 : 0.962920 0.962088 0.962597
1380.000000 0.962336 0.962331 : 0.962728 0.961884 0.962395
1390.000000 0.962136 0.962131 : 0.962536 0.961680 0.962192
1400.000000 0.961938 0.961933 : 0.962345 0.961478 0.961991
1410.000000 0.961740 0.961735 : 0.962155 0.961276 0.961791
1420.000000 0.961542 0.961537 : 0.961964 0.961073 0.961589
1430.000000 0.961345 0.961340 : 0.961774 0.960871 0.961389
1440.000000 0.961147 0.961142 : 0.961584 0.960670 0.961189
1450.000000 0.960950 0.960945 : 0.961394 0.960468 0.960988
1460.000000 0.960753 0.960748 : 0.961205 0.960267 0.960789
1470.000000 0.960557 0.960552 : 0.961016 0.960066 0.960590
1480.000000 0.960360 0.960355 : 0.960826 0.959865 0.960390
1490.000000 0.960165 0.960159 : 0.960638 0.959664 0.960191
1500.000000 0.959969 0.959964 : 0.960449 0.959465 0.959994
1510.000000 0.959774 0.959769 : 0.960261 0.959265 0.959796
1520.000000 0.959579 0.959574 : 0.960074 0.959066 0.959598
1530.000000 0.959385 0.959379 : 0.959886 0.958867 0.959401
1540.000000 0.959191 0.959185 : 0.959699 0.958669 0.959205
1550.000000 0.958997 0.958991 : 0.959512 0.958471 0.959008
1560.000000 0.958803 0.958798 : 0.959325 0.958273 0.958812
1570.000000 0.958610 0.958604 : 0.959138 0.958076 0.958616
1580.000000 0.958417 0.958411 : 0.958952 0.957879 0.958419
1590.000000 0.958224 0.958218 : 0.958766 0.957682 0.958224
1600.000000 0.958031 0.958025 : 0.958580 0.957486 0.958028
1610.000000 0.957839 0.957833 : 0.958394 0.957290 0.957833
1620.000000 0.957647 0.957641 : 0.958209 0.957095 0.957638
1630.000000 0.957455 0.957449 : 0.958023 0.956899 0.957444
1640.000000 0.957264 0.957257 : 0.957838 0.956704 0.957250
1650.000000 0.957073 0.957066 : 0.957652 0.956510 0.957056
1660.000000 0.956882 0.956875 : 0.957467 0.956315 0.956863
1670.000000 0.956691 0.956685 : 0.957283 0.956122 0.956670
1680.000000 0.956501 0.956494 : 0.957098 0.955928 0.956477
1690.000000 0.956312 0.956305 : 0.956914 0.955735 0.956285
1700.000000 0.956122 0.956115 : 0.956730 0.955543 0.956094
1710.000000 0.955933 0.955926 : 0.956546 0.955351 0.955903
1720.000000 0.955744 0.955737 : 0.956363 0.955159 0.955711
1730.000000 0.955556 0.955548 : 0.956180 0.954967 0.955521
1740.000000 0.955368 0.955360 : 0.955997 0.954776 0.955330
1750.000000 0.955180 0.955172 : 0.955815 0.954585 0.955140
1760.000000 0.954993 0.954985 : 0.955633 0.954395 0.954950
1770.000000 0.954806 0.954798 : 0.955452 0.954206 0.954761
1780.000000 0.954620 0.954612 : 0.955271 0.954017 0.954572
1790.000000 0.954433 0.954425 : 0.955090 0.953828 0.954383
1800.000000 0.954248 0.954239 : 0.954909 0.953640 0.954194
1810.000000 0.954062 0.954053 : 0.954729 0.953451 0.954006
1820.000000 0.953876 0.953868 : 0.954549 0.953263 0.953817
1830.000000 0.953692 0.953683 : 0.954369 0.953076 0.953630
1840.000000 0.953507 0.953498 : 0.954190 0.952889 0.953442
1850.000000 0.953323 0.953314 : 0.954011 0.952703 0.953255
1860.000000 0.953139 0.953130 : 0.953832 0.952517 0.953068
1870.000000 0.952955 0.952946 : 0.953654 0.952331 0.952881
1880.000000 0.952772 0.952763 : 0.953475 0.952145 0.952694
1890.000000 0.952588 0.952579 : 0.953297 0.951960 0.952508
1900.000000 0.952406 0.952397 : 0.953120 0.951776 0.952322
1910.000000 0.952223 0.952214 : 0.952942 0.951592 0.952136
1920.000000 0.952041 0.952031 : 0.952765 0.951408 0.951950
1930.000000 0.951859 0.951849 : 0.952588 0.951225 0.951764
1940.000000 0.951678 0.951668 : 0.952411 0.951042 0.951579
1950.000000 0.951496 0.951486 : 0.952235 0.950860 0.951394
1960.000000 0.951315 0.951305 : 0.952059 0.950678 0.951208
1970.000000 0.951134 0.951124 : 0.951884 0.950496 0.951023
1980.000000 0.950954 0.950943 : 0.951708 0.950315 0.950838
1990.000000 0.950774 0.950763 : 0.951534 0.950135 0.950654
2000.000000 0.950595 0.950584 : 0.951360 0.949954 0.950470
5000.000000 0.914397 0.914382 : 0.911395 0.912346 0.919449
10000.000000 0.870764 0.870715 : 0.863388 0.865465 0.883440
15000.000000 0.835612 0.835493 : 0.823471 0.826203 0.857163
20000.000000 0.804093 0.803884 : 0.786759 0.790275 0.835244
25000.000000 0.774752 0.774365 : 0.751637 0.756325 0.816294
30000.000000 0.746955 0.746339 : 0.717624 0.723923 0.799317
35000.000000 0.720710 0.719769 : 0.685322 0.693062 0.783746
40000.000000 0.695859 0.694472 : 0.654456 0.663506 0.769615
45000.000000 0.672267 0.670385 : 0.625034 0.635111 0.756654
50000.000000 0.649691 0.647401 : 0.596736 0.607831 0.744506
55000.000000 0.628151 0.625483 : 0.569562 0.581752 0.733139
60000.000000 0.607685 0.604502 : 0.543605 0.557043 0.722408
65000.000000 0.588304 0.584482 : 0.519121 0.533612 0.712180
70000.000000 0.569922 0.565415 : 0.495790 0.511362 0.702613
75000.000000 0.552354 0.547154 : 0.473342 0.490221 0.693498
80000.000000 0.535703 0.529764 : 0.452286 0.470098 0.684726
85000.000000 0.520019 0.513279 : 0.432559 0.450955 0.676544
90000.000000 0.505021 0.497500 : 0.413775 0.432682 0.668606
95000.000000 0.490666 0.482408 : 0.395741 0.415356 0.660902
100000.000000 0.477056 0.467986 : 0.378560 0.399103 0.653506
105000.000000 0.464153 0.454213 : 0.362435 0.383586 0.646437
110000.000000 0.451929 0.441070 : 0.347243 0.368872 0.639673
115000.000000 0.440211 0.428422 : 0.332746 0.354616 0.633272
120000.000000 0.429000 0.416336 : 0.318990 0.340892 0.627116
125000.000000 0.418338 0.404782 : 0.306042 0.327854 0.621116
130000.000000 0.408158 0.393663 : 0.293833 0.315379 0.615263
135000.000000 0.398485 0.382985 : 0.282350 0.303500 0.609605
140000.000000 0.389142 0.372750 : 0.271158 0.292190 0.604077
145000.000000 0.380201 0.362922 : 0.260376 0.281480 0.598747
150000.000000 0.371663 0.353479 : 0.250344 0.271099 0.593547
155000.000000 0.363537 0.344449 : 0.240883 0.261209 0.588518
160000.000000 0.355751 0.335800 : 0.231727 0.251700 0.583824
165000.000000 0.348308 0.327508 : 0.223093 0.242555 0.579275
170000.000000 0.341281 0.319582 : 0.214986 0.233847 0.575011
175000.000000 0.334571 0.311933 : 0.207386 0.225563 0.570763
180000.000000 0.328075 0.304572 : 0.200099 0.217554 0.566573
185000.000000 0.321759 0.297416 : 0.192910 0.209872 0.562494
190000.000000 0.315647 0.290502 : 0.185982 0.202426 0.558532
195000.000000 0.309784 0.283867 : 0.179380 0.195308 0.554663
200000.000000 0.304077 0.277368 : 0.173009 0.188489 0.550735
205000.000000 0.298585 0.271078 : 0.166845 0.182006 0.546903
210000.000000 0.293270 0.265003 : 0.160772 0.175812 0.543224
215000.000000 0.288152 0.259132 : 0.154903 0.169995 0.539559
220000.000000 0.283255 0.253445 : 0.149375 0.164425 0.535963
225000.000000 0.278522 0.247904 : 0.143908 0.159116 0.532543
230000.000000 0.273879 0.242506 : 0.138506 0.153856 0.529275
235000.000000 0.269378 0.237269 : 0.133166 0.148827 0.526141
240000.000000 0.264958 0.232129 : 0.127828 0.143924 0.523123
245000.000000 0.260674 0.227145 : 0.122670 0.139101 0.520251
250000.000000 0.256454 0.222240 : 0.117677 0.134354 0.517331
255000.000000 0.252321 0.217406 : 0.112863 0.129768 0.514333
260000.000000 0.248193 0.212634 : 0.108050 0.125204 0.511327
265000.000000 0.244167 0.207968 : 0.103324 0.120772 0.508404
270000.000000 0.240170 0.203382 : 0.098697 0.116208 0.505605
275000.000000 0.236169 0.198871 : 0.094136 0.111602 0.502768
280000.000000 0.232250 0.194439 : 0.089551 0.107129 0.500069
285000.000000 0.228448 0.190101 : 0.085017 0.102869 0.497457
290000.000000 0.224829 0.185922 : 0.080610 0.098893 0.494985
295000.000000 0.221332 0.181840 : 0.076471 0.094991 0.492534
300000.000000 0.217947 0.177850 : 0.072479 0.091164 0.490197
305000.000000 0.214601 0.173892 : 0.068573 0.087317 0.487914
310000.000000 0.211335 0.170033 : 0.064788 0.083570 0.485647
315000.000000 0.208062 0.166225 : 0.061022 0.079850 0.483314
320000.000000 0.204945 0.162553 : 0.057377 0.076302 0.481155
325000.000000 0.201939 0.159015 : 0.053923 0.072944 0.478950
330000.000000 0.198955 0.155515 : 0.050470 0.069692 0.476703
335000.000000 0.196035 0.152084 : 0.047021 0.066574 0.474510
340000.000000 0.193175 0.148708 : 0.043749 0.063507 0.472270
345000.000000 0.190500 0.145524 : 0.040698 0.060681 0.470120
350000.000000 0.187941 0.142460 : 0.037754 0.058079 0.467989
355000.000000 0.185464 0.139494 : 0.034926 0.055566 0.465899
360000.000000 0.183079 0.136630 : 0.032148 0.053295 0.463794
365000.000000 0.180773 0.133848 : 0.029511 0.051103 0.461705
370000.000000 0.178566 0.131194 : 0.027144 0.048952 0.459604
375000.000000 0.176541 0.128675 : 0.025032 0.047002 0.457588
380000.000000 0.174587 0.126240 : 0.023056 0.045166 0.455538
385000.000000 0.172732 0.123865 : 0.021193 0.043460 0.453544
390000.000000 0.170952 0.121562 : 0.019537 0.041749 0.451571
395000.000000 0.169324 0.119347 : 0.018131 0.040120 0.449722
400000.000000 0.167698 0.117178 : 0.016671 0.038658 0.447763
405000.000000 0.166151 0.115107 : 0.015326 0.037326 0.445800
410000.000000 0.164678 0.113116 : 0.014187 0.036011 0.443837
415000.000000 0.163261 0.111175 : 0.013071 0.034764 0.441947
420000.000000 0.161844 0.109299 : 0.011900 0.033491 0.440141
425000.000000 0.160459 0.107458 : 0.010932 0.032268 0.438178
430000.000000 0.159122 0.105670 : 0.010032 0.031089 0.436246
435000.000000 0.157915 0.103921 : 0.009288 0.030033 0.434425
440000.000000 0.156760 0.102240 : 0.008605 0.029090 0.432585
445000.000000 0.155630 0.100611 : 0.007926 0.028120 0.430844
450000.000000 0.154522 0.099018 : 0.007315 0.027211 0.429041
455000.000000 0.153461 0.097470 : 0.006840 0.026304 0.427240
460000.000000 0.152449 0.095947 : 0.006479 0.025343 0.425527
465000.000000 0.151446 0.094435 : 0.006029 0.024478 0.423832
470000.000000 0.150548 0.092972 : 0.005700 0.023618 0.422327
475000.000000 0.149644 0.091552 : 0.005306 0.022875 0.420751
480000.000000 0.148693 0.090144 : 0.004820 0.022190 0.419069
485000.000000 0.147786 0.088790 : 0.004369 0.021572 0.417417
490000.000000 0.146937 0.087488 : 0.003965 0.021062 0.415783
495000.000000 0.146135 0.086204 : 0.003619 0.020566 0.414220
500000.000000 0.145361 0.084944 : 0.003405 0.020006 0.412673
505000.000000 0.144688 0.083762 : 0.003323 0.019629 0.411112
510000.000000 0.144134 0.082671 : 0.003397 0.019389 0.409617
515000.000000 0.143603 0.081629 : 0.003526 0.019213 0.408070
520000.000000 0.143080 0.080601 : 0.003717 0.019038 0.406484
525000.000000 0.142668 0.079642 : 0.004022 0.018983 0.405000
530000.000000 0.142317 0.078736 : 0.004390 0.019015 0.403545
535000.000000 0.142035 0.077853 : 0.004909 0.019135 0.402060
540000.000000 0.141857 0.077019 : 0.005518 0.019446 0.400606
545000.000000 0.141646 0.076189 : 0.006086 0.019744 0.399109
550000.000000 0.141508 0.075402 : 0.006707 0.020105 0.397713
555000.000000 0.141354 0.074630 : 0.007285 0.020395 0.396382
560000.000000 0.141230 0.073873 : 0.007895 0.020729 0.395065
565000.000000 0.141119 0.073110 : 0.008681 0.021033 0.393643
570000.000000 0.141066 0.072389 : 0.009556 0.021357 0.392285
575000.000000 0.141039 0.071726 : 0.010499 0.021661 0.390958
580000.000000 0.140974 0.071061 : 0.011386 0.021887 0.389649
585000.000000 0.140933 0.070423 : 0.012412 0.021980 0.388407
590000.000000 0.140875 0.069828 : 0.013448 0.021985 0.387191
595000.000000 0.140850 0.069269 : 0.014576 0.022014 0.385960
600000.000000 0.140755 0.068722 : 0.015604 0.021985 0.384676
605000.000000 0.140714 0.068195 : 0.016711 0.022020 0.383411
610000.000000 0.140643 0.067659 : 0.017831 0.021970 0.382126
615000.000000 0.140537 0.067117 : 0.018832 0.021932 0.380847
620000.000000 0.140429 0.066610 : 0.019791 0.021859 0.379636
625000.000000 0.140261 0.066134 : 0.020671 0.021738 0.378373
630000.000000 0.140109 0.065673 : 0.021576 0.021627 0.377124
635000.000000 0.139914 0.065212 : 0.022359 0.021472 0.375910
640000.000000 0.139726 0.064741 : 0.023101 0.021313 0.374762
645000.000000 0.139496 0.064241 : 0.023642 0.021187 0.373661
650000.000000 0.139132 0.063740 : 0.023903 0.021064 0.372430
655000.000000 0.138773 0.063264 : 0.024194 0.020976 0.371149
660000.000000 0.138331 0.062744 : 0.024271 0.020933 0.369789
665000.000000 0.137918 0.062261 : 0.024265 0.020893 0.368596
670000.000000 0.137520 0.061821 : 0.024209 0.020937 0.367413
675000.000000 0.137051 0.061359 : 0.024070 0.020875 0.366209
680000.000000 0.136539 0.060874 : 0.023813 0.020797 0.365009
685000.000000 0.136025 0.060355 : 0.023446 0.020797 0.363831
690000.000000 0.135545 0.059824 : 0.023058 0.020815 0.362762
695000.000000 0.135034 0.059275 : 0.022767 0.020668 0.361667
700000.000000 0.134496 0.058740 : 0.022531 0.020496 0.360461
705000.000000 0.134005 0.058198 : 0.022333 0.020340 0.359341
710000.000000 0.133533 0.057675 : 0.022081 0.020262 0.358256
715000.000000 0.133050 0.057129 : 0.021784 0.020235 0.357131
720000.000000 0.132594 0.056606 : 0.021608 0.020128 0.356047
725000.000000 0.132179 0.056084 : 0.021431 0.020075 0.355032
730000.000000 0.131781 0.055557 : 0.021304 0.019978 0.354063
735000.000000 0.131384 0.055088 : 0.021109 0.019891 0.353151
740000.000000 0.130958 0.054618 : 0.020883 0.019800 0.352191
745000.000000 0.130501 0.054115 : 0.020627 0.019629 0.351246
750000.000000 0.130033 0.053602 : 0.020412 0.019388 0.350300
755000.000000 0.129661 0.053099 : 0.020245 0.019306 0.349433
760000.000000 0.129287 0.052619 : 0.020124 0.019223 0.348515
765000.000000 0.128864 0.052118 : 0.019889 0.019139 0.347563
770000.000000 0.128492 0.051631 : 0.019732 0.019113 0.346630
775000.000000 0.128112 0.051148 : 0.019612 0.019062 0.345661
780000.000000 0.127697 0.050637 : 0.019330 0.018994 0.344766
785000.000000 0.127267 0.050152 : 0.019029 0.018900 0.343872
790000.000000 0.126845 0.049659 : 0.018798 0.018783 0.342954
795000.000000 0.126391 0.049183 : 0.018472 0.018656 0.342046
800000.000000 0.125918 0.048699 : 0.018117 0.018538 0.341098
805000.000000 0.125474 0.048269 : 0.017871 0.018451 0.340099
810000.000000 0.125053 0.047866 : 0.017631 0.018325 0.339203
815000.000000 0.124706 0.047479 : 0.017450 0.018333 0.338335
820000.000000 0.124324 0.047091 : 0.017277 0.018308 0.337388
825000.000000 0.123944 0.046731 : 0.017113 0.018251 0.336468
830000.000000 0.123604 0.046371 : 0.016950 0.018236 0.335625
835000.000000 0.123255 0.046014 : 0.016804 0.018201 0.334760
840000.000000 0.122894 0.045646 : 0.016724 0.018083 0.333875
845000.000000 0.122484 0.045300 : 0.016563 0.017961 0.332927
850000.000000 0.122034 0.044932 : 0.016366 0.017763 0.331972
855000.000000 0.121654 0.044577 : 0.016231 0.017622 0.331111
860000.000000 0.121253 0.044207 : 0.016063 0.017417 0.330279
865000.000000 0.120843 0.043840 : 0.015875 0.017194 0.329462
870000.000000 0.120428 0.043464 : 0.015705 0.016942 0.328637
875000.000000 0.120003 0.043075 : 0.015505 0.016686 0.327817
880000.000000 0.119572 0.042674 : 0.015196 0.016469 0.327051
885000.000000 0.119203 0.042307 : 0.014923 0.016336 0.326350
890000.000000 0.118802 0.041926 : 0.014662 0.016209 0.325536
895000.000000 0.118422 0.041571 : 0.014367 0.016160 0.324739
900000.000000 0.118090 0.041201 : 0.014136 0.016181 0.323954
905000.000000 0.117757 0.040857 : 0.013923 0.016117 0.323231
910000.000000 0.117425 0.040494 : 0.013564 0.016186 0.322525
915000.000000 0.117103 0.040121 : 0.013178 0.016287 0.321845
920000.000000 0.116760 0.039754 : 0.012825 0.016330 0.321127
925000.000000 0.116420 0.039377 : 0.012398 0.016375 0.320489
930000.000000 0.116014 0.038973 : 0.011878 0.016384 0.319780
935000.000000 0.115588 0.038557 : 0.011345 0.016347 0.319072
940000.000000 0.115239 0.038169 : 0.010901 0.016283 0.318532
945000.000000 0.114796 0.037737 : 0.010394 0.016112 0.317883
950000.000000 0.114373 0.037312 : 0.009877 0.015921 0.317323
955000.000000 0.113932 0.036883 : 0.009280 0.015762 0.316754
960000.000000 0.113407 0.036410 : 0.008587 0.015481 0.316152
965000.000000 0.112917 0.035938 : 0.007989 0.015226 0.315535
970000.000000 0.112409 0.035470 : 0.007422 0.014837 0.314970
975000.000000 0.111962 0.034998 : 0.006983 0.014456 0.314448
980000.000000 0.111512 0.034491 : 0.006357 0.014163 0.314014
985000.000000 0.111026 0.033997 : 0.005776 0.013788 0.313513
990000.000000 0.110506 0.033479 : 0.005175 0.013437 0.312907
995000.000000 0.109958 0.032923 : 0.004523 0.013005 0.312347
1000000.000000 0.109418 0.032343 : 0.003907 0.012525 0.311822
