0.000000 1.000000 1.000000 : 1.000000 1.000000 1.000000
10.000000 0.998388 0.998388 : 0.998389 0.998384 0.998392
20.000000 0.997336 0.997336 : 0.997339 0.997339 0.997331
30.000000 0.995758 0.995758 : 0.995749 0.995764 0.995760
40.000000 0.993887 0.993887 : 0.993863 0.993897 0.993901
50.000000 0.991891 0.991891 : 0.991855 0.991910 0.991908
60.000000 0.989938 0.989938 : 0.989883 0.989967 0.989965
70.000000 0.988515 0.988515 : 0.988438 0.988555 0.988552
80.000000 0.986408 0.986408 : 0.986309 0.986456 0.986458
90.000000 0.984936 0.984936 : 0.984815 0.984994 0.984999
100.000000 0.983231 0.983230 : 0.983096 0.983302 0.983294
110.000000 0.981726 0.981725 : 0.981569 0.981805 0.981803
120.000000 0.980527 0.980526 : 0.980350 0.980612 0.980617
130.000000 0.979223 0.979223 : 0.979032 0.979316 0.979322
140.000000 0.977847 0.977846 : 0.977640 0.977945 0.977955
150.000000 0.976417 0.976416 : 0.976195 0.976520 0.976535
160.000000 0.975063 0.975062 : 0.974827 0.975169 0.975194
170.000000 0.973479 0.973478 : 0.973228 0.973587 0.973622
180.000000 0.972063 0.972062 : 0.971800 0.972172 0.972217
190.000000 0.970446 0.970445 : 0.970172 0.970553 0.970614
200.000000 0.968927 0.968925 : 0.968643 0.969031 0.969107
210.000000 0.967514 0.967512 : 0.967220 0.967611 0.967711
220.000000 0.965949 0.965946 : 0.965647 0.966039 0.966160
230.000000 0.964484 0.964481 : 0.964180 0.964568 0.964704
240.000000 0.962908 0.962904 : 0.962597 0.962982 0.963143
250.000000 0.961573 0.961570 : 0.961260 0.961639 0.961820
260.000000 0.960110 0.960107 : 0.959798 0.960168 0.960366
270.000000 0.958789 0.958785 : 0.958478 0.958835 0.959054
280.000000 0.957509 0.957505 : 0.957200 0.957544 0.957784
290.000000 0.956225 0.956220 : 0.955917 0.956249 0.956511
300.000000 0.955017 0.955011 : 0.954714 0.955026 0.955311
310.000000 0.953685 0.953679 : 0.953389 0.953680 0.953985
320.000000 0.952481 0.952474 : 0.952192 0.952462 0.952787
330.000000 0.951219 0.951212 : 0.950939 0.951185 0.951531
340.000000 0.950027 0.950020 : 0.949755 0.949978 0.950346
350.000000 0.948777 0.948770 : 0.948517 0.948713 0.949101
360.000000 0.947659 0.947652 : 0.947408 0.947580 0.947991
370.000000 0.946496 0.946488 : 0.946254 0.946399 0.946835
380.000000 0.945261 0.945252 : 0.945029 0.945148 0.945605
390.000000 0.944166 0.944157 : 0.943946 0.944038 0.944515
400.000000 0.943014 0.943004 : 0.942805 0.942868 0.943368
410.000000 0.941949 0.941939 : 0.941749 0.941789 0.942309
420.000000 0.940803 0.940793 : 0.940614 0.940627 0.941167
430.000000 0.939789 0.939778 : 0.939611 0.939598 0.940157
440.000000 0.938771 0.938760 : 0.938605 0.938565 0.939142
450.000000 0.937691 0.937680 : 0.937538 0.937471 0.938066
460.000000 0.936695 0.936683 : 0.936553 0.936460 0.937072
470.000000 0.935641 0.935629 : 0.935511 0.935391 0.936021
480.000000 0.934659 0.934646 : 0.934541 0.934394 0.935042
490.000000 0.933628 0.933615 : 0.933524 0.933348 0.934014
500.000000 0.932641 0.932627 : 0.932548 0.932346 0.933030
510.000000 0.931633 0.931618 : 0.931550 0.931322 0.932025
520.000000 0.930628 0.930613 : 0.930560 0.930302 0.931024
530.000000 0.929671 0.929655 : 0.929614 0.929328 0.930071
540.000000 0.928651 0.928635 : 0.928605 0.928292 0.929056
550.000000 0.927684 0.927667 : 0.927649 0.927308 0.928094
560.000000 0.926711 0.926695 : 0.926688 0.926319 0.927128
570.000000 0.925782 0.925764 : 0.925770 0.925373 0.926202
580.000000 0.924803 0.924785 : 0.924803 0.924377 0.925229
590.000000 0.923878 0.923859 : 0.923890 0.923433 0.924309
600.000000 0.922950 0.922931 : 0.922977 0.922489 0.923385
610.000000 0.921992 0.921972 : 0.922033 0.921513 0.922430
620.000000 0.921094 0.921073 : 0.921148 0.920597 0.921536
630.000000 0.920162 0.920142 : 0.920231 0.919647 0.920608
640.000000 0.919260 0.919238 : 0.919343 0.918727 0.919709
650.000000 0.918333 0.918311 : 0.918430 0.917782 0.918786
660.000000 0.917449 0.917427 : 0.917560 0.916880 0.917908
670.000000 0.916544 0.916521 : 0.916670 0.915956 0.917006
680.000000 0.915630 0.915607 : 0.915769 0.915023 0.916098
690.000000 0.914747 0.914723 : 0.914899 0.914121 0.915220
700.000000 0.913848 0.913823 : 0.914014 0.913202 0.914327
710.000000 0.912966 0.912941 : 0.913145 0.912301 0.913452
720.000000 0.912071 0.912046 : 0.912262 0.911387 0.912564
730.000000 0.911198 0.911172 : 0.911402 0.910495 0.911696
740.000000 0.910314 0.910288 : 0.910531 0.909592 0.910819
750.000000 0.909433 0.909407 : 0.909663 0.908693 0.909943
760.000000 0.908567 0.908541 : 0.908811 0.907810 0.909082
770.000000 0.907698 0.907671 : 0.907954 0.906923 0.908218
780.000000 0.906828 0.906800 : 0.907096 0.906035 0.907352
790.000000 0.905957 0.905928 : 0.906238 0.905147 0.906485
800.000000 0.905117 0.905089 : 0.905412 0.904291 0.905649
810.000000 0.904256 0.904227 : 0.904565 0.903412 0.904792
820.000000 0.903391 0.903362 : 0.903713 0.902531 0.903929
830.000000 0.902547 0.902517 : 0.902883 0.901669 0.903087
840.000000 0.901708 0.901678 : 0.902058 0.900814 0.902252
850.000000 0.900866 0.900835 : 0.901230 0.899954 0.901413
860.000000 0.900015 0.899984 : 0.900393 0.899087 0.900565
870.000000 0.899188 0.899157 : 0.899580 0.898243 0.899741
880.000000 0.898356 0.898324 : 0.898763 0.897394 0.898911
890.000000 0.897532 0.897500 : 0.897954 0.896554 0.898089
900.000000 0.896706 0.896674 : 0.897143 0.895711 0.897266
910.000000 0.895882 0.895849 : 0.896333 0.894870 0.896443
920.000000 0.895070 0.895036 : 0.895536 0.894042 0.895632
930.000000 0.894260 0.894226 : 0.894740 0.893216 0.894825
940.000000 0.893454 0.893419 : 0.893948 0.892394 0.894019
950.000000 0.892638 0.892602 : 0.893146 0.891563 0.893203
960.000000 0.891841 0.891805 : 0.892365 0.890752 0.892407
970.000000 0.891047 0.891011 : 0.891586 0.889943 0.891612
980.000000 0.890246 0.890209 : 0.890800 0.889129 0.890811
990.000000 0.889449 0.889411 : 0.890018 0.888317 0.890012
1000.000000 0.888661 0.888623 : 0.889246 0.887515 0.889223
1010.000000 0.887879 0.887840 : 0.888479 0.886719 0.888439
1020.000000 0.887090 0.887050 : 0.887706 0.885916 0.887648
1030.000000 0.886317 0.886276 : 0.886949 0.885129 0.886873
1040.000000 0.885542 0.885501 : 0.886189 0.884340 0.886096
1050.000000 0.884767 0.884726 : 0.885431 0.883552 0.885320
1060.000000 0.884007 0.883964 : 0.884686 0.882778 0.884557
1070.000000 0.883247 0.883204 : 0.883941 0.882005 0.883795
1080.000000 0.882486 0.882442 : 0.883196 0.881230 0.883031
1090.000000 0.881731 0.881687 : 0.882457 0.880461 0.882273
1100.000000 0.880987 0.880943 : 0.881731 0.879704 0.881526
1110.000000 0.880237 0.880192 : 0.880997 0.878940 0.880773
1120.000000 0.879492 0.879446 : 0.880270 0.878183 0.880023
1130.000000 0.878755 0.878709 : 0.879552 0.877433 0.879281
1140.000000 0.878016 0.877969 : 0.878832 0.876682 0.878535
1150.000000 0.877284 0.877236 : 0.878119 0.875937 0.877796
1160.000000 0.876556 0.876508 : 0.877412 0.875196 0.877060
1170.000000 0.875828 0.875779 : 0.876706 0.874454 0.876325
1180.000000 0.875100 0.875050 : 0.875999 0.873712 0.875589
1190.000000 0.874382 0.874331 : 0.875303 0.872981 0.874862
1200.000000 0.873664 0.873612 : 0.874607 0.872249 0.874136
1210.000000 0.872948 0.872896 : 0.873913 0.871520 0.873411
1220.000000 0.872236 0.872183 : 0.873223 0.870795 0.872690
1230.000000 0.871525 0.871472 : 0.872533 0.870071 0.871972
1240.000000 0.870821 0.870766 : 0.871851 0.869353 0.871258
1250.000000 0.870116 0.870061 : 0.871168 0.868635 0.870545
1260.000000 0.869413 0.869357 : 0.870488 0.867919 0.869833
1270.000000 0.868712 0.868655 : 0.869809 0.867204 0.869123
1280.000000 0.868017 0.867960 : 0.869136 0.866496 0.868419
1290.000000 0.867322 0.867264 : 0.868463 0.865787 0.867716
1300.000000 0.866628 0.866569 : 0.867792 0.865079 0.867013
1310.000000 0.865937 0.865877 : 0.867124 0.864374 0.866313
1320.000000 0.865244 0.865184 : 0.866454 0.863668 0.865611
1330.000000 0.864559 0.864498 : 0.865791 0.862969 0.864918
1340.000000 0.863874 0.863812 : 0.865129 0.862270 0.864224
1350.000000 0.863187 0.863124 : 0.864464 0.861569 0.863527
1360.000000 0.862506 0.862442 : 0.863805 0.860875 0.862838
1370.000000 0.861831 0.861767 : 0.863153 0.860186 0.862155
1380.000000 0.861155 0.861089 : 0.862499 0.859495 0.861470
1390.000000 0.860478 0.860411 : 0.861844 0.858805 0.860784
1400.000000 0.859808 0.859740 : 0.861196 0.858120 0.860106
1410.000000 0.859138 0.859069 : 0.860549 0.857436 0.859428
1420.000000 0.858467 0.858398 : 0.859900 0.856751 0.858750
1430.000000 0.857801 0.857731 : 0.859257 0.856070 0.858075
1440.000000 0.857135 0.857064 : 0.858613 0.855390 0.857402
1450.000000 0.856469 0.856397 : 0.857970 0.854709 0.856728
1460.000000 0.855807 0.855734 : 0.857330 0.854032 0.856058
1470.000000 0.855146 0.855072 : 0.856692 0.853356 0.855391
1480.000000 0.854484 0.854409 : 0.856051 0.852679 0.854722
1490.000000 0.853827 0.853751 : 0.855416 0.852007 0.854058
1500.000000 0.853171 0.853094 : 0.854781 0.851336 0.853396
1510.000000 0.852517 0.852439 : 0.854148 0.850667 0.852735
1520.000000 0.851864 0.851785 : 0.853517 0.849999 0.852076
1530.000000 0.851213 0.851133 : 0.852886 0.849334 0.851419
1540.000000 0.850564 0.850483 : 0.852259 0.848670 0.850763
1550.000000 0.849916 0.849834 : 0.851631 0.848009 0.850109
1560.000000 0.849271 0.849188 : 0.851006 0.847351 0.849456
1570.000000 0.848625 0.848541 : 0.850380 0.846692 0.848803
1580.000000 0.847981 0.847896 : 0.849756 0.846036 0.848151
1590.000000 0.847340 0.847253 : 0.849135 0.845382 0.847502
1600.000000 0.846699 0.846612 : 0.848514 0.844729 0.846854
1610.000000 0.846060 0.845972 : 0.847895 0.844078 0.846208
1620.000000 0.845423 0.845333 : 0.847277 0.843429 0.845564
1630.000000 0.844788 0.844697 : 0.846660 0.842782 0.844922
1640.000000 0.844152 0.844060 : 0.846042 0.842135 0.844280
1650.000000 0.843519 0.843426 : 0.845426 0.841491 0.843641
1660.000000 0.842888 0.842794 : 0.844812 0.840849 0.843005
1670.000000 0.842259 0.842163 : 0.844199 0.840208 0.842370
1680.000000 0.841631 0.841533 : 0.843586 0.839569 0.841736
1690.000000 0.841005 0.840906 : 0.842977 0.838933 0.841106
1700.000000 0.840382 0.840281 : 0.842368 0.838299 0.840479
1710.000000 0.839759 0.839657 : 0.841759 0.837666 0.839850
1720.000000 0.839137 0.839033 : 0.841153 0.837034 0.839223
1730.000000 0.838518 0.838412 : 0.840549 0.836405 0.838599
1740.000000 0.837900 0.837793 : 0.839945 0.835777 0.837977
1750.000000 0.837282 0.837174 : 0.839342 0.835150 0.837354
1760.000000 0.836669 0.836558 : 0.838744 0.834528 0.836735
1770.000000 0.836058 0.835946 : 0.838147 0.833907 0.836119
1780.000000 0.835447 0.835334 : 0.837550 0.833288 0.835503
1790.000000 0.834837 0.834722 : 0.836954 0.832670 0.834886
1800.000000 0.834229 0.834112 : 0.836361 0.832053 0.834273
1810.000000 0.833622 0.833504 : 0.835768 0.831438 0.833660
1820.000000 0.833017 0.832897 : 0.835177 0.830824 0.833049
1830.000000 0.832414 0.832293 : 0.834588 0.830214 0.832440
1840.000000 0.831813 0.831690 : 0.834001 0.829605 0.831832
1850.000000 0.831213 0.831089 : 0.833414 0.828997 0.831226
1860.000000 0.830614 0.830488 : 0.832829 0.828392 0.830620
1870.000000 0.830017 0.829890 : 0.832246 0.827788 0.830017
1880.000000 0.829421 0.829293 : 0.831664 0.827187 0.829414
1890.000000 0.828826 0.828696 : 0.831083 0.826585 0.828811
1900.000000 0.828235 0.828103 : 0.830504 0.825989 0.828213
1910.000000 0.827644 0.827510 : 0.829925 0.825393 0.827613
1920.000000 0.827054 0.826919 : 0.829348 0.824798 0.827015
1930.000000 0.826465 0.826328 : 0.828771 0.824206 0.826418
1940.000000 0.825879 0.825740 : 0.828199 0.823615 0.825823
1950.000000 0.825294 0.825153 : 0.827626 0.823027 0.825229
1960.000000 0.824710 0.824567 : 0.827056 0.822439 0.824634
1970.000000 0.824128 0.823983 : 0.826487 0.821854 0.824043
1980.000000 0.823547 0.823401 : 0.825919 0.821270 0.823452
1990.000000 0.822969 0.822820 : 0.825355 0.820689 0.822863
2000.000000 0.822392 0.822242 : 0.824791 0.820110 0.822276
5000.000000 0.717012 0.716828 : 0.708003 0.710319 0.732715
10000.000000 0.610304 0.609785 : 0.591119 0.595693 0.644101
15000.000000 0.535349 0.534354 : 0.506465 0.511942 0.587641
20000.000000 0.475031 0.473220 : 0.436297 0.443464 0.545332
25000.000000 0.423865 0.421055 : 0.375890 0.384619 0.511085
30000.000000 0.379757 0.375809 : 0.323414 0.333343 0.482514
35000.000000 0.341909 0.336616 : 0.278260 0.289432 0.458035
40000.000000 0.309145 0.302301 : 0.239244 0.251205 0.436986
45000.000000 0.280807 0.272290 : 0.205859 0.218055 0.418508
50000.000000 0.256258 0.245951 : 0.177018 0.189500 0.402254
55000.000000 0.234926 0.222774 : 0.151905 0.164904 0.387970
60000.000000 0.216203 0.202150 : 0.129838 0.143982 0.374788
65000.000000 0.200232 0.184073 : 0.111550 0.125984 0.363163
70000.000000 0.186278 0.168161 : 0.095724 0.110700 0.352410
75000.000000 0.173996 0.153957 : 0.081888 0.097620 0.342480
80000.000000 0.163503 0.141516 : 0.070407 0.086590 0.333513
85000.000000 0.154284 0.130518 : 0.060470 0.076861 0.325521
90000.000000 0.146243 0.120611 : 0.051992 0.068622 0.318116
95000.000000 0.139170 0.111805 : 0.044926 0.061572 0.311011
100000.000000 0.132890 0.103964 : 0.038849 0.055510 0.304311
105000.000000 0.127415 0.097009 : 0.033806 0.050434 0.298005
110000.000000 0.122515 0.090765 : 0.029526 0.045823 0.292195
115000.000000 0.118041 0.085095 : 0.025937 0.041498 0.286688
120000.000000 0.114024 0.079984 : 0.023012 0.037448 0.281612
125000.000000 0.110450 0.075400 : 0.020382 0.033979 0.276991
130000.000000 0.107051 0.071143 : 0.017845 0.030935 0.272371
135000.000000 0.104098 0.067272 : 0.016026 0.028237 0.268032
140000.000000 0.101313 0.063707 : 0.014156 0.025666 0.264117
145000.000000 0.099010 0.060518 : 0.012608 0.023841 0.260581
150000.000000 0.096859 0.057620 : 0.011382 0.022213 0.256981
155000.000000 0.094890 0.054946 : 0.010001 0.020957 0.253713
160000.000000 0.093197 0.052545 : 0.009032 0.019935 0.250623
165000.000000 0.091530 0.050276 : 0.008158 0.018800 0.247634
170000.000000 0.089912 0.048096 : 0.007283 0.017626 0.244826
175000.000000 0.088291 0.046021 : 0.006581 0.016383 0.241909
180000.000000 0.086782 0.044174 : 0.005713 0.015365 0.239267
185000.000000 0.085398 0.042355 : 0.004876 0.014693 0.236624
190000.000000 0.084163 0.040649 : 0.004488 0.013871 0.234129
195000.000000 0.082969 0.039091 : 0.004093 0.013198 0.231617
200000.000000 0.081800 0.037558 : 0.003469 0.012814 0.229116
205000.000000 0.080804 0.036126 : 0.003255 0.012315 0.226841
210000.000000 0.079819 0.034786 : 0.002942 0.011814 0.224701
215000.000000 0.078874 0.033511 : 0.002824 0.011195 0.222604
220000.000000 0.078111 0.032325 : 0.002717 0.010841 0.220774
225000.000000 0.077468 0.031209 : 0.002677 0.010705 0.219023
230000.000000 0.076929 0.030247 : 0.002953 0.010608 0.217226
235000.000000 0.076468 0.029317 : 0.003182 0.010567 0.215655
240000.000000 0.075741 0.028352 : 0.003151 0.010303 0.213768
245000.000000 0.075076 0.027505 : 0.002940 0.010138 0.212149
250000.000000 0.074314 0.026646 : 0.002537 0.009789 0.210617
255000.000000 0.073608 0.025803 : 0.002087 0.009581 0.209156
260000.000000 0.072740 0.024941 : 0.001538 0.009314 0.207369
265000.000000 0.071865 0.024106 : 0.000999 0.009022 0.205575
270000.000000 0.071022 0.023310 : 0.000422 0.008548 0.204096
275000.000000 0.070155 0.022473 : -0.000261 0.007917 0.202808
280000.000000 0.069208 0.021660 : -0.001190 0.007364 0.201449
285000.000000 0.068384 0.020865 : -0.001625 0.006646 0.200131
290000.000000 0.067587 0.020127 : -0.002066 0.005967 0.198861
295000.000000 0.066746 0.019367 : -0.002599 0.005025 0.197812
300000.000000 0.065859 0.018627 : -0.003476 0.004022 0.197032
305000.000000 0.064977 0.017895 : -0.004292 0.003079 0.196144
310000.000000 0.064028 0.017170 : -0.005113 0.002010 0.195188
315000.000000 0.063450 0.016530 : -0.005448 0.001462 0.194336
320000.000000 0.062752 0.015931 : -0.005856 0.000733 0.193379
325000.000000 0.062001 0.015312 : -0.006394 -0.000086 0.192483
330000.000000 0.061353 0.014742 : -0.006867 -0.000723 0.191647
335000.000000 0.060760 0.014225 : -0.007075 -0.001421 0.190776
340000.000000 0.060238 0.013769 : -0.007281 -0.001902 0.189898
345000.000000 0.059927 0.013403 : -0.007109 -0.002262 0.189152
350000.000000 0.059618 0.013037 : -0.007183 -0.002273 0.188309
355000.000000 0.059356 0.012746 : -0.007042 -0.002253 0.187364
360000.000000 0.059066 0.012512 : -0.006646 -0.002544 0.186388
365000.000000 0.059017 0.012330 : -0.006010 -0.002422 0.185482
370000.000000 0.058913 0.012146 : -0.005276 -0.002362 0.184376
375000.000000 0.059066 0.011991 : -0.004300 -0.002280 0.183779
380000.000000 0.059136 0.011914 : -0.003420 -0.002073 0.182901
385000.000000 0.059219 0.011829 : -0.002439 -0.001958 0.182055
390000.000000 0.059233 0.011681 : -0.001600 -0.001938 0.181235
395000.000000 0.059361 0.011574 : -0.001013 -0.001424 0.180520
400000.000000 0.059229 0.011445 : -0.000463 -0.001408 0.179559
405000.000000 0.059248 0.011407 : 0.000310 -0.001472 0.178906
410000.000000 0.059230 0.011331 : 0.000929 -0.001502 0.178263
415000.000000 0.059168 0.011252 : 0.001380 -0.001416 0.177540
420000.000000 0.059178 0.011160 : 0.001843 -0.001406 0.177095
425000.000000 0.059095 0.011074 : 0.002409 -0.001301 0.176178
430000.000000 0.059085 0.011054 : 0.002954 -0.001151 0.175451
435000.000000 0.059008 0.010980 : 0.003445 -0.001263 0.174843
440000.000000 0.058881 0.010873 : 0.003952 -0.001608 0.174300
445000.000000 0.058825 0.010792 : 0.004434 -0.001580 0.173622
450000.000000 0.058697 0.010771 : 0.004600 -0.001855 0.173345
455000.000000 0.058640 0.010755 : 0.004985 -0.001904 0.172840
460000.000000 0.058722 0.010740 : 0.005341 -0.001586 0.172411
465000.000000 0.058608 0.010705 : 0.005753 -0.001709 0.171779
470000.000000 0.058560 0.010697 : 0.006111 -0.001617 0.171187
475000.000000 0.058341 0.010628 : 0.006094 -0.001622 0.170550
480000.000000 0.058103 0.010575 : 0.005922 -0.001501 0.169889
485000.000000 0.057808 0.010466 : 0.005472 -0.001364 0.169316
490000.000000 0.057493 0.010358 : 0.004993 -0.001039 0.168524
495000.000000 0.057259 0.010247 : 0.004599 -0.000618 0.167797
500000.000000 0.057024 0.010162 : 0.004065 -0.000227 0.167232
505000.000000 0.056795 0.010072 : 0.003686 0.000210 0.166489
510000.000000 0.056443 0.009977 : 0.003048 0.000322 0.165959
515000.000000 0.056219 0.009867 : 0.002520 0.000760 0.165377
520000.000000 0.055869 0.009725 : 0.002080 0.001052 0.164474
525000.000000 0.055568 0.009617 : 0.001636 0.001222 0.163846
530000.000000 0.055239 0.009440 : 0.001173 0.001334 0.163209
535000.000000 0.054918 0.009254 : 0.000639 0.001373 0.162743
540000.000000 0.054584 0.009074 : 0.000182 0.001419 0.162151
545000.000000 0.054339 0.008927 : -0.000048 0.001642 0.161425
550000.000000 0.054100 0.008780 : -0.000535 0.001852 0.160984
555000.000000 0.053721 0.008641 : -0.001154 0.001987 0.160329
560000.000000 0.053530 0.008537 : -0.001655 0.002276 0.159968
565000.000000 0.053359 0.008435 : -0.001936 0.002598 0.159415
570000.000000 0.053207 0.008369 : -0.002281 0.003064 0.158839
575000.000000 0.052985 0.008282 : -0.002832 0.003514 0.158274
580000.000000 0.052930 0.008201 : -0.003087 0.004025 0.157854
585000.000000 0.052629 0.008118 : -0.003299 0.003926 0.157260
590000.000000 0.052356 0.008025 : -0.003711 0.004078 0.156701
595000.000000 0.052205 0.007929 : -0.003801 0.004247 0.156168
600000.000000 0.051918 0.007805 : -0.004119 0.004275 0.155598
605000.000000 0.051672 0.007685 : -0.004504 0.004220 0.155300
610000.000000 0.051308 0.007540 : -0.004926 0.004158 0.154692
615000.000000 0.050863 0.007367 : -0.005475 0.004054 0.154008
620000.000000 0.050557 0.007218 : -0.005904 0.004029 0.153545
625000.000000 0.050269 0.007119 : -0.006070 0.003917 0.152960
630000.000000 0.050101 0.007028 : -0.006042 0.003909 0.152436
635000.000000 0.049916 0.006965 : -0.006049 0.003762 0.152036
640000.000000 0.049713 0.006907 : -0.005966 0.003517 0.151588
645000.000000 0.049604 0.006852 : -0.006083 0.003791 0.151104
650000.000000 0.049551 0.006790 : -0.005917 0.003833 0.150737
655000.000000 0.049417 0.006772 : -0.005680 0.003750 0.150180
660000.000000 0.049314 0.006752 : -0.005390 0.003724 0.149608
665000.000000 0.049214 0.006750 : -0.005240 0.003784 0.149097
670000.000000 0.049180 0.006795 : -0.005032 0.003788 0.148784
675000.000000 0.049168 0.006809 : -0.004830 0.003820 0.148513
680000.000000 0.048999 0.006792 : -0.004662 0.003776 0.147882
685000.000000 0.048837 0.006812 : -0.004513 0.003637 0.147387
690000.000000 0.048764 0.006845 : -0.004327 0.003695 0.146923
695000.000000 0.048848 0.006827 : -0.003847 0.003839 0.146554
700000.000000 0.048851 0.006886 : -0.003294 0.003981 0.145867
705000.000000 0.048970 0.006909 : -0.002731 0.004197 0.145443
710000.000000 0.048905 0.006909 : -0.002524 0.004167 0.145073
715000.000000 0.048830 0.006884 : -0.002047 0.003908 0.144628
720000.000000 0.048946 0.006911 : -0.001671 0.004137 0.144372
725000.000000 0.048943 0.006875 : -0.001408 0.004223 0.144014
730000.000000 0.048997 0.006858 : -0.001238 0.004405 0.143825
735000.000000 0.048972 0.006827 : -0.000986 0.004170 0.143733
740000.000000 0.048801 0.006777 : -0.001040 0.004042 0.143401
745000.000000 0.048710 0.006732 : -0.001167 0.003996 0.143301
750000.000000 0.048583 0.006666 : -0.001019 0.003929 0.142838
755000.000000 0.048422 0.006598 : -0.001200 0.003842 0.142625
760000.000000 0.048403 0.006530 : -0.001173 0.003876 0.142507
765000.000000 0.048223 0.006456 : -0.001470 0.003915 0.142223
770000.000000 0.047929 0.006387 : -0.001626 0.003460 0.141954
775000.000000 0.047829 0.006305 : -0.001754 0.003465 0.141778
780000.000000 0.047554 0.006229 : -0.001822 0.003017 0.141467
785000.000000 0.047324 0.006152 : -0.001814 0.002691 0.141097
790000.000000 0.047229 0.006102 : -0.001741 0.002632 0.140797
795000.000000 0.047089 0.006025 : -0.001671 0.002469 0.140468
800000.000000 0.047084 0.005935 : -0.001558 0.002475 0.140334
805000.000000 0.046950 0.005873 : -0.001742 0.002316 0.140276
810000.000000 0.046669 0.005799 : -0.001996 0.001917 0.140087
815000.000000 0.046540 0.005744 : -0.002114 0.001839 0.139894
820000.000000 0.046415 0.005642 : -0.002226 0.001883 0.139589
825000.000000 0.046250 0.005609 : -0.002211 0.001911 0.139050
830000.000000 0.046121 0.005568 : -0.002325 0.001704 0.138983
835000.000000 0.045796 0.005517 : -0.002683 0.001422 0.138648
840000.000000 0.045677 0.005481 : -0.002588 0.001358 0.138260
845000.000000 0.045558 0.005426 : -0.002592 0.001434 0.137832
850000.000000 0.045553 0.005430 : -0.002318 0.001361 0.137617
855000.000000 0.045490 0.005418 : -0.002312 0.001444 0.137337
860000.000000 0.045443 0.005413 : -0.002284 0.001409 0.137204
865000.000000 0.045427 0.005403 : -0.002205 0.001259 0.137227
870000.000000 0.045228 0.005372 : -0.002218 0.000796 0.137108
875000.000000 0.045015 0.005345 : -0.002153 0.000508 0.136690
880000.000000 0.044872 0.005312 : -0.002077 0.000276 0.136419
885000.000000 0.044713 0.005283 : -0.002128 0.000093 0.136175
890000.000000 0.044518 0.005233 : -0.002157 -0.000150 0.135860
895000.000000 0.044389 0.005173 : -0.001977 -0.000405 0.135549
900000.000000 0.044301 0.005143 : -0.001785 -0.000468 0.135156
905000.000000 0.044181 0.005103 : -0.001605 -0.000562 0.134710
910000.000000 0.044184 0.005055 : -0.001184 -0.000549 0.134285
915000.000000 0.044210 0.004993 : -0.001088 -0.000561 0.134280
920000.000000 0.043995 0.004937 : -0.001018 -0.000864 0.133868
925000.000000 0.043821 0.004923 : -0.000999 -0.001139 0.133601
930000.000000 0.043810 0.004903 : -0.000883 -0.001220 0.133532
935000.000000 0.043785 0.004865 : -0.000789 -0.001355 0.133498
940000.000000 0.043689 0.004821 : -0.000687 -0.001534 0.133289
945000.000000 0.043627 0.004792 : -0.000633 -0.001719 0.133234
950000.000000 0.043576 0.004729 : -0.000506 -0.001934 0.133168
955000.000000 0.043584 0.004662 : -0.000304 -0.002012 0.133069
960000.000000 0.043491 0.004569 : -0.000383 -0.002187 0.133043
965000.000000 0.043318 0.004488 : -0.000470 -0.002316 0.132741
970000.000000 0.043182 0.004368 : -0.000405 -0.002667 0.132617
975000.000000 0.043091 0.004247 : -0.000362 -0.002803 0.132439
980000.000000 0.043004 0.004121 : -0.000320 -0.002890 0.132221
985000.000000 0.042886 0.004008 : -0.000397 -0.003029 0.132083
990000.000000 0.042866 0.003915 : -0.000509 -0.002779 0.131884
995000.000000 0.042879 0.003818 : -0.000462 -0.002529 0.131628
1000000.000000 0.042837 0.003719 : -0.000332 -0.002547 0.131391
