0.000000 1.000000 1.000000 : 1.000000 1.000000 1.000000
10.000000 0.995073 0.995073 : 0.995075 0.995061 0.995085
20.000000 0.991871 0.991871 : 0.991878 0.991879 0.991855
30.000000 0.987088 0.987088 : 0.987061 0.987107 0.987095
40.000000 0.981454 0.981454 : 0.981383 0.981483 0.981496
50.000000 0.975489 0.975489 : 0.975383 0.975546 0.975539
60.000000 0.969695 0.969694 : 0.969532 0.969780 0.969773
70.000000 0.965529 0.965528 : 0.965304 0.965647 0.965636
80.000000 0.959353 0.959352 : 0.959069 0.959495 0.959497
90.000000 0.955084 0.955082 : 0.954738 0.955252 0.955263
100.000000 0.950151 0.950148 : 0.949770 0.950358 0.950326
110.000000 0.945813 0.945809 : 0.945372 0.946040 0.946027
120.000000 0.942396 0.942391 : 0.941903 0.942641 0.942645
130.000000 0.938667 0.938661 : 0.938134 0.938931 0.938936
140.000000 0.934720 0.934713 : 0.934148 0.934996 0.935016
150.000000 0.930644 0.930636 : 0.930034 0.930934 0.930965
160.000000 0.926794 0.926785 : 0.926147 0.927088 0.927147
170.000000 0.922303 0.922292 : 0.921618 0.922603 0.922687
180.000000 0.918312 0.918300 : 0.917597 0.918615 0.918725
190.000000 0.913763 0.913749 : 0.913022 0.914059 0.914209
200.000000 0.909524 0.909508 : 0.908764 0.909808 0.910000
210.000000 0.905612 0.905594 : 0.904829 0.905875 0.906132
220.000000 0.901288 0.901267 : 0.900490 0.901531 0.901843
230.000000 0.897262 0.897239 : 0.896466 0.897485 0.897835
240.000000 0.892949 0.892922 : 0.892140 0.893145 0.893561
250.000000 0.889335 0.889306 : 0.888525 0.889506 0.889975
260.000000 0.885371 0.885338 : 0.884569 0.885516 0.886028
270.000000 0.881813 0.881778 : 0.881022 0.881925 0.882492
280.000000 0.878389 0.878351 : 0.877609 0.878466 0.879092
290.000000 0.874969 0.874927 : 0.874196 0.875011 0.875699
300.000000 0.871758 0.871713 : 0.871005 0.871759 0.872509
310.000000 0.868225 0.868177 : 0.867498 0.868186 0.868991
320.000000 0.865048 0.864997 : 0.864345 0.864968 0.865831
330.000000 0.861731 0.861677 : 0.861056 0.861607 0.862530
340.000000 0.858605 0.858548 : 0.857957 0.858436 0.859422
350.000000 0.855332 0.855272 : 0.854717 0.855117 0.856160
360.000000 0.852438 0.852376 : 0.851851 0.852177 0.853287
370.000000 0.849415 0.849350 : 0.848857 0.849103 0.850285
380.000000 0.846210 0.846143 : 0.845683 0.845852 0.847096
390.000000 0.843391 0.843321 : 0.842898 0.842988 0.844288
400.000000 0.840425 0.840351 : 0.839965 0.839970 0.841339
410.000000 0.837702 0.837626 : 0.837267 0.837206 0.838633
420.000000 0.834758 0.834679 : 0.834357 0.834216 0.835701
430.000000 0.832184 0.832101 : 0.831814 0.831598 0.833139
440.000000 0.829602 0.829516 : 0.829265 0.828974 0.830568
450.000000 0.826863 0.826774 : 0.826559 0.826192 0.827838
460.000000 0.824348 0.824255 : 0.824076 0.823634 0.825332
470.000000 0.821688 0.821591 : 0.821451 0.820931 0.822681
480.000000 0.819224 0.819124 : 0.819019 0.818424 0.820228
490.000000 0.816637 0.816533 : 0.816468 0.815794 0.817650
500.000000 0.814170 0.814063 : 0.814029 0.813285 0.815195
510.000000 0.811651 0.811541 : 0.811540 0.810724 0.812688
520.000000 0.809154 0.809041 : 0.809079 0.808181 0.810202
530.000000 0.806782 0.806665 : 0.806738 0.805765 0.807845
540.000000 0.804253 0.804133 : 0.804239 0.803191 0.805330
550.000000 0.801864 0.801741 : 0.801878 0.800755 0.802959
560.000000 0.799473 0.799347 : 0.799515 0.798317 0.800586
570.000000 0.797193 0.797064 : 0.797265 0.795994 0.798321
580.000000 0.794790 0.794658 : 0.794891 0.793544 0.795936
590.000000 0.792537 0.792401 : 0.792670 0.791240 0.793700
600.000000 0.790276 0.790137 : 0.790445 0.788932 0.791451
610.000000 0.787944 0.787801 : 0.788149 0.786550 0.789132
620.000000 0.785770 0.785623 : 0.786009 0.784329 0.786973
630.000000 0.783517 0.783365 : 0.783791 0.782025 0.784734
640.000000 0.781340 0.781184 : 0.781649 0.779801 0.782569
650.000000 0.779106 0.778946 : 0.779448 0.777516 0.780352
660.000000 0.776990 0.776827 : 0.777365 0.775350 0.778255
670.000000 0.774820 0.774653 : 0.775231 0.773128 0.776101
680.000000 0.772635 0.772464 : 0.773075 0.770892 0.773937
690.000000 0.770532 0.770358 : 0.771002 0.768738 0.771855
700.000000 0.768392 0.768216 : 0.768893 0.766545 0.769739
710.000000 0.766301 0.766122 : 0.766831 0.764403 0.767670
720.000000 0.764182 0.764002 : 0.764739 0.762233 0.765576
730.000000 0.762122 0.761939 : 0.762707 0.760121 0.763537
740.000000 0.760038 0.759853 : 0.760650 0.757986 0.761477
750.000000 0.757967 0.757780 : 0.758607 0.755869 0.759427
760.000000 0.755940 0.755750 : 0.756608 0.753795 0.757416
770.000000 0.753908 0.753715 : 0.754604 0.751715 0.755405
780.000000 0.751872 0.751676 : 0.752594 0.749634 0.753387
790.000000 0.749843 0.749644 : 0.750593 0.747562 0.751373
800.000000 0.747899 0.747696 : 0.748677 0.745575 0.749443
810.000000 0.745900 0.745695 : 0.746708 0.743531 0.747462
820.000000 0.743897 0.743689 : 0.744734 0.741488 0.745470
830.000000 0.741950 0.741739 : 0.742816 0.739498 0.743535
840.000000 0.740025 0.739811 : 0.740921 0.737529 0.741625
850.000000 0.738089 0.737874 : 0.739017 0.735548 0.739703
860.000000 0.736139 0.735921 : 0.737095 0.733555 0.737766
870.000000 0.734250 0.734030 : 0.735236 0.731620 0.735893
880.000000 0.732355 0.732133 : 0.733373 0.729681 0.734011
890.000000 0.730484 0.730259 : 0.731534 0.727766 0.732152
900.000000 0.728608 0.728380 : 0.729688 0.725844 0.730291
910.000000 0.726742 0.726512 : 0.727854 0.723935 0.728437
920.000000 0.724910 0.724676 : 0.726053 0.722059 0.726618
930.000000 0.723088 0.722851 : 0.724260 0.720194 0.724809
940.000000 0.721275 0.721035 : 0.722478 0.718340 0.723006
950.000000 0.719442 0.719199 : 0.720675 0.716467 0.721183
960.000000 0.717662 0.717416 : 0.718927 0.714648 0.719411
970.000000 0.715892 0.715641 : 0.717189 0.712838 0.717649
980.000000 0.714109 0.713855 : 0.715437 0.711018 0.715873
990.000000 0.712336 0.712077 : 0.713695 0.709207 0.714107
1000.000000 0.710593 0.710330 : 0.711982 0.707428 0.712369
1010.000000 0.708865 0.708597 : 0.710286 0.705664 0.710646
1020.000000 0.707125 0.706852 : 0.708573 0.703888 0.708912
1030.000000 0.705427 0.705149 : 0.706905 0.702156 0.707219
1040.000000 0.703726 0.703443 : 0.705233 0.700421 0.705525
1050.000000 0.702030 0.701743 : 0.703565 0.698690 0.703835
1060.000000 0.700371 0.700079 : 0.701933 0.696995 0.702183
1070.000000 0.698716 0.698421 : 0.700305 0.695308 0.700535
1080.000000 0.697060 0.696760 : 0.698675 0.693618 0.698886
1090.000000 0.695423 0.695120 : 0.697066 0.691948 0.697254
1100.000000 0.693816 0.693509 : 0.695490 0.690309 0.695651
1110.000000 0.692195 0.691884 : 0.693896 0.688656 0.694034
1120.000000 0.690592 0.690276 : 0.692322 0.687022 0.692430
1130.000000 0.689011 0.688691 : 0.690773 0.685411 0.690847
1140.000000 0.687426 0.687103 : 0.689220 0.683799 0.689260
1150.000000 0.685860 0.685532 : 0.687687 0.682204 0.687690
1160.000000 0.684308 0.683975 : 0.686169 0.680623 0.686132
1170.000000 0.682757 0.682420 : 0.684655 0.679042 0.684575
1180.000000 0.681209 0.680867 : 0.683143 0.677463 0.683023
1190.000000 0.679688 0.679340 : 0.681658 0.675911 0.681494
1200.000000 0.678167 0.677814 : 0.680174 0.674360 0.679968
1210.000000 0.676656 0.676297 : 0.678697 0.672818 0.678451
1220.000000 0.675155 0.674791 : 0.677232 0.671288 0.676945
1230.000000 0.673659 0.673291 : 0.675770 0.669762 0.675446
1240.000000 0.672181 0.671808 : 0.674326 0.668254 0.673963
1250.000000 0.670704 0.670326 : 0.672884 0.666747 0.672482
1260.000000 0.669235 0.668851 : 0.671449 0.665248 0.671007
1270.000000 0.667770 0.667382 : 0.670019 0.663754 0.669536
1280.000000 0.666323 0.665930 : 0.668605 0.662279 0.668085
1290.000000 0.664879 0.664481 : 0.667194 0.660805 0.666638
1300.000000 0.663439 0.663036 : 0.665788 0.659337 0.665192
1310.000000 0.662009 0.661600 : 0.664391 0.657877 0.663758
1320.000000 0.660577 0.660163 : 0.662991 0.656418 0.662322
1330.000000 0.659165 0.658746 : 0.661611 0.654977 0.660906
1340.000000 0.657755 0.657331 : 0.660233 0.653540 0.659492
1350.000000 0.656341 0.655911 : 0.658850 0.652098 0.658076
1360.000000 0.654946 0.654510 : 0.657484 0.650675 0.656679
1370.000000 0.653567 0.653126 : 0.656133 0.649269 0.655300
1380.000000 0.652186 0.651739 : 0.654782 0.647858 0.653919
1390.000000 0.650806 0.650353 : 0.653429 0.646451 0.652538
1400.000000 0.649445 0.648986 : 0.652095 0.645060 0.651179
1410.000000 0.648087 0.647623 : 0.650764 0.643673 0.649823
1420.000000 0.646729 0.646260 : 0.649433 0.642285 0.648469
1430.000000 0.645383 0.644908 : 0.648113 0.640909 0.647126
1440.000000 0.644041 0.643561 : 0.646798 0.639536 0.645790
1450.000000 0.642701 0.642215 : 0.645484 0.638163 0.644455
1460.000000 0.641372 0.640880 : 0.644182 0.636802 0.643133
1470.000000 0.640049 0.639551 : 0.642885 0.635444 0.641818
1480.000000 0.638725 0.638220 : 0.641585 0.634087 0.640502
1490.000000 0.637414 0.636902 : 0.640300 0.632743 0.639199
1500.000000 0.636110 0.635592 : 0.639020 0.631406 0.637904
1510.000000 0.634809 0.634285 : 0.637746 0.630071 0.636611
1520.000000 0.633515 0.632983 : 0.636477 0.628744 0.635322
1530.000000 0.632227 0.631688 : 0.635215 0.627424 0.634041
1540.000000 0.630945 0.630400 : 0.633960 0.626111 0.632765
1550.000000 0.629669 0.629117 : 0.632709 0.624807 0.631493
1560.000000 0.628400 0.627841 : 0.631463 0.623510 0.630227
1570.000000 0.627132 0.626565 : 0.630218 0.622213 0.628964
1580.000000 0.625870 0.625296 : 0.628978 0.620925 0.627706
1590.000000 0.624616 0.624035 : 0.627748 0.619644 0.626457
1600.000000 0.623365 0.622777 : 0.626519 0.618366 0.625211
1610.000000 0.622121 0.621525 : 0.625296 0.617094 0.623972
1620.000000 0.620882 0.620280 : 0.624078 0.615829 0.622740
1630.000000 0.619649 0.619040 : 0.622864 0.614569 0.621514
1640.000000 0.618417 0.617801 : 0.621650 0.613312 0.620289
1650.000000 0.617192 0.616569 : 0.620441 0.612064 0.619072
1660.000000 0.615975 0.615345 : 0.619241 0.610823 0.617862
1670.000000 0.614762 0.614124 : 0.618042 0.609588 0.616657
1680.000000 0.613554 0.612908 : 0.616846 0.608359 0.615457
1690.000000 0.612354 0.611700 : 0.615658 0.607139 0.614266
1700.000000 0.611161 0.610498 : 0.614473 0.605924 0.613085
1710.000000 0.609968 0.609296 : 0.613290 0.604712 0.611902
1720.000000 0.608780 0.608099 : 0.612111 0.603504 0.610724
1730.000000 0.607601 0.606910 : 0.610941 0.602306 0.609556
1740.000000 0.606425 0.605724 : 0.609772 0.601110 0.608393
1750.000000 0.605250 0.604540 : 0.608605 0.599917 0.607229
1760.000000 0.604086 0.603366 : 0.607450 0.598735 0.606074
1770.000000 0.602930 0.602200 : 0.606300 0.597560 0.604930
1780.000000 0.601775 0.601037 : 0.605152 0.596390 0.603784
1790.000000 0.600621 0.599874 : 0.604007 0.595221 0.602637
1800.000000 0.599476 0.598720 : 0.602869 0.594058 0.601501
1810.000000 0.598334 0.597570 : 0.601735 0.592899 0.600369
1820.000000 0.597196 0.596424 : 0.600604 0.591744 0.599239
1830.000000 0.596067 0.595287 : 0.599482 0.590600 0.598118
1840.000000 0.594941 0.594153 : 0.598364 0.589459 0.596999
1850.000000 0.593820 0.593024 : 0.597248 0.588325 0.595886
1860.000000 0.592703 0.591899 : 0.596135 0.587199 0.594775
1870.000000 0.591592 0.590780 : 0.595029 0.586075 0.593671
1880.000000 0.590484 0.589665 : 0.593925 0.584958 0.592567
1890.000000 0.589378 0.588552 : 0.592824 0.583842 0.591468
1900.000000 0.588284 0.587450 : 0.591732 0.582739 0.590381
1910.000000 0.587189 0.586347 : 0.590640 0.581637 0.589291
1920.000000 0.586100 0.585250 : 0.589554 0.580538 0.588208
1930.000000 0.585015 0.584157 : 0.588471 0.579445 0.587128
1940.000000 0.583937 0.583071 : 0.587398 0.578358 0.586055
1950.000000 0.582863 0.581988 : 0.586328 0.577275 0.584986
1960.000000 0.581791 0.580907 : 0.585262 0.576193 0.583917
1970.000000 0.580727 0.579835 : 0.584203 0.575120 0.582857
1980.000000 0.579665 0.578764 : 0.583146 0.574052 0.581797
1990.000000 0.578611 0.577701 : 0.582097 0.572990 0.580745
2000.000000 0.577561 0.576643 : 0.581051 0.571935 0.579697
5000.000000 0.416246 0.415253 : 0.398799 0.402366 0.447574
10000.000000 0.292324 0.290053 : 0.261919 0.267723 0.347330
15000.000000 0.222812 0.218835 : 0.183300 0.188827 0.296308
20000.000000 0.176273 0.170005 : 0.129480 0.135677 0.263662
25000.000000 0.142909 0.133941 : 0.091213 0.097420 0.240093
30000.000000 0.118926 0.106868 : 0.063828 0.070235 0.222716
35000.000000 0.101422 0.086523 : 0.044422 0.050878 0.208967
40000.000000 0.088509 0.070826 : 0.030593 0.036945 0.197990
45000.000000 0.078776 0.058665 : 0.020648 0.027054 0.188627
50000.000000 0.071749 0.049221 : 0.014168 0.020369 0.180710
55000.000000 0.066550 0.041961 : 0.009443 0.015722 0.174484
60000.000000 0.062579 0.035995 : 0.006280 0.012682 0.168775
65000.000000 0.059576 0.031451 : 0.004070 0.010678 0.163981
70000.000000 0.057232 0.027717 : 0.002771 0.009108 0.159818
75000.000000 0.055142 0.024550 : 0.001772 0.007509 0.156145
80000.000000 0.053535 0.021997 : 0.001314 0.006649 0.152641
85000.000000 0.052070 0.019801 : 0.001058 0.005848 0.149306
90000.000000 0.051046 0.017898 : 0.001016 0.005249 0.146871
95000.000000 0.049671 0.016244 : 0.000483 0.004512 0.144016
100000.000000 0.048645 0.014884 : 0.000533 0.003820 0.141583
105000.000000 0.048000 0.013705 : 0.000721 0.003795 0.139483
110000.000000 0.047083 0.012697 : 0.000595 0.003260 0.137394
115000.000000 0.046143 0.011732 : 0.000439 0.002609 0.135381
120000.000000 0.045223 0.010909 : -0.000007 0.002265 0.133412
125000.000000 0.044413 0.010140 : -0.000694 0.002117 0.131816
130000.000000 0.043555 0.009419 : -0.000924 0.001752 0.129836
135000.000000 0.042757 0.008766 : -0.001438 0.001467 0.128241
140000.000000 0.041904 0.008125 : -0.001800 0.000897 0.126614
145000.000000 0.041205 0.007609 : -0.002112 0.000472 0.125256
150000.000000 0.040675 0.007195 : -0.002231 0.000277 0.123980
155000.000000 0.040350 0.006842 : -0.002045 0.000154 0.122942
160000.000000 0.039958 0.006519 : -0.001958 0.000293 0.121539
165000.000000 0.039592 0.006261 : -0.001924 0.000064 0.120637
170000.000000 0.039329 0.005939 : -0.001416 -0.000152 0.119556
175000.000000 0.038776 0.005673 : -0.001293 -0.000594 0.118214
180000.000000 0.038462 0.005409 : -0.001049 -0.000920 0.117355
185000.000000 0.038342 0.005154 : -0.000471 -0.001112 0.116610
190000.000000 0.038042 0.004970 : -0.000461 -0.001008 0.115594
195000.000000 0.037714 0.004749 : -0.000208 -0.001179 0.114530
200000.000000 0.037546 0.004521 : -0.000440 -0.000565 0.113643
205000.000000 0.037244 0.004319 : -0.000473 -0.000526 0.112731
210000.000000 0.037111 0.004205 : -0.000397 -0.000127 0.111855
215000.000000 0.037018 0.004047 : -0.000157 0.000006 0.111204
220000.000000 0.036837 0.003955 : 0.000008 0.000315 0.110188
225000.000000 0.036561 0.003831 : 0.000060 0.000370 0.109254
230000.000000 0.036362 0.003739 : 0.000004 0.000531 0.108552
235000.000000 0.036282 0.003635 : 0.000217 0.000850 0.107781
240000.000000 0.036184 0.003586 : 0.000358 0.000953 0.107239
245000.000000 0.035977 0.003475 : 0.000298 0.000892 0.106741
250000.000000 0.035810 0.003372 : 0.000289 0.000925 0.106216
255000.000000 0.035649 0.003264 : 0.000302 0.000955 0.105689
260000.000000 0.035142 0.003075 : 0.000025 0.000676 0.104725
265000.000000 0.034847 0.002909 : 0.000087 0.000502 0.103952
270000.000000 0.034638 0.002806 : 0.000322 0.000314 0.103277
275000.000000 0.034399 0.002714 : 0.000324 0.000220 0.102654
280000.000000 0.034223 0.002686 : 0.000452 0.000175 0.102041
285000.000000 0.034065 0.002628 : 0.000566 0.000227 0.101403
290000.000000 0.033907 0.002615 : 0.000563 0.000576 0.100584
295000.000000 0.033698 0.002559 : 0.000440 0.000375 0.100280
300000.000000 0.033412 0.002454 : 0.000216 0.000105 0.099915
305000.000000 0.033008 0.002382 : -0.000154 -0.000232 0.099411
310000.000000 0.032932 0.002303 : 0.000275 -0.000419 0.098940
315000.000000 0.032780 0.002183 : 0.000389 -0.000407 0.098358
320000.000000 0.032748 0.002094 : 0.000829 -0.000586 0.098000
325000.000000 0.032532 0.002030 : 0.000833 -0.000559 0.097322
330000.000000 0.032602 0.002006 : 0.001233 -0.000244 0.096817
335000.000000 0.032578 0.002034 : 0.001284 -0.000011 0.096461
340000.000000 0.032509 0.002079 : 0.001273 0.000308 0.095946
345000.000000 0.032389 0.002093 : 0.001247 0.000246 0.095676
350000.000000 0.032135 0.002130 : 0.001320 0.000263 0.094823
355000.000000 0.032005 0.002142 : 0.000881 0.000348 0.094787
360000.000000 0.031780 0.002143 : 0.000503 0.000489 0.094347
365000.000000 0.031600 0.002163 : 0.000290 0.000580 0.093929
370000.000000 0.031552 0.002166 : 0.000153 0.000522 0.093982
375000.000000 0.031194 0.002157 : -0.000477 0.000491 0.093567
380000.000000 0.030913 0.002176 : -0.001022 0.000427 0.093333
385000.000000 0.030797 0.002156 : -0.001069 0.000770 0.092691
390000.000000 0.030572 0.002147 : -0.001287 0.000829 0.092173
395000.000000 0.030502 0.002120 : -0.001325 0.000932 0.091897
400000.000000 0.030255 0.002096 : -0.001401 0.000616 0.091548
405000.000000 0.030092 0.002082 : -0.001177 0.000588 0.090867
410000.000000 0.029760 0.002060 : -0.001306 0.000031 0.090557
415000.000000 0.029545 0.002043 : -0.001366 -0.000243 0.090243
420000.000000 0.029384 0.001999 : -0.001510 -0.000272 0.089934
425000.000000 0.029171 0.001919 : -0.001689 -0.000559 0.089760
430000.000000 0.029012 0.001853 : -0.001725 -0.000816 0.089577
435000.000000 0.028821 0.001767 : -0.001679 -0.000791 0.088934
440000.000000 0.028638 0.001731 : -0.001558 -0.000966 0.088437
445000.000000 0.028598 0.001692 : -0.001521 -0.000765 0.088080
450000.000000 0.028527 0.001662 : -0.001577 -0.000743 0.087900
455000.000000 0.028471 0.001652 : -0.001299 -0.000847 0.087560
460000.000000 0.028358 0.001644 : -0.001185 -0.001031 0.087291
465000.000000 0.028205 0.001632 : -0.001154 -0.001056 0.086826
470000.000000 0.028186 0.001595 : -0.001178 -0.000769 0.086505
475000.000000 0.028067 0.001542 : -0.001311 -0.000725 0.086238
480000.000000 0.028103 0.001515 : -0.000867 -0.000443 0.085619
485000.000000 0.028055 0.001496 : -0.000762 -0.000408 0.085336
490000.000000 0.028014 0.001464 : -0.000447 -0.000502 0.084991
495000.000000 0.027881 0.001433 : -0.000513 -0.000512 0.084669
500000.000000 0.027760 0.001407 : -0.000326 -0.000610 0.084216
505000.000000 0.027666 0.001416 : -0.000473 -0.000501 0.083971
510000.000000 0.027654 0.001375 : -0.000281 -0.000608 0.083851
515000.000000 0.027577 0.001384 : -0.000367 -0.000442 0.083538
520000.000000 0.027580 0.001371 : -0.000277 -0.000340 0.083356
525000.000000 0.027371 0.001322 : -0.000286 -0.000453 0.082854
530000.000000 0.027351 0.001300 : -0.000112 -0.000141 0.082307
535000.000000 0.027211 0.001279 : -0.000335 0.000239 0.081730
540000.000000 0.027216 0.001254 : -0.000185 0.000393 0.081441
545000.000000 0.027191 0.001239 : -0.000125 0.000679 0.081019
550000.000000 0.026926 0.001237 : -0.000266 0.000371 0.080673
555000.000000 0.026871 0.001236 : -0.000296 0.000404 0.080504
560000.000000 0.026775 0.001272 : -0.000294 0.000598 0.080020
565000.000000 0.026672 0.001249 : -0.000405 0.000601 0.079819
570000.000000 0.026576 0.001266 : -0.000315 0.000431 0.079611
575000.000000 0.026543 0.001284 : -0.000211 0.000570 0.079269
580000.000000 0.026452 0.001276 : -0.000623 0.000963 0.079016
585000.000000 0.026291 0.001274 : -0.000453 0.000864 0.078462
590000.000000 0.026253 0.001284 : -0.000209 0.000900 0.078067
595000.000000 0.026156 0.001276 : -0.000373 0.001055 0.077786
600000.000000 0.026120 0.001231 : -0.000291 0.001113 0.077540
605000.000000 0.026039 0.001196 : -0.000278 0.001325 0.077071
610000.000000 0.025872 0.001175 : -0.000328 0.001189 0.076755
615000.000000 0.025659 0.001141 : -0.000279 0.000837 0.076420
620000.000000 0.025466 0.001074 : -0.000032 0.000343 0.076086
625000.000000 0.025418 0.001090 : -0.000169 0.000571 0.075853
630000.000000 0.025305 0.001081 : -0.000144 0.000508 0.075552
635000.000000 0.025095 0.001090 : -0.000090 0.000202 0.075173
640000.000000 0.024901 0.001100 : -0.000002 -0.000046 0.074751
645000.000000 0.025012 0.001085 : 0.000306 0.000008 0.074721
650000.000000 0.024803 0.001065 : 0.000024 -0.000071 0.074455
655000.000000 0.024839 0.001045 : 0.000063 0.000031 0.074422
660000.000000 0.024830 0.000992 : 0.000355 -0.000075 0.074208
665000.000000 0.024704 0.000970 : 0.000513 -0.000123 0.073722
670000.000000 0.024603 0.000913 : 0.000384 -0.000212 0.073637
675000.000000 0.024420 0.000903 : 0.000416 -0.000327 0.073173
680000.000000 0.024345 0.000866 : 0.000054 0.000005 0.072975
685000.000000 0.024064 0.000846 : -0.000317 -0.000221 0.072731
690000.000000 0.023946 0.000833 : -0.000235 -0.000178 0.072252
695000.000000 0.023897 0.000839 : -0.000204 -0.000219 0.072116
700000.000000 0.023668 0.000854 : -0.000397 -0.000525 0.071927
705000.000000 0.023587 0.000871 : -0.000314 -0.000663 0.071740
710000.000000 0.023493 0.000880 : -0.000204 -0.000935 0.071617
715000.000000 0.023318 0.000873 : -0.000136 -0.001257 0.071347
720000.000000 0.023235 0.000880 : -0.000204 -0.001177 0.071087
725000.000000 0.023317 0.000881 : 0.000356 -0.001119 0.070715
730000.000000 0.023241 0.000852 : 0.000405 -0.001037 0.070355
735000.000000 0.023047 0.000833 : -0.000171 -0.000858 0.070170
740000.000000 0.022871 0.000817 : -0.000223 -0.001160 0.069995
745000.000000 0.022810 0.000823 : -0.000046 -0.001243 0.069720
750000.000000 0.022620 0.000832 : -0.000227 -0.001138 0.069224
755000.000000 0.022573 0.000827 : -0.000392 -0.000960 0.069071
760000.000000 0.022579 0.000826 : -0.000405 -0.000697 0.068839
765000.000000 0.022503 0.000817 : -0.000382 -0.000690 0.068581
770000.000000 0.022534 0.000823 : 0.000121 -0.000668 0.068148
775000.000000 0.022461 0.000819 : 0.000241 -0.000834 0.067976
780000.000000 0.022576 0.000791 : 0.000406 -0.000720 0.068042
785000.000000 0.022559 0.000785 : 0.000597 -0.000646 0.067725
790000.000000 0.022474 0.000792 : 0.000267 -0.000439 0.067592
795000.000000 0.022565 0.000801 : 0.000423 -0.000243 0.067516
800000.000000 0.022585 0.000788 : 0.000396 -0.000051 0.067408
805000.000000 0.022608 0.000819 : 0.000673 -0.000065 0.067215
810000.000000 0.022659 0.000829 : 0.000614 0.000062 0.067302
815000.000000 0.022580 0.000804 : 0.000767 0.000140 0.066832
820000.000000 0.022473 0.000796 : 0.000930 -0.000144 0.066633
825000.000000 0.022481 0.000822 : 0.000928 0.000176 0.066339
830000.000000 0.022539 0.000835 : 0.001215 0.000579 0.065821
835000.000000 0.022537 0.000856 : 0.001115 0.000678 0.065817
840000.000000 0.022385 0.000845 : 0.001011 0.000799 0.065345
845000.000000 0.022665 0.000860 : 0.001296 0.001285 0.065413
850000.000000 0.022682 0.000861 : 0.001219 0.001371 0.065457
855000.000000 0.022546 0.000863 : 0.001190 0.001250 0.065196
860000.000000 0.022442 0.000843 : 0.001036 0.001448 0.064841
865000.000000 0.022403 0.000841 : 0.000964 0.001501 0.064745
870000.000000 0.022184 0.000841 : 0.000656 0.001240 0.064657
875000.000000 0.022032 0.000802 : 0.000564 0.000952 0.064580
880000.000000 0.021977 0.000748 : 0.000750 0.000942 0.064239
885000.000000 0.021650 0.000724 : 0.000319 0.000522 0.064108
890000.000000 0.021501 0.000705 : 0.000190 0.000510 0.063804
895000.000000 0.021391 0.000696 : 0.000286 0.000369 0.063519
900000.000000 0.021189 0.000652 : -0.000004 0.000249 0.063321
905000.000000 0.021154 0.000677 : 0.000022 0.000264 0.063176
910000.000000 0.021070 0.000634 : -0.000064 0.000218 0.063057
915000.000000 0.021071 0.000632 : 0.000051 0.000119 0.063042
920000.000000 0.020881 0.000626 : 0.000100 0.000035 0.062507
925000.000000 0.020784 0.000622 : -0.000073 0.000055 0.062370
930000.000000 0.020803 0.000603 : 0.000026 0.000098 0.062284
935000.000000 0.020674 0.000599 : -0.000354 0.000097 0.062281
940000.000000 0.020751 0.000604 : -0.000300 0.000269 0.062285
945000.000000 0.020670 0.000586 : -0.000365 0.000071 0.062302
950000.000000 0.020535 0.000601 : -0.000272 -0.000094 0.061971
955000.000000 0.020489 0.000626 : -0.000342 0.000094 0.061715
960000.000000 0.020437 0.000645 : -0.000413 0.000222 0.061501
965000.000000 0.020368 0.000681 : -0.000274 0.000500 0.060880
970000.000000 0.020166 0.000677 : -0.000445 0.000341 0.060603
975000.000000 0.020110 0.000675 : -0.000511 0.000290 0.060551
980000.000000 0.020134 0.000678 : -0.000406 0.000557 0.060250
985000.000000 0.020037 0.000663 : -0.000643 0.000476 0.060278
990000.000000 0.020055 0.000652 : -0.000368 0.000333 0.060201
995000.000000 0.019932 0.000653 : -0.000490 0.000212 0.060074
1000000.000000 0.019933 0.000650 : -0.000414 0.000394 0.059820
