0.000000 1.000000 1.000000 : 1.000000 1.000000 1.000000
10.000000 0.989975 0.989975 : 0.989978 0.989949 0.989999
20.000000 0.983497 0.983497 : 0.983513 0.983513 0.983465
30.000000 0.973895 0.973895 : 0.973843 0.973933 0.973909
40.000000 0.962692 0.962692 : 0.962553 0.962749 0.962774
50.000000 0.950967 0.950966 : 0.950761 0.951078 0.951061
60.000000 0.939703 0.939701 : 0.939392 0.939868 0.939848
70.000000 0.931768 0.931764 : 0.931343 0.931996 0.931966
80.000000 0.919980 0.919973 : 0.919449 0.920248 0.920242
90.000000 0.911955 0.911945 : 0.911316 0.912270 0.912278
100.000000 0.902721 0.902707 : 0.902030 0.903106 0.903025
110.000000 0.894636 0.894619 : 0.893843 0.895055 0.895009
120.000000 0.888384 0.888364 : 0.887505 0.888832 0.888815
130.000000 0.881508 0.881485 : 0.880568 0.881988 0.881968
140.000000 0.874208 0.874182 : 0.873207 0.874706 0.874712
150.000000 0.866737 0.866706 : 0.865679 0.867256 0.867277
160.000000 0.859699 0.859664 : 0.858584 0.860222 0.860290
170.000000 0.851533 0.851493 : 0.850361 0.852064 0.852174
180.000000 0.844340 0.844295 : 0.843125 0.844873 0.845022
190.000000 0.836161 0.836109 : 0.834914 0.836676 0.836893
200.000000 0.828633 0.828575 : 0.827369 0.829124 0.829408
210.000000 0.821765 0.821699 : 0.820474 0.822212 0.822609
220.000000 0.814199 0.814124 : 0.812900 0.814605 0.815091
230.000000 0.807206 0.807123 : 0.805927 0.807575 0.808117
240.000000 0.799760 0.799667 : 0.798476 0.800075 0.800730
250.000000 0.793618 0.793516 : 0.792346 0.793884 0.794624
260.000000 0.786865 0.786752 : 0.785624 0.787082 0.787890
270.000000 0.780860 0.780738 : 0.779653 0.781013 0.781914
280.000000 0.775133 0.775001 : 0.773960 0.775219 0.776221
290.000000 0.769449 0.769307 : 0.768299 0.769468 0.770581
300.000000 0.764129 0.763977 : 0.763024 0.764068 0.765294
310.000000 0.758291 0.758129 : 0.757241 0.758153 0.759478
320.000000 0.753075 0.752904 : 0.752075 0.752859 0.754293
330.000000 0.747661 0.747480 : 0.746716 0.747361 0.748905
340.000000 0.742571 0.742381 : 0.741677 0.742187 0.743849
350.000000 0.737246 0.737047 : 0.736418 0.736776 0.738544
360.000000 0.732621 0.732414 : 0.731844 0.732062 0.733956
370.000000 0.727752 0.727538 : 0.727030 0.727098 0.729127
380.000000 0.722610 0.722388 : 0.721947 0.721869 0.724014
390.000000 0.718125 0.717896 : 0.717522 0.717299 0.719552
400.000000 0.713411 0.713175 : 0.712869 0.712492 0.714873
410.000000 0.709122 0.708878 : 0.708623 0.708126 0.710617
420.000000 0.704450 0.704197 : 0.704010 0.703370 0.705970
430.000000 0.700435 0.700173 : 0.700049 0.699275 0.701982
440.000000 0.696411 0.696139 : 0.696080 0.695171 0.697982
450.000000 0.692135 0.691853 : 0.691861 0.690817 0.693729
460.000000 0.688235 0.687944 : 0.688013 0.686839 0.689853
470.000000 0.684111 0.683808 : 0.683945 0.682636 0.685751
480.000000 0.680322 0.680011 : 0.680207 0.678768 0.681992
490.000000 0.676338 0.676017 : 0.676280 0.674704 0.678030
500.000000 0.672559 0.672228 : 0.672544 0.670850 0.674282
510.000000 0.668707 0.668368 : 0.668738 0.666921 0.670461
520.000000 0.664911 0.664564 : 0.664998 0.663042 0.666694
530.000000 0.661320 0.660965 : 0.661451 0.659371 0.663139
540.000000 0.657488 0.657125 : 0.657663 0.655459 0.659343
550.000000 0.653883 0.653512 : 0.654097 0.651770 0.655781
560.000000 0.650295 0.649917 : 0.650552 0.648098 0.652237
570.000000 0.646890 0.646504 : 0.647187 0.644614 0.648869
580.000000 0.643290 0.642896 : 0.643628 0.640929 0.645312
590.000000 0.639953 0.639550 : 0.640339 0.637503 0.642017
600.000000 0.636597 0.636185 : 0.637034 0.634062 0.638696
610.000000 0.633142 0.632720 : 0.633632 0.630517 0.635277
620.000000 0.629949 0.629517 : 0.630486 0.627238 0.632123
630.000000 0.626635 0.626190 : 0.627222 0.623834 0.628850
640.000000 0.623446 0.622990 : 0.624081 0.620561 0.625697
650.000000 0.620178 0.619710 : 0.620857 0.617201 0.622475
660.000000 0.617111 0.616631 : 0.617833 0.614042 0.619458
670.000000 0.613958 0.613469 : 0.614728 0.610796 0.616351
680.000000 0.610792 0.610294 : 0.611598 0.607538 0.613240
690.000000 0.607764 0.607257 : 0.608607 0.604416 0.610268
700.000000 0.604684 0.604169 : 0.605565 0.601239 0.607248
710.000000 0.601685 0.601164 : 0.602599 0.598148 0.604308
720.000000 0.598656 0.598129 : 0.599600 0.595028 0.601340
730.000000 0.595719 0.595188 : 0.596696 0.592001 0.598460
740.000000 0.592753 0.592217 : 0.593761 0.588944 0.595553
750.000000 0.589818 0.589276 : 0.590857 0.585927 0.592671
760.000000 0.586956 0.586407 : 0.588028 0.582984 0.589855
770.000000 0.584094 0.583538 : 0.585197 0.580039 0.587046
780.000000 0.581223 0.580658 : 0.582354 0.577093 0.584222
790.000000 0.578377 0.577804 : 0.579539 0.574175 0.581418
800.000000 0.575670 0.575087 : 0.576862 0.571397 0.578751
810.000000 0.572880 0.572290 : 0.574103 0.568534 0.576004
820.000000 0.570090 0.569491 : 0.571343 0.565678 0.573249
830.000000 0.567392 0.566786 : 0.568677 0.562910 0.570591
840.000000 0.564741 0.564128 : 0.566058 0.560183 0.567981
850.000000 0.562071 0.561453 : 0.563422 0.557438 0.565354
860.000000 0.559385 0.558761 : 0.560765 0.554678 0.562711
870.000000 0.556798 0.556168 : 0.558211 0.552013 0.560170
880.000000 0.554211 0.553577 : 0.555661 0.549349 0.557624
890.000000 0.551666 0.551025 : 0.553150 0.546728 0.555120
900.000000 0.549112 0.548464 : 0.550629 0.544096 0.552612
910.000000 0.546583 0.545928 : 0.548134 0.541491 0.550125
920.000000 0.544109 0.543447 : 0.545694 0.538939 0.547694
930.000000 0.541656 0.540987 : 0.543272 0.536413 0.545284
940.000000 0.539217 0.538540 : 0.540867 0.533901 0.542883
950.000000 0.536756 0.536071 : 0.538437 0.531371 0.540459
960.000000 0.534381 0.533687 : 0.536096 0.528927 0.538119
970.000000 0.532023 0.531320 : 0.533771 0.526499 0.535798
980.000000 0.529653 0.528940 : 0.531432 0.524063 0.533464
990.000000 0.527300 0.526575 : 0.529108 0.521643 0.531149
1000.000000 0.524999 0.524263 : 0.526835 0.519280 0.528883
1010.000000 0.522726 0.521977 : 0.524590 0.516944 0.526645
1020.000000 0.520439 0.519676 : 0.522323 0.514597 0.524396
1030.000000 0.518219 0.517442 : 0.520128 0.512318 0.522211
1040.000000 0.515998 0.515208 : 0.517926 0.510038 0.520030
1050.000000 0.513789 0.512987 : 0.515737 0.507769 0.517862
1060.000000 0.511638 0.510823 : 0.513603 0.505556 0.515754
1070.000000 0.509496 0.508670 : 0.511476 0.503358 0.513653
1080.000000 0.507354 0.506516 : 0.509349 0.501158 0.511554
1090.000000 0.505246 0.504397 : 0.507257 0.498996 0.509485
1100.000000 0.503186 0.502325 : 0.505217 0.496881 0.507459
1110.000000 0.501107 0.500234 : 0.503152 0.494751 0.505418
1120.000000 0.499058 0.498173 : 0.501121 0.492654 0.503399
1130.000000 0.497045 0.496148 : 0.499129 0.490593 0.501413
1140.000000 0.495030 0.494122 : 0.497132 0.488533 0.499425
1150.000000 0.493046 0.492125 : 0.495168 0.486506 0.497464
1160.000000 0.491084 0.490150 : 0.493227 0.484498 0.495525
1170.000000 0.489124 0.488178 : 0.491293 0.482493 0.493588
1180.000000 0.487173 0.486213 : 0.489363 0.480494 0.491661
1190.000000 0.485262 0.484288 : 0.487477 0.478536 0.489772
1200.000000 0.483354 0.482366 : 0.485594 0.476581 0.487887
1210.000000 0.481463 0.480461 : 0.483724 0.474642 0.486022
1220.000000 0.479588 0.478572 : 0.481871 0.472720 0.484172
1230.000000 0.477723 0.476695 : 0.480027 0.470805 0.482337
1240.000000 0.475886 0.474845 : 0.478210 0.468923 0.480526
1250.000000 0.474054 0.473000 : 0.476399 0.467043 0.478722
1260.000000 0.472233 0.471166 : 0.474596 0.465177 0.476925
1270.000000 0.470422 0.469341 : 0.472806 0.463324 0.475136
1280.000000 0.468640 0.467547 : 0.471041 0.461500 0.473381
1290.000000 0.466866 0.465760 : 0.469281 0.459683 0.471635
1300.000000 0.465098 0.463978 : 0.467529 0.457872 0.469893
1310.000000 0.463347 0.462214 : 0.465793 0.456079 0.468169
1320.000000 0.461598 0.460451 : 0.464055 0.454292 0.466447
1330.000000 0.459877 0.458717 : 0.462346 0.452531 0.464755
1340.000000 0.458163 0.456988 : 0.460643 0.450779 0.463069
1350.000000 0.456443 0.455254 : 0.458931 0.449019 0.461380
1360.000000 0.454755 0.453550 : 0.457248 0.447293 0.459724
1370.000000 0.453093 0.451873 : 0.455589 0.445592 0.458098
1380.000000 0.451428 0.450193 : 0.453930 0.443886 0.456469
1390.000000 0.449769 0.448518 : 0.452271 0.442192 0.454844
1400.000000 0.448137 0.446872 : 0.450640 0.440521 0.453250
1410.000000 0.446515 0.445235 : 0.449017 0.438860 0.451669
1420.000000 0.444895 0.443601 : 0.447396 0.437198 0.450091
1430.000000 0.443293 0.441985 : 0.445790 0.435555 0.448532
1440.000000 0.441700 0.440378 : 0.444196 0.433918 0.446986
1450.000000 0.440111 0.438775 : 0.442608 0.432282 0.445444
1460.000000 0.438543 0.437191 : 0.441038 0.430665 0.443926
1470.000000 0.436982 0.435615 : 0.439477 0.429052 0.442418
1480.000000 0.435424 0.434040 : 0.437916 0.427446 0.440909
1490.000000 0.433889 0.432487 : 0.436381 0.425861 0.439424
1500.000000 0.432364 0.430945 : 0.434855 0.424286 0.437952
1510.000000 0.430847 0.429411 : 0.433344 0.422717 0.436481
1520.000000 0.429340 0.427885 : 0.431842 0.421160 0.435017
1530.000000 0.427845 0.426371 : 0.430353 0.419616 0.433565
1540.000000 0.426360 0.424868 : 0.428876 0.418085 0.432119
1550.000000 0.424885 0.423374 : 0.427406 0.416568 0.430681
1560.000000 0.423421 0.421891 : 0.425946 0.415063 0.429253
1570.000000 0.421959 0.420410 : 0.424486 0.413560 0.427832
1580.000000 0.420507 0.418941 : 0.423034 0.412068 0.426420
1590.000000 0.419068 0.417484 : 0.421598 0.410585 0.425022
1600.000000 0.417634 0.416032 : 0.420165 0.409109 0.423628
1610.000000 0.416209 0.414591 : 0.418741 0.407641 0.422244
1620.000000 0.414796 0.413161 : 0.417328 0.406188 0.420871
1630.000000 0.413391 0.411741 : 0.415922 0.404744 0.419506
1640.000000 0.411989 0.410324 : 0.414519 0.403304 0.418145
1650.000000 0.410599 0.408918 : 0.413122 0.401879 0.416796
1660.000000 0.409223 0.407524 : 0.411742 0.400468 0.415459
1670.000000 0.407853 0.406137 : 0.410365 0.399066 0.414129
1680.000000 0.406492 0.404757 : 0.408992 0.397676 0.412808
1690.000000 0.405145 0.403391 : 0.407631 0.396301 0.411502
1700.000000 0.403807 0.402033 : 0.406275 0.394936 0.410209
1710.000000 0.402471 0.400677 : 0.404921 0.393577 0.408915
1720.000000 0.401140 0.399326 : 0.403571 0.392223 0.407627
1730.000000 0.399825 0.397989 : 0.402233 0.390885 0.406357
1740.000000 0.398512 0.396655 : 0.400896 0.389548 0.405091
1750.000000 0.397201 0.395323 : 0.399563 0.388218 0.403822
1760.000000 0.395907 0.394009 : 0.398250 0.386904 0.402567
1770.000000 0.394624 0.392705 : 0.396945 0.385602 0.401327
1780.000000 0.393346 0.391408 : 0.395647 0.384308 0.400084
1790.000000 0.392067 0.390111 : 0.394352 0.383013 0.398838
1800.000000 0.390803 0.388829 : 0.393070 0.381729 0.397612
1810.000000 0.389546 0.387554 : 0.391794 0.380450 0.396394
1820.000000 0.388294 0.386285 : 0.390525 0.379177 0.395180
1830.000000 0.387055 0.385029 : 0.389268 0.377919 0.393978
1840.000000 0.385822 0.383779 : 0.388018 0.376668 0.392779
1850.000000 0.384596 0.382537 : 0.386772 0.375427 0.391591
1860.000000 0.383376 0.381300 : 0.385527 0.374199 0.390402
1870.000000 0.382164 0.380074 : 0.384290 0.372974 0.389227
1880.000000 0.380956 0.378852 : 0.383058 0.371759 0.388052
1890.000000 0.379752 0.377634 : 0.381829 0.370543 0.386885
1900.000000 0.378566 0.376435 : 0.380614 0.369349 0.385737
1910.000000 0.377379 0.375235 : 0.379397 0.368155 0.384585
1920.000000 0.376198 0.374042 : 0.378190 0.366964 0.383441
1930.000000 0.375026 0.372857 : 0.376989 0.365783 0.382307
1940.000000 0.373865 0.371681 : 0.375802 0.364609 0.381184
1950.000000 0.372710 0.370513 : 0.374621 0.363442 0.380067
1960.000000 0.371557 0.369345 : 0.373445 0.362273 0.378952
1970.000000 0.370417 0.368190 : 0.372283 0.361120 0.377849
1980.000000 0.369281 0.367038 : 0.371124 0.359973 0.376746
1990.000000 0.368155 0.365897 : 0.369977 0.358835 0.375654
2000.000000 0.367037 0.364763 : 0.368834 0.357710 0.374569
5000.000000 0.220563 0.218188 : 0.198431 0.202001 0.261257
10000.000000 0.132479 0.127710 : 0.100814 0.105006 0.191617
15000.000000 0.092524 0.084895 : 0.056301 0.059816 0.161453
20000.000000 0.070076 0.059393 : 0.031299 0.034807 0.144124
25000.000000 0.056520 0.042736 : 0.017373 0.020079 0.132108
30000.000000 0.048379 0.031655 : 0.009085 0.012303 0.123748
35000.000000 0.043456 0.024399 : 0.005301 0.007772 0.117295
40000.000000 0.040013 0.019278 : 0.002584 0.005034 0.112422
45000.000000 0.037710 0.015634 : 0.001372 0.003571 0.108188
50000.000000 0.036238 0.012966 : 0.001109 0.003100 0.104504
55000.000000 0.034810 0.010998 : 0.000549 0.002116 0.101765
60000.000000 0.033510 0.009377 : 0.000103 0.001638 0.098789
65000.000000 0.032666 0.008328 : 0.000444 0.001165 0.096390
70000.000000 0.031824 0.007376 : 0.000368 0.000869 0.094236
75000.000000 0.031148 0.006542 : 0.000147 0.000456 0.092842
80000.000000 0.030518 0.005849 : 0.000001 0.000620 0.090932
85000.000000 0.029830 0.005249 : -0.000069 0.000345 0.089215
90000.000000 0.029538 0.004731 : 0.000074 0.000553 0.087988
95000.000000 0.029130 0.004317 : 0.000650 0.000203 0.086538
100000.000000 0.028914 0.003981 : 0.000930 0.000592 0.085222
105000.000000 0.028315 0.003608 : 0.000532 0.000323 0.084091
110000.000000 0.027735 0.003344 : 0.000177 0.000006 0.083022
115000.000000 0.027234 0.003053 : -0.000361 -0.000095 0.082158
120000.000000 0.026762 0.002849 : -0.000451 -0.000254 0.080991
125000.000000 0.026362 0.002640 : -0.000508 -0.000353 0.079946
130000.000000 0.025995 0.002456 : -0.000424 -0.000677 0.079086
135000.000000 0.025736 0.002326 : -0.000268 -0.000725 0.078201
140000.000000 0.025537 0.002129 : 0.000066 -0.000693 0.077239
145000.000000 0.025533 0.001971 : 0.000675 -0.000406 0.076329
150000.000000 0.025114 0.001852 : 0.000209 -0.000401 0.075535
155000.000000 0.024910 0.001756 : 0.000386 -0.000484 0.074827
160000.000000 0.024674 0.001616 : 0.000122 -0.000320 0.074221
165000.000000 0.024511 0.001549 : 0.000233 -0.000445 0.073747
170000.000000 0.024367 0.001543 : 0.000481 -0.000569 0.073190
175000.000000 0.024002 0.001453 : 0.000556 -0.000656 0.072105
180000.000000 0.023789 0.001427 : -0.000046 -0.000401 0.071812
185000.000000 0.023576 0.001407 : 0.000046 -0.000675 0.071358
190000.000000 0.023403 0.001388 : -0.000060 -0.000474 0.070742
195000.000000 0.023490 0.001369 : -0.000043 0.000125 0.070387
200000.000000 0.023208 0.001338 : -0.000051 -0.000201 0.069877
205000.000000 0.022922 0.001304 : -0.000252 -0.000151 0.069169
210000.000000 0.022721 0.001263 : -0.000262 -0.000141 0.068566
215000.000000 0.022588 0.001256 : -0.000282 0.000021 0.068026
220000.000000 0.022302 0.001184 : -0.000408 0.000049 0.067265
225000.000000 0.022421 0.001175 : -0.000198 0.000464 0.066996
230000.000000 0.022264 0.001176 : -0.000003 0.000351 0.066443
235000.000000 0.021948 0.001142 : -0.000092 0.000207 0.065729
240000.000000 0.021857 0.001167 : -0.000181 0.000150 0.065601
245000.000000 0.021757 0.001119 : -0.000193 0.000118 0.065347
250000.000000 0.021551 0.001115 : -0.000349 0.000187 0.064814
255000.000000 0.021279 0.001006 : -0.000492 -0.000171 0.064499
260000.000000 0.021080 0.000961 : -0.000528 -0.000126 0.063892
265000.000000 0.021073 0.000936 : -0.000201 -0.000021 0.063440
270000.000000 0.020903 0.000898 : -0.000399 0.000027 0.063081
275000.000000 0.020716 0.000861 : -0.000198 -0.000446 0.062792
280000.000000 0.020710 0.000811 : 0.000066 -0.000372 0.062436
285000.000000 0.020516 0.000794 : -0.000068 -0.000354 0.061969
290000.000000 0.020375 0.000807 : -0.000083 -0.000212 0.061418
295000.000000 0.020362 0.000800 : 0.000053 -0.000149 0.061180
300000.000000 0.020341 0.000748 : 0.000146 -0.000031 0.060908
305000.000000 0.020223 0.000703 : 0.000215 -0.000193 0.060647
310000.000000 0.020030 0.000678 : -0.000028 0.000104 0.060013
315000.000000 0.019944 0.000646 : -0.000133 0.000271 0.059693
320000.000000 0.019889 0.000632 : -0.000009 0.000268 0.059408
325000.000000 0.019822 0.000586 : -0.000105 0.000420 0.059153
330000.000000 0.019591 0.000585 : -0.000013 -0.000017 0.058804
335000.000000 0.019442 0.000596 : -0.000091 0.000006 0.058411
340000.000000 0.019315 0.000589 : 0.000087 -0.000135 0.057994
345000.000000 0.019224 0.000598 : -0.000048 -0.000130 0.057852
350000.000000 0.019040 0.000586 : -0.000020 -0.000369 0.057511
355000.000000 0.018988 0.000564 : 0.000021 -0.000302 0.057245
360000.000000 0.018797 0.000582 : 0.000054 -0.000451 0.056786
365000.000000 0.018642 0.000576 : -0.000355 -0.000392 0.056671
370000.000000 0.018497 0.000615 : -0.000247 -0.000562 0.056299
375000.000000 0.018450 0.000636 : -0.000115 -0.000517 0.055981
380000.000000 0.018351 0.000639 : -0.000070 -0.000467 0.055590
385000.000000 0.018284 0.000634 : -0.000079 -0.000157 0.055087
390000.000000 0.018282 0.000601 : 0.000068 -0.000345 0.055123
395000.000000 0.018335 0.000594 : -0.000048 0.000226 0.054825
400000.000000 0.018103 0.000570 : 0.000058 -0.000248 0.054500
405000.000000 0.018205 0.000599 : 0.000102 0.000161 0.054353
410000.000000 0.018033 0.000549 : -0.000059 0.000033 0.054125
415000.000000 0.017935 0.000588 : -0.000105 0.000151 0.053760
420000.000000 0.017861 0.000570 : -0.000324 0.000498 0.053409
425000.000000 0.017716 0.000571 : -0.000317 0.000299 0.053165
430000.000000 0.017732 0.000554 : -0.000222 0.000339 0.053079
435000.000000 0.017561 0.000536 : -0.000288 0.000308 0.052661
440000.000000 0.017533 0.000516 : -0.000037 0.000185 0.052453
445000.000000 0.017363 0.000515 : -0.000069 -0.000023 0.052182
450000.000000 0.017202 0.000497 : -0.000060 -0.000120 0.051785
455000.000000 0.017218 0.000495 : 0.000248 -0.000198 0.051604
460000.000000 0.017130 0.000492 : 0.000130 -0.000302 0.051562
465000.000000 0.017146 0.000494 : 0.000093 0.000020 0.051326
470000.000000 0.017071 0.000467 : 0.000108 -0.000009 0.051115
475000.000000 0.016903 0.000469 : 0.000121 -0.000341 0.050930
480000.000000 0.016907 0.000458 : 0.000062 -0.000088 0.050747
485000.000000 0.016797 0.000432 : -0.000001 0.000025 0.050368
490000.000000 0.016525 0.000425 : -0.000203 -0.000227 0.050004
495000.000000 0.016709 0.000401 : -0.000018 0.000167 0.049977
500000.000000 0.016446 0.000413 : 0.000099 -0.000231 0.049470
505000.000000 0.016419 0.000379 : -0.000086 -0.000130 0.049472
510000.000000 0.016299 0.000384 : -0.000072 -0.000332 0.049300
515000.000000 0.016167 0.000379 : -0.000114 -0.000376 0.048992
520000.000000 0.016141 0.000387 : -0.000415 -0.000218 0.049057
525000.000000 0.015981 0.000367 : -0.000410 -0.000209 0.048563
530000.000000 0.016061 0.000387 : -0.000177 0.000031 0.048328
535000.000000 0.016225 0.000371 : 0.000275 0.000125 0.048275
540000.000000 0.016237 0.000365 : 0.000326 0.000420 0.047966
545000.000000 0.016085 0.000369 : 0.000134 0.000291 0.047829
550000.000000 0.016041 0.000374 : 0.000182 0.000385 0.047556
555000.000000 0.015933 0.000358 : 0.000070 0.000365 0.047363
560000.000000 0.015821 0.000359 : -0.000115 0.000349 0.047230
565000.000000 0.015642 0.000352 : -0.000067 0.000150 0.046843
570000.000000 0.015574 0.000361 : -0.000227 0.000322 0.046628
575000.000000 0.015348 0.000364 : -0.000245 -0.000084 0.046371
580000.000000 0.015258 0.000368 : -0.000317 -0.000161 0.046252
585000.000000 0.015206 0.000349 : -0.000144 -0.000368 0.046129
590000.000000 0.015112 0.000384 : -0.000221 -0.000106 0.045662
595000.000000 0.015060 0.000349 : -0.000258 -0.000014 0.045451
600000.000000 0.014879 0.000333 : -0.000119 -0.000219 0.044974
605000.000000 0.015038 0.000309 : -0.000023 0.000007 0.045131
610000.000000 0.014983 0.000315 : 0.000252 -0.000074 0.044770
615000.000000 0.014854 0.000302 : -0.000041 -0.000059 0.044663
620000.000000 0.014824 0.000290 : -0.000141 0.000104 0.044508
625000.000000 0.014690 0.000290 : -0.000253 0.000128 0.044196
630000.000000 0.014581 0.000279 : -0.000381 0.000196 0.043927
635000.000000 0.014661 0.000282 : -0.000136 0.000256 0.043863
640000.000000 0.014622 0.000318 : -0.000162 0.000394 0.043634
645000.000000 0.014538 0.000324 : 0.000067 0.000214 0.043333
650000.000000 0.014542 0.000325 : -0.000126 0.000385 0.043369
655000.000000 0.014465 0.000297 : 0.000056 0.000197 0.043142
660000.000000 0.014302 0.000298 : 0.000052 -0.000028 0.042882
665000.000000 0.014255 0.000248 : -0.000060 0.000047 0.042777
670000.000000 0.014081 0.000262 : 0.000015 -0.000242 0.042472
675000.000000 0.014060 0.000263 : 0.000015 -0.000209 0.042374
680000.000000 0.013992 0.000245 : 0.000038 -0.000168 0.042107
685000.000000 0.014057 0.000243 : 0.000109 0.000190 0.041872
690000.000000 0.013998 0.000250 : 0.000191 0.000002 0.041801
695000.000000 0.013773 0.000239 : -0.000017 -0.000129 0.041466
700000.000000 0.013718 0.000243 : 0.000029 -0.000284 0.041409
705000.000000 0.013670 0.000218 : 0.000116 -0.000253 0.041147
710000.000000 0.013700 0.000214 : 0.000229 -0.000262 0.041133
715000.000000 0.013660 0.000232 : 0.000188 -0.000056 0.040850
720000.000000 0.013725 0.000239 : 0.000428 0.000108 0.040638
725000.000000 0.013480 0.000208 : 0.000174 -0.000027 0.040293
730000.000000 0.013439 0.000217 : 0.000138 -0.000103 0.040284
735000.000000 0.013375 0.000203 : 0.000067 -0.000258 0.040317
740000.000000 0.013363 0.000204 : 0.000036 -0.000150 0.040203
745000.000000 0.013253 0.000193 : -0.000213 -0.000060 0.040031
750000.000000 0.013100 0.000198 : -0.000082 -0.000201 0.039585
755000.000000 0.013117 0.000196 : -0.000280 -0.000075 0.039705
760000.000000 0.012987 0.000218 : -0.000470 -0.000075 0.039506
765000.000000 0.012991 0.000215 : -0.000279 -0.000082 0.039333
770000.000000 0.012994 0.000231 : -0.000206 -0.000030 0.039217
775000.000000 0.012961 0.000221 : -0.000202 0.000079 0.039006
780000.000000 0.012827 0.000229 : -0.000300 -0.000083 0.038865
785000.000000 0.012737 0.000210 : -0.000367 0.000052 0.038525
790000.000000 0.012903 0.000213 : 0.000010 0.000232 0.038466
795000.000000 0.012781 0.000210 : -0.000040 -0.000001 0.038385
800000.000000 0.012958 0.000199 : 0.000224 0.000190 0.038461
805000.000000 0.012755 0.000202 : -0.000198 0.000002 0.038462
810000.000000 0.012683 0.000197 : 0.000101 0.000080 0.037869
815000.000000 0.012722 0.000218 : 0.000172 0.000157 0.037837
820000.000000 0.012607 0.000212 : 0.000103 0.000213 0.037505
825000.000000 0.012506 0.000221 : -0.000029 0.000100 0.037447
830000.000000 0.012514 0.000216 : -0.000179 0.000413 0.037309
835000.000000 0.012510 0.000207 : -0.000223 0.000368 0.037383
840000.000000 0.012444 0.000204 : -0.000137 0.000344 0.037126
845000.000000 0.012228 0.000204 : -0.000280 0.000137 0.036826
850000.000000 0.012316 0.000222 : -0.000051 0.000176 0.036821
855000.000000 0.012242 0.000200 : 0.000025 0.000102 0.036598
860000.000000 0.012033 0.000195 : 0.000087 -0.000244 0.036255
865000.000000 0.012021 0.000205 : -0.000030 -0.000203 0.036295
870000.000000 0.012029 0.000214 : 0.000117 -0.000071 0.036040
875000.000000 0.012011 0.000209 : 0.000004 0.000052 0.035976
880000.000000 0.011958 0.000187 : -0.000014 0.000119 0.035768
885000.000000 0.011923 0.000165 : 0.000264 -0.000170 0.035675
890000.000000 0.011743 0.000160 : 0.000035 -0.000135 0.035330
895000.000000 0.011817 0.000165 : 0.000105 0.000152 0.035195
900000.000000 0.011720 0.000167 : 0.000026 0.000007 0.035128
905000.000000 0.011793 0.000152 : 0.000233 0.000098 0.035048
910000.000000 0.011691 0.000150 : 0.000053 0.000020 0.034999
915000.000000 0.011638 0.000157 : -0.000014 0.000120 0.034808
920000.000000 0.011662 0.000159 : -0.000022 0.000140 0.034868
925000.000000 0.011508 0.000160 : -0.000152 -0.000020 0.034697
930000.000000 0.011442 0.000155 : -0.000101 -0.000138 0.034564
935000.000000 0.011313 0.000142 : -0.000398 -0.000123 0.034458
940000.000000 0.011319 0.000152 : -0.000504 0.000059 0.034401
945000.000000 0.011255 0.000153 : -0.000572 0.000058 0.034280
950000.000000 0.011377 0.000158 : -0.000231 0.000083 0.034279
955000.000000 0.011357 0.000160 : -0.000282 0.000203 0.034150
960000.000000 0.011293 0.000177 : -0.000175 0.000168 0.033887
965000.000000 0.011268 0.000180 : -0.000439 0.000337 0.033906
970000.000000 0.011183 0.000166 : -0.000479 0.000314 0.033715
975000.000000 0.011104 0.000174 : -0.000221 0.000092 0.033441
980000.000000 0.011287 0.000176 : 0.000231 0.000012 0.033618
985000.000000 0.011255 0.000162 : 0.000024 0.000167 0.033573
990000.000000 0.011015 0.000132 : 0.000200 -0.000433 0.033277
995000.000000 0.010988 0.000156 : -0.000190 -0.000108 0.033263
1000000.000000 0.010897 0.000138 : -0.000105 -0.000234 0.033031
