0.000000 1.000000 1.000000 : 1.000000 1.000000 1.000000
10.000000 0.991871 0.991871 : 0.991873 0.991850 0.991890
20.000000 0.986606 0.986606 : 0.986619 0.986620 0.986580
30.000000 0.978781 0.978781 : 0.978738 0.978812 0.978793
40.000000 0.969619 0.969618 : 0.969504 0.969665 0.969686
50.000000 0.959988 0.959987 : 0.959818 0.960079 0.960067
60.000000 0.950698 0.950697 : 0.950440 0.950834 0.950820
70.000000 0.944104 0.944101 : 0.943750 0.944292 0.944271
80.000000 0.934316 0.934312 : 0.933872 0.934540 0.934538
90.000000 0.927616 0.927609 : 0.927078 0.927879 0.927889
100.000000 0.919893 0.919884 : 0.919309 0.920216 0.920155
110.000000 0.913122 0.913110 : 0.912449 0.913474 0.913442
120.000000 0.907850 0.907836 : 0.907101 0.908227 0.908221
130.000000 0.902068 0.902052 : 0.901265 0.902474 0.902466
140.000000 0.895938 0.895920 : 0.895079 0.896360 0.896374
150.000000 0.889642 0.889621 : 0.888732 0.890083 0.890112
160.000000 0.883705 0.883682 : 0.882744 0.884151 0.884221
170.000000 0.876804 0.876777 : 0.875791 0.877257 0.877364
180.000000 0.870705 0.870674 : 0.869652 0.871161 0.871303
190.000000 0.863764 0.863729 : 0.862680 0.864206 0.864407
200.000000 0.857346 0.857306 : 0.856242 0.857769 0.858029
210.000000 0.851467 0.851421 : 0.850335 0.851854 0.852212
220.000000 0.844982 0.844930 : 0.843837 0.845336 0.845772
230.000000 0.838972 0.838914 : 0.837839 0.839295 0.839782
240.000000 0.832559 0.832494 : 0.831417 0.832838 0.833422
250.000000 0.827239 0.827167 : 0.826103 0.827477 0.828137
260.000000 0.821395 0.821316 : 0.820280 0.821592 0.822312
270.000000 0.816181 0.816095 : 0.815091 0.816325 0.817126
280.000000 0.811192 0.811099 : 0.810127 0.811281 0.812168
290.000000 0.806229 0.806129 : 0.805180 0.806263 0.807244
300.000000 0.801579 0.801472 : 0.800567 0.801547 0.802624
310.000000 0.796472 0.796357 : 0.795503 0.796375 0.797536
320.000000 0.791899 0.791777 : 0.790971 0.791737 0.792988
330.000000 0.787141 0.787012 : 0.786259 0.786910 0.788254
340.000000 0.782665 0.782530 : 0.781826 0.782364 0.783807
350.000000 0.777982 0.777840 : 0.777197 0.777608 0.779140
360.000000 0.773887 0.773739 : 0.773146 0.773440 0.775076
370.000000 0.769590 0.769437 : 0.768894 0.769063 0.770812
380.000000 0.765045 0.764886 : 0.764398 0.764445 0.766291
390.000000 0.761069 0.760904 : 0.760474 0.760398 0.762334
400.000000 0.756889 0.756718 : 0.756346 0.756139 0.758181
410.000000 0.753073 0.752897 : 0.752568 0.752258 0.754393
420.000000 0.748929 0.748745 : 0.748474 0.748043 0.750268
430.000000 0.745345 0.745155 : 0.744937 0.744392 0.746706
440.000000 0.741752 0.741555 : 0.741393 0.740732 0.743132
450.000000 0.737937 0.737732 : 0.737627 0.736850 0.739334
460.000000 0.734449 0.734237 : 0.734185 0.733297 0.735864
470.000000 0.730760 0.730540 : 0.730547 0.729542 0.732192
480.000000 0.727362 0.727135 : 0.727194 0.726077 0.728816
490.000000 0.723791 0.723556 : 0.723673 0.722438 0.725261
500.000000 0.720397 0.720155 : 0.720319 0.718981 0.721890
510.000000 0.716935 0.716687 : 0.716899 0.715455 0.718452
520.000000 0.713517 0.713262 : 0.713532 0.711966 0.715055
530.000000 0.710279 0.710018 : 0.710334 0.708660 0.711844
540.000000 0.706825 0.706558 : 0.706920 0.705138 0.708416
550.000000 0.703570 0.703297 : 0.703703 0.701813 0.705195
560.000000 0.700325 0.700046 : 0.700497 0.698496 0.701983
570.000000 0.697241 0.696955 : 0.697450 0.695345 0.698926
580.000000 0.693982 0.693691 : 0.694230 0.692015 0.695702
590.000000 0.690950 0.690652 : 0.691242 0.688908 0.692701
600.000000 0.687904 0.687598 : 0.688243 0.685789 0.689680
610.000000 0.684765 0.684452 : 0.685153 0.682574 0.686567
620.000000 0.681856 0.681535 : 0.682288 0.679593 0.683687
630.000000 0.678838 0.678507 : 0.679317 0.676497 0.680699
640.000000 0.675929 0.675590 : 0.676453 0.673518 0.677816
650.000000 0.672947 0.672600 : 0.673514 0.670459 0.674869
660.000000 0.670140 0.669784 : 0.670748 0.667574 0.672099
670.000000 0.667257 0.666893 : 0.667910 0.664612 0.669249
680.000000 0.664358 0.663988 : 0.665047 0.661637 0.666392
690.000000 0.661580 0.661203 : 0.662305 0.658779 0.663655
700.000000 0.658754 0.658372 : 0.659517 0.655872 0.660874
710.000000 0.655999 0.655612 : 0.656795 0.653039 0.658163
720.000000 0.653213 0.652822 : 0.654040 0.650176 0.655424
730.000000 0.650510 0.650114 : 0.651369 0.647396 0.652763
740.000000 0.647778 0.647379 : 0.648669 0.644587 0.650077
750.000000 0.645071 0.644667 : 0.645993 0.641810 0.647409
760.000000 0.642427 0.642018 : 0.643383 0.639097 0.644801
770.000000 0.639782 0.639367 : 0.640769 0.636381 0.642195
780.000000 0.637129 0.636708 : 0.638146 0.633663 0.639578
790.000000 0.634495 0.634067 : 0.635543 0.630966 0.636975
800.000000 0.631982 0.631547 : 0.633062 0.628392 0.634493
810.000000 0.629396 0.628955 : 0.630508 0.625741 0.631939
820.000000 0.626807 0.626360 : 0.627952 0.623094 0.629376
830.000000 0.624300 0.623847 : 0.625477 0.620525 0.626897
840.000000 0.621830 0.621372 : 0.623041 0.617991 0.624457
850.000000 0.619345 0.618883 : 0.620591 0.615440 0.622004
860.000000 0.616842 0.616376 : 0.618120 0.612874 0.619533
870.000000 0.614428 0.613957 : 0.615740 0.610392 0.617152
880.000000 0.612012 0.611537 : 0.613361 0.607909 0.614765
890.000000 0.609631 0.609151 : 0.611015 0.605464 0.612413
900.000000 0.607243 0.606758 : 0.608662 0.603008 0.610059
910.000000 0.604874 0.604384 : 0.606328 0.600574 0.607721
920.000000 0.602554 0.602058 : 0.604044 0.598188 0.605432
930.000000 0.600252 0.599750 : 0.601774 0.595822 0.603161
940.000000 0.597962 0.597454 : 0.599519 0.593470 0.600899
950.000000 0.595650 0.595136 : 0.597240 0.591099 0.598613
960.000000 0.593415 0.592893 : 0.595039 0.588804 0.596401
970.000000 0.591194 0.590665 : 0.592853 0.586523 0.594205
980.000000 0.588960 0.588423 : 0.590652 0.584233 0.591995
990.000000 0.586740 0.586195 : 0.588464 0.581955 0.589801
1000.000000 0.584566 0.584012 : 0.586321 0.579728 0.587650
1010.000000 0.582416 0.581851 : 0.584202 0.577523 0.585522
1020.000000 0.580251 0.579676 : 0.582063 0.575307 0.583382
1030.000000 0.578146 0.577562 : 0.579987 0.573152 0.581300
1040.000000 0.576040 0.575445 : 0.577905 0.570994 0.579220
1050.000000 0.573943 0.573339 : 0.575833 0.568845 0.577150
1060.000000 0.571897 0.571284 : 0.573811 0.566748 0.575134
1070.000000 0.569860 0.569238 : 0.571795 0.564662 0.573122
1080.000000 0.567822 0.567191 : 0.569778 0.562574 0.571113
1090.000000 0.565813 0.565174 : 0.567791 0.560518 0.569129
1100.000000 0.563847 0.563200 : 0.565852 0.558505 0.567185
1110.000000 0.561863 0.561207 : 0.563888 0.556476 0.565226
1120.000000 0.559906 0.559241 : 0.561955 0.554476 0.563285
1130.000000 0.557980 0.557306 : 0.560057 0.552509 0.561375
1140.000000 0.556052 0.555369 : 0.558154 0.550541 0.559461
1150.000000 0.554151 0.553459 : 0.556280 0.548602 0.557572
1160.000000 0.552270 0.551568 : 0.554427 0.546680 0.555702
1170.000000 0.550391 0.549680 : 0.552580 0.544761 0.553833
1180.000000 0.548518 0.547796 : 0.550736 0.542846 0.551973
1190.000000 0.546682 0.545950 : 0.548931 0.540968 0.550147
1200.000000 0.544849 0.544105 : 0.547129 0.539093 0.548324
1210.000000 0.543029 0.542275 : 0.545338 0.537232 0.546518
1220.000000 0.541225 0.540460 : 0.543562 0.535386 0.544726
1230.000000 0.539429 0.538654 : 0.541794 0.533547 0.542946
1240.000000 0.537658 0.536873 : 0.540049 0.531735 0.541189
1250.000000 0.535891 0.535096 : 0.538309 0.529926 0.539436
1260.000000 0.534133 0.533329 : 0.536578 0.528129 0.537692
1270.000000 0.532383 0.531569 : 0.534856 0.526341 0.535953
1280.000000 0.530661 0.529837 : 0.533157 0.524580 0.534244
1290.000000 0.528943 0.528109 : 0.531463 0.522824 0.532543
1300.000000 0.527231 0.526387 : 0.529775 0.521074 0.530845
1310.000000 0.525534 0.524680 : 0.528101 0.519340 0.529163
1320.000000 0.523838 0.522973 : 0.526425 0.517609 0.527481
1330.000000 0.522168 0.521292 : 0.524775 0.515902 0.525827
1340.000000 0.520504 0.519616 : 0.523130 0.514202 0.524178
1350.000000 0.518833 0.517935 : 0.521478 0.512496 0.522525
1360.000000 0.517191 0.516281 : 0.519850 0.510819 0.520902
1370.000000 0.515572 0.514650 : 0.518245 0.509164 0.519306
1380.000000 0.513950 0.513017 : 0.516638 0.507504 0.517706
1390.000000 0.512332 0.511387 : 0.515032 0.505854 0.516110
1400.000000 0.510739 0.509783 : 0.513451 0.504225 0.514542
1410.000000 0.509154 0.508186 : 0.511875 0.502603 0.512983
1420.000000 0.507570 0.506592 : 0.510302 0.500980 0.511428
1430.000000 0.506002 0.505013 : 0.508743 0.499375 0.509889
1440.000000 0.504443 0.503443 : 0.507193 0.497774 0.508361
1450.000000 0.502886 0.501875 : 0.505648 0.496174 0.506837
1460.000000 0.501347 0.500324 : 0.504118 0.494591 0.505333
1470.000000 0.499815 0.498780 : 0.502596 0.493013 0.503837
1480.000000 0.498285 0.497236 : 0.501074 0.491439 0.502342
1490.000000 0.496774 0.495713 : 0.499574 0.489883 0.500866
1500.000000 0.495274 0.494198 : 0.498081 0.488337 0.499402
1510.000000 0.493779 0.492690 : 0.496601 0.486796 0.497940
1520.000000 0.492293 0.491190 : 0.495128 0.485266 0.496484
1530.000000 0.490817 0.489700 : 0.493666 0.483747 0.495038
1540.000000 0.489351 0.488220 : 0.492215 0.482238 0.493599
1550.000000 0.487893 0.486747 : 0.490770 0.480743 0.492167
1560.000000 0.486445 0.485285 : 0.489334 0.479258 0.490744
1570.000000 0.484999 0.483825 : 0.487898 0.477774 0.489326
1580.000000 0.483563 0.482374 : 0.486470 0.476302 0.487916
1590.000000 0.482138 0.480935 : 0.485056 0.474838 0.486519
1600.000000 0.480717 0.479500 : 0.483644 0.473379 0.485126
1610.000000 0.479304 0.478075 : 0.482241 0.471929 0.483743
1620.000000 0.477902 0.476659 : 0.480847 0.470490 0.482369
1630.000000 0.476507 0.475252 : 0.479459 0.469060 0.481003
1640.000000 0.475115 0.473848 : 0.478072 0.467633 0.479640
1650.000000 0.473733 0.472453 : 0.476692 0.466220 0.478288
1660.000000 0.472363 0.471069 : 0.475325 0.464818 0.476946
1670.000000 0.470999 0.469691 : 0.473962 0.463425 0.475611
1680.000000 0.469643 0.468320 : 0.472603 0.462042 0.474283
1690.000000 0.468298 0.466960 : 0.471254 0.460672 0.472968
1700.000000 0.466962 0.465608 : 0.469910 0.459310 0.471666
1710.000000 0.465628 0.464258 : 0.468568 0.457953 0.470363
1720.000000 0.464299 0.462912 : 0.467231 0.456601 0.469066
1730.000000 0.462984 0.461580 : 0.465905 0.455264 0.467785
1740.000000 0.461672 0.460250 : 0.464581 0.453927 0.466508
1750.000000 0.460362 0.458923 : 0.463260 0.452597 0.465229
1760.000000 0.459067 0.457611 : 0.461956 0.451281 0.463963
1770.000000 0.457782 0.456309 : 0.460660 0.449976 0.462711
1780.000000 0.456501 0.455012 : 0.459369 0.448678 0.461457
1790.000000 0.455220 0.453716 : 0.458080 0.447379 0.460200
1800.000000 0.453951 0.452433 : 0.456804 0.446090 0.458960
1810.000000 0.452689 0.451156 : 0.455532 0.444807 0.457726
1820.000000 0.451431 0.449884 : 0.454267 0.443529 0.456496
1830.000000 0.450185 0.448625 : 0.453013 0.442266 0.455278
1840.000000 0.448945 0.447370 : 0.451765 0.441008 0.454062
1850.000000 0.447712 0.446123 : 0.450519 0.439760 0.452856
1860.000000 0.446483 0.444881 : 0.449277 0.438523 0.451650
1870.000000 0.445262 0.443648 : 0.448042 0.437289 0.450456
1880.000000 0.444046 0.442419 : 0.446812 0.436064 0.449262
1890.000000 0.442833 0.441194 : 0.445585 0.434839 0.448074
1900.000000 0.441636 0.439985 : 0.444371 0.433632 0.446904
1910.000000 0.440438 0.438776 : 0.443156 0.432428 0.445731
1920.000000 0.439246 0.437574 : 0.441949 0.431225 0.444565
1930.000000 0.438062 0.436378 : 0.440748 0.430032 0.443406
1940.000000 0.436888 0.435191 : 0.439561 0.428845 0.442258
1950.000000 0.435719 0.434011 : 0.438378 0.427665 0.441115
1960.000000 0.434553 0.432831 : 0.437200 0.426484 0.439974
1970.000000 0.433398 0.431663 : 0.436033 0.425317 0.438844
1980.000000 0.432246 0.430498 : 0.434870 0.424155 0.437714
1990.000000 0.431105 0.429344 : 0.433717 0.423002 0.436594
2000.000000 0.429970 0.428195 : 0.432568 0.421861 0.435481
5000.000000 0.273561 0.271697 : 0.252503 0.256202 0.311976
10000.000000 0.172006 0.168091 : 0.139905 0.144775 0.231336
15000.000000 0.122663 0.116167 : 0.084490 0.088636 0.194863
20000.000000 0.093282 0.083852 : 0.051190 0.055448 0.173208
25000.000000 0.074489 0.061924 : 0.030827 0.034488 0.158153
30000.000000 0.062608 0.046776 : 0.018006 0.022165 0.147654
35000.000000 0.054885 0.036405 : 0.010785 0.014437 0.139433
40000.000000 0.049575 0.028911 : 0.006006 0.009645 0.133075
45000.000000 0.045887 0.023452 : 0.003311 0.006620 0.127729
50000.000000 0.043557 0.019418 : 0.002253 0.005354 0.123063
55000.000000 0.041534 0.016456 : 0.001212 0.003869 0.119522
60000.000000 0.039979 0.014030 : 0.000683 0.003268 0.115986
65000.000000 0.038774 0.012378 : 0.000535 0.002683 0.113103
70000.000000 0.037742 0.010943 : 0.000396 0.002210 0.110621
75000.000000 0.036838 0.009703 : 0.000239 0.001548 0.108727
80000.000000 0.036029 0.008668 : 0.000138 0.001514 0.106436
85000.000000 0.035246 0.007767 : 0.000195 0.001173 0.104370
90000.000000 0.034769 0.007006 : 0.000212 0.001215 0.102879
95000.000000 0.034235 0.006373 : 0.000533 0.000993 0.101180
100000.000000 0.033776 0.005821 : 0.000829 0.000989 0.099510
105000.000000 0.033195 0.005323 : 0.000455 0.000838 0.098293
110000.000000 0.032568 0.004917 : 0.000152 0.000638 0.096916
115000.000000 0.031898 0.004489 : -0.000612 0.000448 0.095859
120000.000000 0.031292 0.004220 : -0.000716 0.000078 0.094514
125000.000000 0.030786 0.003917 : -0.000953 0.000012 0.093300
130000.000000 0.030462 0.003661 : -0.000639 -0.000276 0.092302
135000.000000 0.029913 0.003422 : -0.000901 -0.000600 0.091239
140000.000000 0.029551 0.003159 : -0.000585 -0.000854 0.090093
145000.000000 0.029305 0.002938 : -0.000005 -0.001181 0.089102
150000.000000 0.029009 0.002759 : -0.000034 -0.001043 0.088103
155000.000000 0.028794 0.002597 : 0.000128 -0.001182 0.087435
160000.000000 0.028483 0.002429 : -0.000032 -0.001110 0.086589
165000.000000 0.028398 0.002303 : 0.000194 -0.001024 0.086025
170000.000000 0.028213 0.002229 : 0.000452 -0.001140 0.085326
175000.000000 0.027833 0.002101 : 0.000476 -0.001243 0.084264
180000.000000 0.027564 0.002044 : 0.000175 -0.001166 0.083683
185000.000000 0.027483 0.002016 : 0.000419 -0.001133 0.083165
190000.000000 0.027248 0.001983 : 0.000157 -0.000951 0.082539
195000.000000 0.027072 0.001929 : -0.000013 -0.000785 0.082015
200000.000000 0.026824 0.001871 : -0.000237 -0.000630 0.081339
205000.000000 0.026623 0.001813 : -0.000380 -0.000418 0.080668
210000.000000 0.026314 0.001764 : -0.000928 -0.000197 0.080067
215000.000000 0.026213 0.001735 : -0.000778 0.000062 0.079355
220000.000000 0.025957 0.001656 : -0.000721 0.000029 0.078563
225000.000000 0.026043 0.001622 : -0.000494 0.000444 0.078178
230000.000000 0.025881 0.001610 : -0.000529 0.000585 0.077588
235000.000000 0.025706 0.001549 : -0.000300 0.000476 0.076942
240000.000000 0.025624 0.001562 : -0.000266 0.000383 0.076756
245000.000000 0.025400 0.001492 : -0.000424 0.000236 0.076389
250000.000000 0.025215 0.001486 : -0.000503 0.000176 0.075971
255000.000000 0.025044 0.001392 : -0.000347 0.000135 0.075345
260000.000000 0.024763 0.001318 : -0.000507 0.000106 0.074689
265000.000000 0.024610 0.001250 : -0.000345 0.000115 0.074060
270000.000000 0.024599 0.001258 : -0.000197 0.000248 0.073747
275000.000000 0.024433 0.001230 : 0.000037 -0.000177 0.073440
280000.000000 0.024182 0.001146 : -0.000083 -0.000250 0.072877
285000.000000 0.024164 0.001126 : 0.000222 -0.000247 0.072516
290000.000000 0.023949 0.001117 : 0.000194 -0.000281 0.071934
295000.000000 0.023908 0.001106 : 0.000452 -0.000284 0.071557
300000.000000 0.023842 0.001041 : 0.000452 -0.000251 0.071324
305000.000000 0.023761 0.000989 : 0.000509 -0.000210 0.070984
310000.000000 0.023642 0.000952 : 0.000531 -0.000030 0.070423
315000.000000 0.023453 0.000905 : 0.000286 0.000083 0.069992
320000.000000 0.023470 0.000918 : 0.000357 0.000306 0.069748
325000.000000 0.023273 0.000862 : -0.000128 0.000587 0.069360
330000.000000 0.023186 0.000872 : 0.000019 0.000546 0.068992
335000.000000 0.023128 0.000897 : 0.000029 0.000824 0.068532
340000.000000 0.022857 0.000897 : -0.000030 0.000594 0.068008
345000.000000 0.022919 0.000896 : 0.000200 0.000529 0.068028
350000.000000 0.022619 0.000872 : 0.000013 0.000350 0.067496
355000.000000 0.022522 0.000855 : -0.000253 0.000458 0.067363
360000.000000 0.022279 0.000850 : -0.000205 0.000302 0.066741
365000.000000 0.022106 0.000863 : -0.000526 0.000132 0.066713
370000.000000 0.021996 0.000876 : -0.000431 -0.000010 0.066428
375000.000000 0.021939 0.000904 : -0.000226 0.000130 0.065914
380000.000000 0.021787 0.000926 : -0.000157 -0.000070 0.065588
385000.000000 0.021778 0.000917 : 0.000044 0.000229 0.065063
390000.000000 0.021619 0.000902 : -0.000142 0.000121 0.064878
395000.000000 0.021481 0.000872 : -0.000273 0.000158 0.064558
400000.000000 0.021394 0.000865 : -0.000012 -0.000046 0.064240
405000.000000 0.021393 0.000885 : 0.000011 0.000159 0.064009
410000.000000 0.021397 0.000877 : 0.000351 -0.000004 0.063842
415000.000000 0.021252 0.000889 : 0.000447 -0.000186 0.063494
420000.000000 0.021112 0.000863 : 0.000252 -0.000013 0.063098
425000.000000 0.021008 0.000861 : 0.000200 0.000076 0.062748
430000.000000 0.020902 0.000822 : 0.000132 -0.000115 0.062688
435000.000000 0.020790 0.000814 : 0.000255 -0.000037 0.062150
440000.000000 0.020558 0.000802 : 0.000016 -0.000120 0.061778
445000.000000 0.020606 0.000813 : 0.000197 0.000072 0.061548
450000.000000 0.020463 0.000782 : 0.000130 -0.000079 0.061338
455000.000000 0.020408 0.000766 : 0.000234 -0.000104 0.061095
460000.000000 0.020351 0.000741 : 0.000247 -0.000121 0.060928
465000.000000 0.020234 0.000731 : 0.000116 -0.000049 0.060635
470000.000000 0.020035 0.000688 : -0.000187 -0.000214 0.060505
475000.000000 0.019987 0.000676 : -0.000188 -0.000200 0.060349
480000.000000 0.019889 0.000641 : -0.000253 -0.000118 0.060038
485000.000000 0.019667 0.000624 : -0.000613 0.000060 0.059553
490000.000000 0.019723 0.000628 : -0.000425 0.000273 0.059322
495000.000000 0.019658 0.000592 : -0.000415 0.000201 0.059189
500000.000000 0.019385 0.000588 : -0.000449 -0.000067 0.058670
505000.000000 0.019394 0.000576 : -0.000518 0.000100 0.058599
510000.000000 0.019384 0.000574 : -0.000342 0.000004 0.058490
515000.000000 0.019196 0.000562 : -0.000232 -0.000247 0.058068
520000.000000 0.019361 0.000564 : 0.000010 0.000001 0.058072
525000.000000 0.019169 0.000543 : 0.000047 -0.000136 0.057594
530000.000000 0.019050 0.000557 : 0.000013 0.000012 0.057125
535000.000000 0.019042 0.000533 : -0.000003 0.000029 0.057100
540000.000000 0.019016 0.000540 : 0.000109 0.000162 0.056777
545000.000000 0.018916 0.000563 : 0.000123 0.000017 0.056608
550000.000000 0.018937 0.000563 : 0.000453 -0.000073 0.056432
555000.000000 0.018704 0.000536 : 0.000039 -0.000019 0.056091
560000.000000 0.018606 0.000554 : -0.000227 0.000161 0.055885
565000.000000 0.018516 0.000532 : 0.000022 0.000037 0.055489
570000.000000 0.018511 0.000545 : 0.000059 0.000126 0.055349
575000.000000 0.018288 0.000523 : -0.000007 -0.000196 0.055068
580000.000000 0.018284 0.000526 : -0.000061 -0.000158 0.055069
585000.000000 0.018193 0.000530 : -0.000099 -0.000077 0.054755
590000.000000 0.017964 0.000538 : -0.000263 -0.000020 0.054176
595000.000000 0.017838 0.000486 : -0.000342 -0.000054 0.053910
600000.000000 0.017723 0.000465 : -0.000201 -0.000176 0.053546
605000.000000 0.017676 0.000439 : -0.000327 -0.000154 0.053508
610000.000000 0.017515 0.000437 : -0.000168 -0.000381 0.053094
615000.000000 0.017538 0.000420 : -0.000260 -0.000386 0.053259
620000.000000 0.017496 0.000410 : -0.000223 -0.000076 0.052786
625000.000000 0.017495 0.000421 : -0.000030 -0.000054 0.052570
630000.000000 0.017457 0.000424 : 0.000147 -0.000161 0.052387
635000.000000 0.017422 0.000446 : 0.000160 -0.000087 0.052191
640000.000000 0.017451 0.000469 : 0.000350 0.000133 0.051870
645000.000000 0.017248 0.000479 : 0.000349 -0.000074 0.051468
650000.000000 0.017057 0.000470 : -0.000060 -0.000136 0.051368
655000.000000 0.017137 0.000436 : 0.000143 -0.000024 0.051293
660000.000000 0.017067 0.000425 : 0.000218 0.000040 0.050942
665000.000000 0.017079 0.000410 : 0.000258 0.000159 0.050821
670000.000000 0.016884 0.000396 : 0.000212 -0.000063 0.050505
675000.000000 0.016894 0.000365 : 0.000242 0.000039 0.050400
680000.000000 0.016670 0.000341 : 0.000239 -0.000269 0.050039
685000.000000 0.016680 0.000328 : 0.000264 -0.000218 0.049995
690000.000000 0.016559 0.000317 : 0.000277 -0.000328 0.049730
695000.000000 0.016356 0.000307 : 0.000021 -0.000402 0.049451
700000.000000 0.016388 0.000311 : -0.000157 -0.000065 0.049388
705000.000000 0.016211 0.000309 : -0.000258 -0.000147 0.049038
710000.000000 0.016360 0.000314 : 0.000124 -0.000137 0.049094
715000.000000 0.016326 0.000322 : 0.000024 0.000098 0.048858
720000.000000 0.016302 0.000315 : 0.000047 0.000335 0.048524
725000.000000 0.016099 0.000307 : -0.000096 0.000144 0.048249
730000.000000 0.016148 0.000293 : 0.000044 0.000137 0.048263
735000.000000 0.016010 0.000300 : -0.000122 0.000035 0.048118
740000.000000 0.016038 0.000301 : 0.000029 0.000140 0.047946
745000.000000 0.015924 0.000306 : -0.000037 0.000051 0.047759
750000.000000 0.015932 0.000313 : 0.000361 0.000070 0.047364
755000.000000 0.015961 0.000304 : 0.000207 0.000184 0.047492
760000.000000 0.015787 0.000319 : 0.000116 0.000087 0.047158
765000.000000 0.015736 0.000328 : 0.000028 0.000126 0.047055
770000.000000 0.015706 0.000319 : -0.000158 0.000286 0.046989
775000.000000 0.015589 0.000344 : -0.000356 0.000461 0.046662
780000.000000 0.015508 0.000334 : -0.000420 0.000355 0.046590
785000.000000 0.015301 0.000322 : -0.000619 0.000230 0.046292
790000.000000 0.015276 0.000329 : -0.000477 0.000139 0.046168
795000.000000 0.015335 0.000339 : -0.000249 0.000268 0.045987
800000.000000 0.015462 0.000314 : 0.000050 0.000211 0.046126
805000.000000 0.015397 0.000284 : 0.000199 0.000037 0.045956
810000.000000 0.015216 0.000278 : 0.000277 -0.000086 0.045456
815000.000000 0.015208 0.000273 : 0.000210 -0.000053 0.045467
820000.000000 0.015057 0.000281 : 0.000230 -0.000166 0.045107
825000.000000 0.015003 0.000306 : 0.000180 -0.000223 0.045053
830000.000000 0.014936 0.000290 : 0.000084 -0.000180 0.044905
835000.000000 0.014939 0.000305 : 0.000145 -0.000345 0.045018
840000.000000 0.014787 0.000296 : -0.000091 -0.000203 0.044655
845000.000000 0.014703 0.000329 : -0.000112 -0.000194 0.044416
850000.000000 0.014535 0.000329 : -0.000211 -0.000510 0.044326
855000.000000 0.014420 0.000324 : -0.000267 -0.000537 0.044063
860000.000000 0.014379 0.000316 : -0.000312 -0.000382 0.043831
865000.000000 0.014523 0.000308 : -0.000001 -0.000422 0.043993
870000.000000 0.014358 0.000304 : -0.000073 -0.000468 0.043613
875000.000000 0.014201 0.000292 : -0.000318 -0.000390 0.043312
880000.000000 0.014322 0.000267 : -0.000133 -0.000248 0.043347
885000.000000 0.014241 0.000257 : 0.000009 -0.000215 0.042930
890000.000000 0.014057 0.000243 : -0.000114 -0.000317 0.042602
895000.000000 0.014101 0.000229 : 0.000047 -0.000265 0.042523
900000.000000 0.014086 0.000240 : 0.000001 -0.000232 0.042488
905000.000000 0.014296 0.000231 : 0.000455 -0.000257 0.042690
910000.000000 0.014214 0.000228 : 0.000413 -0.000065 0.042293
915000.000000 0.014176 0.000246 : 0.000542 -0.000283 0.042269
920000.000000 0.014106 0.000231 : 0.000323 -0.000201 0.042195
925000.000000 0.014063 0.000228 : 0.000218 -0.000109 0.042080
930000.000000 0.013879 0.000212 : -0.000081 -0.000249 0.041968
935000.000000 0.013685 0.000226 : -0.000268 -0.000346 0.041670
940000.000000 0.013720 0.000238 : -0.000252 -0.000184 0.041594
945000.000000 0.013649 0.000233 : -0.000417 -0.000113 0.041479
950000.000000 0.013696 0.000241 : -0.000241 -0.000124 0.041453
955000.000000 0.013598 0.000249 : -0.000277 -0.000137 0.041209
960000.000000 0.013549 0.000254 : -0.000274 -0.000078 0.040999
965000.000000 0.013443 0.000262 : -0.000279 -0.000345 0.040951
970000.000000 0.013389 0.000258 : -0.000350 -0.000379 0.040896
975000.000000 0.013325 0.000275 : -0.000141 -0.000406 0.040523
980000.000000 0.013484 0.000269 : 0.000023 -0.000228 0.040656
985000.000000 0.013379 0.000260 : 0.000038 -0.000468 0.040568
990000.000000 0.013507 0.000234 : 0.000555 -0.000330 0.040295
995000.000000 0.013532 0.000242 : 0.000340 -0.000071 0.040328
1000000.000000 0.013539 0.000209 : 0.000545 -0.000162 0.040235
