0.000000 1.000000 1.000000 : 1.000000 1.000000 1.000000
10.000000 0.996378 0.996378 : 0.996379 0.996368 0.996386
20.000000 0.994019 0.994019 : 0.994025 0.994025 0.994008
30.000000 0.990491 0.990491 : 0.990471 0.990505 0.990496
40.000000 0.986324 0.986324 : 0.986271 0.986345 0.986355
50.000000 0.981899 0.981899 : 0.981820 0.981941 0.981937
60.000000 0.977589 0.977588 : 0.977467 0.977652 0.977647
70.000000 0.974474 0.974473 : 0.974305 0.974561 0.974554
80.000000 0.969857 0.969856 : 0.969643 0.969963 0.969966
90.000000 0.966653 0.966652 : 0.966392 0.966779 0.966789
100.000000 0.962947 0.962945 : 0.962658 0.963102 0.963080
110.000000 0.959683 0.959681 : 0.959349 0.959855 0.959847
120.000000 0.957101 0.957098 : 0.956726 0.957286 0.957292
130.000000 0.954288 0.954284 : 0.953881 0.954487 0.954494
140.000000 0.951312 0.951308 : 0.950875 0.951522 0.951540
150.000000 0.948232 0.948228 : 0.947765 0.948453 0.948480
160.000000 0.945321 0.945316 : 0.944825 0.945545 0.945593
170.000000 0.941920 0.941914 : 0.941394 0.942149 0.942217
180.000000 0.938892 0.938885 : 0.938341 0.939123 0.939211
190.000000 0.935437 0.935429 : 0.934865 0.935663 0.935783
200.000000 0.932207 0.932198 : 0.931618 0.932425 0.932577
210.000000 0.929217 0.929207 : 0.928610 0.929420 0.929623
220.000000 0.925910 0.925898 : 0.925289 0.926098 0.926343
230.000000 0.922824 0.922811 : 0.922202 0.922998 0.923273
240.000000 0.919513 0.919498 : 0.918880 0.919666 0.919992
250.000000 0.916728 0.916711 : 0.916091 0.916862 0.917230
260.000000 0.913673 0.913654 : 0.913041 0.913788 0.914190
270.000000 0.910924 0.910904 : 0.910299 0.911014 0.911459
280.000000 0.908273 0.908251 : 0.907654 0.908337 0.908827
290.000000 0.905620 0.905596 : 0.905005 0.905659 0.906196
300.000000 0.903126 0.903101 : 0.902526 0.903134 0.903719
310.000000 0.900381 0.900354 : 0.899799 0.900359 0.900986
320.000000 0.897908 0.897879 : 0.897343 0.897855 0.898525
330.000000 0.895322 0.895291 : 0.894777 0.895236 0.895952
340.000000 0.892882 0.892850 : 0.892357 0.892764 0.893526
350.000000 0.890327 0.890293 : 0.889827 0.890175 0.890980
360.000000 0.888058 0.888022 : 0.887578 0.887870 0.888726
370.000000 0.885691 0.885654 : 0.885232 0.885466 0.886375
380.000000 0.883180 0.883141 : 0.882744 0.882920 0.883876
390.000000 0.880965 0.880924 : 0.880554 0.880671 0.881670
400.000000 0.878634 0.878591 : 0.878248 0.878301 0.879352
410.000000 0.876489 0.876445 : 0.876123 0.876125 0.877219
420.000000 0.874173 0.874127 : 0.873833 0.873775 0.874912
430.000000 0.872140 0.872092 : 0.871822 0.871709 0.872887
440.000000 0.870099 0.870050 : 0.869807 0.869636 0.870855
450.000000 0.867935 0.867884 : 0.867669 0.867440 0.868697
460.000000 0.865944 0.865890 : 0.865703 0.865417 0.866713
470.000000 0.863838 0.863782 : 0.863623 0.863279 0.864613
480.000000 0.861883 0.861825 : 0.861693 0.861291 0.862666
490.000000 0.859831 0.859771 : 0.859668 0.859206 0.860619
500.000000 0.857871 0.857808 : 0.857731 0.857214 0.858668
510.000000 0.855869 0.855804 : 0.855752 0.855180 0.856674
520.000000 0.853881 0.853814 : 0.853792 0.853157 0.854694
530.000000 0.851990 0.851921 : 0.851925 0.851232 0.852813
540.000000 0.849974 0.849904 : 0.849933 0.849182 0.850807
550.000000 0.848067 0.847995 : 0.848049 0.847240 0.848914
560.000000 0.846156 0.846081 : 0.846160 0.845292 0.847015
570.000000 0.844331 0.844255 : 0.844359 0.843434 0.845201
580.000000 0.842409 0.842331 : 0.842460 0.841476 0.843292
590.000000 0.840601 0.840520 : 0.840677 0.839630 0.841496
600.000000 0.838788 0.838705 : 0.838892 0.837780 0.839690
610.000000 0.836916 0.836831 : 0.837050 0.835871 0.837828
620.000000 0.835168 0.835081 : 0.835328 0.834086 0.836089
630.000000 0.833355 0.833265 : 0.833544 0.832235 0.834287
640.000000 0.831602 0.831510 : 0.831819 0.830446 0.832541
650.000000 0.829803 0.829708 : 0.830047 0.828608 0.830754
660.000000 0.828095 0.827997 : 0.828365 0.826861 0.829058
670.000000 0.826343 0.826243 : 0.826643 0.825070 0.827316
680.000000 0.824578 0.824476 : 0.824902 0.823266 0.825565
690.000000 0.822876 0.822773 : 0.823225 0.821525 0.823878
700.000000 0.821144 0.821039 : 0.821519 0.819752 0.822162
710.000000 0.819450 0.819343 : 0.819848 0.818018 0.820483
720.000000 0.817732 0.817624 : 0.818153 0.816261 0.818782
730.000000 0.816059 0.815949 : 0.816504 0.814549 0.817124
740.000000 0.814367 0.814256 : 0.814835 0.812817 0.815448
750.000000 0.812683 0.812571 : 0.813174 0.811097 0.813777
760.000000 0.811032 0.810918 : 0.811548 0.809411 0.812138
770.000000 0.809377 0.809262 : 0.809916 0.807718 0.810497
780.000000 0.807719 0.807601 : 0.808281 0.806025 0.808850
790.000000 0.806063 0.805944 : 0.806649 0.804336 0.807205
800.000000 0.804474 0.804353 : 0.805084 0.802713 0.805625
810.000000 0.802842 0.802718 : 0.803476 0.801045 0.804004
820.000000 0.801204 0.801079 : 0.801864 0.799376 0.802373
830.000000 0.799610 0.799483 : 0.800294 0.797748 0.800787
840.000000 0.798031 0.797902 : 0.798741 0.796134 0.799217
850.000000 0.796444 0.796314 : 0.797180 0.794512 0.797639
860.000000 0.794843 0.794712 : 0.795605 0.792879 0.796047
870.000000 0.793291 0.793159 : 0.794077 0.791292 0.794504
880.000000 0.791732 0.791599 : 0.792546 0.789698 0.792953
890.000000 0.790192 0.790057 : 0.791033 0.788124 0.791419
900.000000 0.788647 0.788510 : 0.789514 0.786544 0.789883
910.000000 0.787109 0.786970 : 0.788002 0.784973 0.788352
920.000000 0.785597 0.785456 : 0.786517 0.783426 0.786847
930.000000 0.784091 0.783948 : 0.785036 0.781889 0.785349
940.000000 0.782593 0.782448 : 0.783564 0.780358 0.783857
950.000000 0.781078 0.780930 : 0.782075 0.778812 0.782346
960.000000 0.779604 0.779454 : 0.780628 0.777308 0.780875
970.000000 0.778136 0.777984 : 0.779188 0.775810 0.779411
980.000000 0.776657 0.776503 : 0.777736 0.774303 0.777934
990.000000 0.775186 0.775029 : 0.776292 0.772802 0.776465
1000.000000 0.773737 0.773577 : 0.774870 0.771325 0.775017
1010.000000 0.772300 0.772137 : 0.773460 0.769860 0.773580
1020.000000 0.770851 0.770685 : 0.772037 0.768384 0.772133
1030.000000 0.769436 0.769267 : 0.770648 0.766941 0.770717
1040.000000 0.768018 0.767846 : 0.769256 0.765496 0.769300
1050.000000 0.766602 0.766428 : 0.767867 0.764054 0.767886
1060.000000 0.765215 0.765039 : 0.766506 0.762639 0.766501
1070.000000 0.763832 0.763653 : 0.765147 0.761230 0.765118
1080.000000 0.762446 0.762265 : 0.763786 0.759818 0.763734
1090.000000 0.761075 0.760892 : 0.762442 0.758422 0.762363
1100.000000 0.759728 0.759542 : 0.761122 0.757048 0.761015
1110.000000 0.758369 0.758180 : 0.759788 0.755663 0.759655
1120.000000 0.757022 0.756831 : 0.758470 0.754293 0.758303
1130.000000 0.755693 0.755499 : 0.757171 0.752940 0.756969
1140.000000 0.754361 0.754165 : 0.755868 0.751584 0.755630
1150.000000 0.753043 0.752844 : 0.754582 0.750243 0.754304
1160.000000 0.751735 0.751533 : 0.753306 0.748911 0.752987
1170.000000 0.750428 0.750223 : 0.752034 0.747580 0.751671
1180.000000 0.749122 0.748914 : 0.750762 0.746249 0.750357
1190.000000 0.747837 0.747626 : 0.749511 0.744939 0.749062
1200.000000 0.746553 0.746338 : 0.748261 0.743630 0.747767
1210.000000 0.745275 0.745057 : 0.747017 0.742328 0.746480
1220.000000 0.744005 0.743784 : 0.745781 0.741034 0.745201
1230.000000 0.742739 0.742515 : 0.744548 0.739743 0.743927
1240.000000 0.741487 0.741260 : 0.743328 0.738467 0.742665
1250.000000 0.740235 0.740005 : 0.742110 0.737190 0.741404
1260.000000 0.738988 0.738755 : 0.740896 0.735919 0.740148
1270.000000 0.737744 0.737509 : 0.739687 0.734652 0.738895
1280.000000 0.736515 0.736276 : 0.738490 0.733399 0.737656
1290.000000 0.735287 0.735045 : 0.737295 0.732147 0.736420
1300.000000 0.734062 0.733817 : 0.736103 0.730898 0.735185
1310.000000 0.732844 0.732596 : 0.734919 0.729655 0.733958
1320.000000 0.731624 0.731373 : 0.733732 0.728412 0.732729
1330.000000 0.730420 0.730165 : 0.732560 0.727183 0.731517
1340.000000 0.729217 0.728959 : 0.731390 0.725958 0.730305
1350.000000 0.728011 0.727749 : 0.730215 0.724727 0.729090
1360.000000 0.726818 0.726553 : 0.729053 0.723512 0.727890
1370.000000 0.725639 0.725370 : 0.727904 0.722309 0.726704
1380.000000 0.724457 0.724185 : 0.726753 0.721102 0.725516
1390.000000 0.723276 0.723000 : 0.725602 0.719897 0.724328
1400.000000 0.722109 0.721829 : 0.724465 0.718706 0.723155
1410.000000 0.720943 0.720661 : 0.723329 0.717516 0.721986
1420.000000 0.719778 0.719492 : 0.722193 0.716325 0.720816
1430.000000 0.718622 0.718332 : 0.721066 0.715144 0.719655
1440.000000 0.717469 0.717175 : 0.719942 0.713965 0.718499
1450.000000 0.716316 0.716019 : 0.718819 0.712785 0.717342
1460.000000 0.715172 0.714871 : 0.717704 0.711615 0.716197
1470.000000 0.714032 0.713727 : 0.716593 0.710446 0.715056
1480.000000 0.712890 0.712581 : 0.715479 0.709278 0.713913
1490.000000 0.711758 0.711446 : 0.714376 0.708119 0.712780
1500.000000 0.710632 0.710315 : 0.713277 0.706966 0.711654
1510.000000 0.709508 0.709187 : 0.712182 0.705814 0.710529
1520.000000 0.708389 0.708064 : 0.711090 0.704668 0.709408
1530.000000 0.707274 0.706945 : 0.710003 0.703528 0.708292
1540.000000 0.706164 0.705831 : 0.708921 0.702392 0.707180
1550.000000 0.705058 0.704720 : 0.707842 0.701262 0.706071
1560.000000 0.703957 0.703615 : 0.706768 0.700138 0.704966
1570.000000 0.702857 0.702510 : 0.705693 0.699015 0.703863
1580.000000 0.701761 0.701410 : 0.704622 0.697897 0.702764
1590.000000 0.700672 0.700316 : 0.703559 0.696786 0.701671
1600.000000 0.699584 0.699224 : 0.702496 0.695676 0.700581
1610.000000 0.698501 0.698136 : 0.701437 0.694571 0.699496
1620.000000 0.697423 0.697053 : 0.700382 0.693471 0.698415
1630.000000 0.696348 0.695974 : 0.699330 0.692375 0.697340
1640.000000 0.695275 0.694896 : 0.698278 0.691281 0.696265
1650.000000 0.694206 0.693823 : 0.697229 0.690193 0.695197
1660.000000 0.693144 0.692756 : 0.696186 0.689111 0.694134
1670.000000 0.692084 0.691691 : 0.695145 0.688032 0.693074
1680.000000 0.691028 0.690630 : 0.694106 0.686958 0.692019
1690.000000 0.689978 0.689575 : 0.693072 0.685891 0.690971
1700.000000 0.688933 0.688524 : 0.692042 0.684828 0.689929
1710.000000 0.687889 0.687474 : 0.691012 0.683768 0.688887
1720.000000 0.686848 0.686427 : 0.689986 0.682710 0.687847
1730.000000 0.685814 0.685387 : 0.688966 0.681659 0.686816
1740.000000 0.684782 0.684349 : 0.687948 0.680610 0.685788
1750.000000 0.683751 0.683312 : 0.686931 0.679564 0.684759
1760.000000 0.682729 0.682283 : 0.685924 0.678526 0.683738
1770.000000 0.681713 0.681260 : 0.684920 0.677493 0.682725
1780.000000 0.680698 0.680239 : 0.683917 0.676465 0.681711
1790.000000 0.679683 0.679219 : 0.682916 0.675437 0.680696
1800.000000 0.678674 0.678205 : 0.681921 0.674413 0.679689
1810.000000 0.677669 0.677194 : 0.680928 0.673393 0.678685
1820.000000 0.676666 0.676186 : 0.679939 0.672376 0.677683
1830.000000 0.675670 0.675184 : 0.678955 0.671367 0.676687
1840.000000 0.674676 0.674185 : 0.677975 0.670360 0.675693
1850.000000 0.673686 0.673190 : 0.676996 0.669359 0.674704
1860.000000 0.672700 0.672198 : 0.676020 0.668363 0.673716
1870.000000 0.671717 0.671211 : 0.675049 0.667370 0.672733
1880.000000 0.670738 0.670225 : 0.674080 0.666382 0.671751
1890.000000 0.669760 0.669242 : 0.673114 0.665394 0.670772
1900.000000 0.668791 0.668267 : 0.672153 0.664416 0.669802
1910.000000 0.667821 0.667292 : 0.671193 0.663440 0.668831
1920.000000 0.666855 0.666321 : 0.670237 0.662466 0.667863
1930.000000 0.665893 0.665353 : 0.669284 0.661497 0.666898
1940.000000 0.664936 0.664390 : 0.668338 0.660533 0.665938
1950.000000 0.663982 0.663430 : 0.667394 0.659572 0.664981
1960.000000 0.663030 0.662471 : 0.666453 0.658612 0.664024
1970.000000 0.662083 0.661519 : 0.665518 0.657659 0.663074
1980.000000 0.661139 0.660568 : 0.664584 0.656709 0.662124
1990.000000 0.660200 0.659623 : 0.663656 0.655764 0.661180
2000.000000 0.659265 0.658682 : 0.662731 0.654825 0.660239
5000.000000 0.507041 0.506390 : 0.492098 0.495373 0.533651
10000.000000 0.379038 0.377485 : 0.351146 0.357001 0.428967
15000.000000 0.301685 0.298891 : 0.263669 0.269644 0.371743
20000.000000 0.246639 0.242037 : 0.199739 0.206819 0.333360
25000.000000 0.204865 0.198071 : 0.151102 0.158745 0.304747
30000.000000 0.172912 0.163501 : 0.114150 0.121816 0.282771
35000.000000 0.148261 0.136305 : 0.085760 0.093877 0.265145
40000.000000 0.129047 0.114449 : 0.064241 0.072191 0.250709
45000.000000 0.113922 0.096879 : 0.047628 0.055749 0.238391
50000.000000 0.102321 0.082739 : 0.035409 0.043609 0.227944
55000.000000 0.093388 0.071399 : 0.026111 0.034564 0.219488
60000.000000 0.086186 0.061923 : 0.018904 0.027933 0.211722
65000.000000 0.080647 0.054326 : 0.013700 0.022983 0.205258
70000.000000 0.076239 0.048079 : 0.010036 0.019316 0.199364
75000.000000 0.072419 0.042705 : 0.007046 0.016126 0.194087
80000.000000 0.069584 0.038374 : 0.005302 0.014023 0.189426
85000.000000 0.067006 0.034646 : 0.004011 0.011966 0.185040
90000.000000 0.065117 0.031421 : 0.003060 0.010728 0.181565
95000.000000 0.063174 0.028624 : 0.002162 0.009606 0.177755
100000.000000 0.061611 0.026308 : 0.001801 0.008519 0.174513
105000.000000 0.060468 0.024301 : 0.001873 0.008032 0.171498
110000.000000 0.059202 0.022559 : 0.001721 0.007146 0.168739
115000.000000 0.057922 0.020963 : 0.001636 0.006145 0.165987
120000.000000 0.056665 0.019534 : 0.001191 0.005446 0.163358
125000.000000 0.055618 0.018216 : 0.000878 0.004820 0.161156
130000.000000 0.054423 0.016952 : 0.000387 0.004208 0.158674
135000.000000 0.053402 0.015828 : -0.000176 0.003884 0.156499
140000.000000 0.052420 0.014700 : -0.000641 0.003464 0.154436
145000.000000 0.051621 0.013804 : -0.001051 0.003225 0.152689
150000.000000 0.050799 0.013051 : -0.001673 0.002886 0.151186
155000.000000 0.050206 0.012380 : -0.001945 0.002849 0.149714
160000.000000 0.049542 0.011789 : -0.002062 0.002857 0.147831
165000.000000 0.048936 0.011265 : -0.002301 0.002617 0.146493
170000.000000 0.048410 0.010686 : -0.002107 0.002223 0.145116
175000.000000 0.047862 0.010211 : -0.001992 0.002046 0.143533
180000.000000 0.047363 0.009760 : -0.001871 0.001584 0.142375
185000.000000 0.046962 0.009323 : -0.001517 0.001179 0.141225
190000.000000 0.046600 0.008951 : -0.001289 0.000990 0.140100
195000.000000 0.046176 0.008555 : -0.001113 0.000771 0.138869
200000.000000 0.045894 0.008208 : -0.000924 0.000966 0.137639
205000.000000 0.045391 0.007832 : -0.000962 0.000741 0.136392
210000.000000 0.045105 0.007556 : -0.000858 0.000965 0.135207
215000.000000 0.044934 0.007281 : -0.000425 0.000895 0.134331
220000.000000 0.044682 0.007061 : -0.000171 0.000879 0.133337
225000.000000 0.044398 0.006832 : -0.000017 0.000989 0.132223
230000.000000 0.044044 0.006670 : 0.000104 0.000834 0.131194
235000.000000 0.043917 0.006511 : 0.000250 0.001257 0.130244
240000.000000 0.043904 0.006338 : 0.000667 0.001563 0.129481
245000.000000 0.043666 0.006164 : 0.000723 0.001501 0.128775
250000.000000 0.043437 0.006003 : 0.000494 0.001744 0.128071
255000.000000 0.043220 0.005810 : 0.000477 0.001679 0.127504
260000.000000 0.042617 0.005523 : -0.000054 0.001441 0.126463
265000.000000 0.042219 0.005245 : -0.000016 0.001210 0.125463
270000.000000 0.041899 0.005027 : 0.000169 0.001018 0.124509
275000.000000 0.041609 0.004809 : 0.000292 0.000751 0.123785
280000.000000 0.041394 0.004663 : 0.000456 0.000620 0.123106
285000.000000 0.041160 0.004499 : 0.000698 0.000500 0.122282
290000.000000 0.040971 0.004383 : 0.000915 0.000584 0.121414
295000.000000 0.040936 0.004272 : 0.001103 0.000784 0.120920
300000.000000 0.040688 0.004161 : 0.000967 0.000588 0.120508
305000.000000 0.040377 0.004038 : 0.000928 0.000266 0.119938
310000.000000 0.040236 0.003882 : 0.001173 0.000126 0.119410
315000.000000 0.040035 0.003738 : 0.001503 -0.000198 0.118801
320000.000000 0.039910 0.003597 : 0.001727 -0.000533 0.118536
325000.000000 0.039713 0.003459 : 0.001947 -0.000605 0.117797
330000.000000 0.039614 0.003396 : 0.002114 -0.000393 0.117120
335000.000000 0.039433 0.003353 : 0.002044 -0.000416 0.116670
340000.000000 0.039228 0.003363 : 0.001829 -0.000227 0.116081
345000.000000 0.039045 0.003356 : 0.001826 -0.000240 0.115551
350000.000000 0.038849 0.003373 : 0.001927 -0.000167 0.114785
355000.000000 0.038737 0.003390 : 0.001633 0.000008 0.114572
360000.000000 0.038587 0.003470 : 0.001397 0.000101 0.114264
365000.000000 0.038513 0.003499 : 0.001287 0.000363 0.113889
370000.000000 0.038516 0.003520 : 0.001037 0.000738 0.113773
375000.000000 0.038293 0.003506 : 0.000753 0.000699 0.113428
380000.000000 0.038209 0.003572 : 0.000408 0.001067 0.113153
385000.000000 0.037955 0.003561 : 0.000034 0.001316 0.112515
390000.000000 0.037734 0.003548 : -0.000056 0.001415 0.111844
395000.000000 0.037603 0.003499 : -0.000291 0.001731 0.111370
400000.000000 0.037476 0.003489 : -0.000530 0.002106 0.110851
405000.000000 0.037226 0.003502 : -0.000546 0.002006 0.110219
410000.000000 0.036936 0.003476 : -0.000647 0.001566 0.109888
415000.000000 0.036742 0.003468 : -0.000684 0.001454 0.109454
420000.000000 0.036614 0.003391 : -0.000737 0.001420 0.109159
425000.000000 0.036390 0.003316 : -0.000994 0.001243 0.108921
430000.000000 0.036149 0.003222 : -0.001252 0.001093 0.108606
435000.000000 0.035762 0.003155 : -0.001736 0.000852 0.108170
440000.000000 0.035408 0.003039 : -0.002040 0.000667 0.107598
445000.000000 0.035146 0.002943 : -0.002012 0.000221 0.107229
450000.000000 0.035117 0.002866 : -0.001930 0.000232 0.107048
455000.000000 0.034992 0.002807 : -0.001762 0.000170 0.106568
460000.000000 0.034949 0.002780 : -0.001520 0.000092 0.106276
465000.000000 0.034833 0.002765 : -0.001544 0.000355 0.105689
470000.000000 0.034657 0.002707 : -0.001295 -0.000008 0.105273
475000.000000 0.034471 0.002653 : -0.001671 -0.000014 0.105097
480000.000000 0.034276 0.002605 : -0.001913 0.000255 0.104485
485000.000000 0.034150 0.002573 : -0.001749 0.000145 0.104054
490000.000000 0.034035 0.002513 : -0.001527 -0.000033 0.103666
495000.000000 0.033801 0.002409 : -0.001758 -0.000152 0.103314
500000.000000 0.033821 0.002386 : -0.001489 0.000254 0.102697
505000.000000 0.033728 0.002396 : -0.001435 0.000474 0.102146
510000.000000 0.033707 0.002372 : -0.001315 0.000433 0.102004
515000.000000 0.033639 0.002343 : -0.001402 0.000545 0.101774
520000.000000 0.033641 0.002338 : -0.001290 0.000775 0.101438
525000.000000 0.033466 0.002293 : -0.001342 0.000844 0.100896
530000.000000 0.033293 0.002236 : -0.001465 0.001017 0.100327
535000.000000 0.033104 0.002187 : -0.001487 0.001062 0.099736
540000.000000 0.033059 0.002144 : -0.001337 0.000973 0.099541
545000.000000 0.033012 0.002130 : -0.000976 0.000958 0.099053
550000.000000 0.032825 0.002137 : -0.000945 0.000686 0.098735
555000.000000 0.032679 0.002159 : -0.000906 0.000433 0.098511
560000.000000 0.032658 0.002166 : -0.000491 0.000369 0.098098
565000.000000 0.032472 0.002144 : -0.000399 0.000143 0.097672
570000.000000 0.032223 0.002170 : -0.000416 -0.000167 0.097253
575000.000000 0.032138 0.002163 : -0.000197 -0.000231 0.096843
580000.000000 0.032148 0.002139 : -0.000210 0.000248 0.096405
585000.000000 0.032033 0.002154 : -0.000199 0.000364 0.095935
590000.000000 0.032076 0.002177 : 0.000060 0.000546 0.095623
595000.000000 0.032070 0.002182 : 0.000334 0.000677 0.095199
600000.000000 0.031836 0.002145 : 0.000163 0.000611 0.094735
605000.000000 0.031840 0.002129 : 0.000147 0.000777 0.094597
610000.000000 0.031692 0.002128 : 0.000238 0.000774 0.094065
615000.000000 0.031521 0.002099 : 0.000459 0.000658 0.093448
620000.000000 0.031431 0.002045 : 0.000637 0.000519 0.093138
625000.000000 0.031037 0.002047 : 0.000403 -0.000066 0.092775
630000.000000 0.030948 0.002022 : 0.000213 0.000059 0.092574
635000.000000 0.030792 0.002014 : 0.000273 0.000021 0.092083
640000.000000 0.030578 0.001997 : 0.000167 -0.000210 0.091776
645000.000000 0.030644 0.001935 : 0.000411 -0.000172 0.091692
650000.000000 0.030504 0.001895 : 0.000358 -0.000470 0.091625
655000.000000 0.030361 0.001856 : 0.000388 -0.000706 0.091402
660000.000000 0.030200 0.001767 : 0.000331 -0.000702 0.090972
665000.000000 0.029988 0.001727 : 0.000300 -0.000873 0.090536
670000.000000 0.030095 0.001685 : 0.000341 -0.000587 0.090533
675000.000000 0.029964 0.001635 : 0.000382 -0.000862 0.090371
680000.000000 0.029746 0.001565 : 0.000042 -0.000862 0.090058
685000.000000 0.029652 0.001574 : 0.000217 -0.000847 0.089585
690000.000000 0.029426 0.001552 : -0.000080 -0.000824 0.089183
695000.000000 0.029392 0.001540 : -0.000175 -0.000729 0.089079
700000.000000 0.029234 0.001536 : -0.000387 -0.000721 0.088810
705000.000000 0.029239 0.001535 : -0.000374 -0.000485 0.088576
710000.000000 0.029308 0.001555 : -0.000249 -0.000186 0.088360
715000.000000 0.029288 0.001536 : -0.000000 -0.000255 0.088119
720000.000000 0.029138 0.001536 : 0.000012 -0.000374 0.087777
725000.000000 0.029147 0.001534 : 0.000217 -0.000249 0.087471
730000.000000 0.029264 0.001536 : 0.000663 -0.000081 0.087211
735000.000000 0.029390 0.001520 : 0.001126 0.000158 0.086885
740000.000000 0.029409 0.001510 : 0.001317 0.000284 0.086626
745000.000000 0.029384 0.001520 : 0.001469 0.000492 0.086190
750000.000000 0.029316 0.001554 : 0.001260 0.000875 0.085815
755000.000000 0.029141 0.001537 : 0.001120 0.000692 0.085610
760000.000000 0.029091 0.001512 : 0.001346 0.000624 0.085304
765000.000000 0.029058 0.001487 : 0.001454 0.000638 0.085083
770000.000000 0.028911 0.001445 : 0.001544 0.000503 0.084687
775000.000000 0.028846 0.001444 : 0.001338 0.000879 0.084320
780000.000000 0.028677 0.001412 : 0.001119 0.000628 0.084284
785000.000000 0.028369 0.001402 : 0.000966 0.000302 0.083840
790000.000000 0.028255 0.001408 : 0.000855 0.000254 0.083656
795000.000000 0.028268 0.001436 : 0.001135 0.000318 0.083350
800000.000000 0.028160 0.001443 : 0.001085 0.000137 0.083259
805000.000000 0.028309 0.001462 : 0.001368 0.000307 0.083254
810000.000000 0.028314 0.001478 : 0.001327 0.000393 0.083222
815000.000000 0.028348 0.001483 : 0.001600 0.000629 0.082816
820000.000000 0.028319 0.001470 : 0.001603 0.000643 0.082709
825000.000000 0.028303 0.001462 : 0.001682 0.000742 0.082485
830000.000000 0.028203 0.001456 : 0.001770 0.000811 0.082029
835000.000000 0.028082 0.001448 : 0.001592 0.000795 0.081861
840000.000000 0.027838 0.001397 : 0.001292 0.000788 0.081433
845000.000000 0.027938 0.001371 : 0.001454 0.000975 0.081384
850000.000000 0.027896 0.001346 : 0.001557 0.000697 0.081435
855000.000000 0.027805 0.001322 : 0.001182 0.000709 0.081525
860000.000000 0.027737 0.001308 : 0.001178 0.000776 0.081256
865000.000000 0.027434 0.001279 : 0.000792 0.000561 0.080947
870000.000000 0.027324 0.001269 : 0.000723 0.000258 0.080990
875000.000000 0.027171 0.001240 : 0.000748 0.000104 0.080659
880000.000000 0.027011 0.001162 : 0.000577 -0.000115 0.080573
885000.000000 0.026857 0.001129 : 0.000368 -0.000144 0.080349
890000.000000 0.026800 0.001128 : 0.000522 -0.000034 0.079913
895000.000000 0.026912 0.001114 : 0.000869 0.000182 0.079686
900000.000000 0.027003 0.001109 : 0.000881 0.000671 0.079458
905000.000000 0.027124 0.001120 : 0.001197 0.001069 0.079105
910000.000000 0.027056 0.001099 : 0.001102 0.001051 0.079013
915000.000000 0.027068 0.001100 : 0.001259 0.001193 0.078753
920000.000000 0.026938 0.001110 : 0.001490 0.001316 0.078009
925000.000000 0.026846 0.001118 : 0.001425 0.001243 0.077871
930000.000000 0.026891 0.001132 : 0.001509 0.001404 0.077761
935000.000000 0.026727 0.001151 : 0.001270 0.001148 0.077765
940000.000000 0.026626 0.001168 : 0.001276 0.001023 0.077580
945000.000000 0.026573 0.001168 : 0.001296 0.000849 0.077574
950000.000000 0.026392 0.001171 : 0.000996 0.000839 0.077343
955000.000000 0.026285 0.001166 : 0.000982 0.000616 0.077256
960000.000000 0.026120 0.001175 : 0.000729 0.000529 0.077103
965000.000000 0.025783 0.001164 : 0.000494 0.000300 0.076556
970000.000000 0.025649 0.001136 : 0.000316 0.000143 0.076487
975000.000000 0.025428 0.001125 : 0.000302 -0.000138 0.076120
980000.000000 0.025321 0.001136 : 0.000398 -0.000175 0.075740
985000.000000 0.025195 0.001117 : 0.000338 -0.000471 0.075718
990000.000000 0.025266 0.001109 : 0.000251 -0.000189 0.075735
995000.000000 0.025222 0.001105 : 0.000402 -0.000259 0.075522
1000000.000000 0.025380 0.001096 : 0.000661 0.000077 0.075402
