0.000000 1.000000 1.000000 : 1.000000 1.000000 1.000000
10.000000 0.987885 0.987885 : 0.987888 0.987853 0.987913
20.000000 0.980074 0.980074 : 0.980093 0.980094 0.980036
30.000000 0.968534 0.968534 : 0.968472 0.968580 0.968551
40.000000 0.955122 0.955122 : 0.954956 0.955191 0.955220
50.000000 0.941151 0.941150 : 0.940908 0.941284 0.941262
60.000000 0.927790 0.927786 : 0.927424 0.927986 0.927959
70.000000 0.918456 0.918449 : 0.917957 0.918724 0.918685
80.000000 0.904573 0.904563 : 0.903954 0.904888 0.904876
90.000000 0.895180 0.895166 : 0.894439 0.895550 0.895552
100.000000 0.884390 0.884371 : 0.883594 0.884840 0.884735
110.000000 0.874957 0.874934 : 0.874047 0.875445 0.875380
120.000000 0.867719 0.867690 : 0.866712 0.868238 0.868206
130.000000 0.859731 0.859698 : 0.858659 0.860285 0.860248
140.000000 0.851237 0.851200 : 0.850099 0.851811 0.851802
150.000000 0.842577 0.842535 : 0.841378 0.843174 0.843180
160.000000 0.834428 0.834380 : 0.833168 0.835028 0.835088
170.000000 0.824995 0.824939 : 0.823674 0.825601 0.825708
180.000000 0.816713 0.816650 : 0.815348 0.817321 0.817469
190.000000 0.807306 0.807234 : 0.805911 0.807891 0.808115
200.000000 0.798690 0.798609 : 0.797283 0.799245 0.799543
210.000000 0.790865 0.790773 : 0.789434 0.791367 0.791793
220.000000 0.782254 0.782151 : 0.780822 0.782708 0.783233
230.000000 0.774319 0.774205 : 0.772917 0.774728 0.775313
240.000000 0.765890 0.765763 : 0.764490 0.766235 0.766946
250.000000 0.758978 0.758839 : 0.757598 0.759266 0.760071
260.000000 0.751372 0.751219 : 0.750033 0.751601 0.752481
270.000000 0.744630 0.744464 : 0.743337 0.744784 0.745770
280.000000 0.738225 0.738045 : 0.736975 0.738300 0.739399
290.000000 0.731882 0.731690 : 0.730662 0.731879 0.733105
300.000000 0.725950 0.725745 : 0.724786 0.725853 0.727211
310.000000 0.719448 0.719230 : 0.718350 0.719260 0.720734
320.000000 0.713653 0.713422 : 0.712613 0.713372 0.714973
330.000000 0.707649 0.707406 : 0.706675 0.707272 0.709001
340.000000 0.702009 0.701755 : 0.701094 0.701533 0.703401
350.000000 0.696111 0.695845 : 0.695273 0.695535 0.697526
360.000000 0.691022 0.690746 : 0.690243 0.690342 0.692481
370.000000 0.685648 0.685363 : 0.684932 0.684857 0.687154
380.000000 0.679980 0.679686 : 0.679332 0.679088 0.681520
390.000000 0.675051 0.674748 : 0.674472 0.674060 0.676621
400.000000 0.669874 0.669561 : 0.669363 0.668774 0.671484
410.000000 0.665177 0.664854 : 0.664714 0.663988 0.666829
420.000000 0.660046 0.659712 : 0.659649 0.658760 0.661728
430.000000 0.655664 0.655319 : 0.655327 0.654286 0.657381
440.000000 0.651273 0.650916 : 0.650997 0.649801 0.653020
450.000000 0.646605 0.646235 : 0.646391 0.645043 0.648381
460.000000 0.642356 0.641974 : 0.642199 0.640705 0.644164
470.000000 0.637863 0.637468 : 0.637769 0.636121 0.639700
480.000000 0.633749 0.633342 : 0.633708 0.631914 0.635624
490.000000 0.629419 0.629000 : 0.629440 0.627492 0.631325
500.000000 0.625318 0.624888 : 0.625385 0.623305 0.627265
510.000000 0.621142 0.620701 : 0.621257 0.619040 0.623129
520.000000 0.617037 0.616585 : 0.617212 0.614838 0.619061
530.000000 0.613158 0.612696 : 0.613378 0.610865 0.615230
540.000000 0.609017 0.608546 : 0.609282 0.606633 0.611135
550.000000 0.605126 0.604646 : 0.605432 0.602646 0.607299
560.000000 0.601263 0.600775 : 0.601613 0.598684 0.603493
570.000000 0.597601 0.597103 : 0.597992 0.594931 0.599880
580.000000 0.593725 0.593217 : 0.594158 0.590957 0.596060
590.000000 0.590149 0.589630 : 0.590632 0.587279 0.592538
600.000000 0.586548 0.586018 : 0.587084 0.583578 0.588982
610.000000 0.582843 0.582300 : 0.583434 0.579771 0.585325
620.000000 0.579429 0.578873 : 0.580068 0.576257 0.581963
630.000000 0.575885 0.575313 : 0.576575 0.572608 0.578472
640.000000 0.572478 0.571892 : 0.573217 0.569105 0.575113
650.000000 0.568989 0.568387 : 0.569772 0.565510 0.571684
660.000000 0.565725 0.565109 : 0.566551 0.562138 0.568486
670.000000 0.562368 0.561738 : 0.563242 0.558673 0.565189
680.000000 0.559000 0.558358 : 0.559909 0.555198 0.561893
690.000000 0.555784 0.555132 : 0.556729 0.551873 0.558750
700.000000 0.552515 0.551853 : 0.553496 0.548491 0.555558
710.000000 0.549335 0.548666 : 0.550346 0.545205 0.552453
720.000000 0.546128 0.545451 : 0.547167 0.541892 0.549324
730.000000 0.543021 0.542338 : 0.544091 0.538681 0.546290
740.000000 0.539884 0.539196 : 0.540983 0.535440 0.543228
750.000000 0.536786 0.536089 : 0.537914 0.532247 0.540196
760.000000 0.533767 0.533062 : 0.534927 0.529137 0.537238
770.000000 0.530752 0.530037 : 0.531940 0.526027 0.534288
780.000000 0.527724 0.527000 : 0.528938 0.522915 0.531320
790.000000 0.524731 0.523995 : 0.525972 0.519841 0.528380
800.000000 0.521889 0.521142 : 0.523158 0.516919 0.525590
810.000000 0.518958 0.518201 : 0.520253 0.513908 0.522713
820.000000 0.516029 0.515262 : 0.517351 0.510905 0.519831
830.000000 0.513203 0.512427 : 0.514552 0.508000 0.517056
840.000000 0.510430 0.509646 : 0.511808 0.505145 0.514338
850.000000 0.507638 0.506847 : 0.509046 0.502267 0.511601
860.000000 0.504829 0.504030 : 0.506262 0.499375 0.508849
870.000000 0.502129 0.501323 : 0.503591 0.496587 0.506208
880.000000 0.499433 0.498621 : 0.500929 0.493804 0.503565
890.000000 0.496782 0.495962 : 0.498310 0.491068 0.500969
900.000000 0.494122 0.493293 : 0.495679 0.488320 0.498368
910.000000 0.491492 0.490654 : 0.493079 0.485604 0.495793
920.000000 0.488922 0.488076 : 0.490542 0.482947 0.493278
930.000000 0.486377 0.485522 : 0.488025 0.480318 0.490789
940.000000 0.483847 0.482982 : 0.485525 0.477706 0.488308
950.000000 0.481294 0.480421 : 0.483001 0.475076 0.485805
960.000000 0.478837 0.477953 : 0.480575 0.472542 0.483395
970.000000 0.476400 0.475504 : 0.478167 0.470026 0.481007
980.000000 0.473951 0.473042 : 0.475745 0.467502 0.478607
990.000000 0.471521 0.470597 : 0.473339 0.464995 0.476228
1000.000000 0.469151 0.468212 : 0.470992 0.462554 0.473906
1010.000000 0.466810 0.465855 : 0.468675 0.460143 0.471613
1020.000000 0.464457 0.463485 : 0.466335 0.457723 0.469312
1030.000000 0.462177 0.461188 : 0.464073 0.455377 0.467081
1040.000000 0.459897 0.458890 : 0.461805 0.453029 0.464856
1050.000000 0.457631 0.456609 : 0.459551 0.450695 0.462647
1060.000000 0.455427 0.454389 : 0.457358 0.448422 0.460503
1070.000000 0.453234 0.452182 : 0.455172 0.446165 0.458366
1080.000000 0.451042 0.449974 : 0.452986 0.443908 0.456232
1090.000000 0.448888 0.447805 : 0.450839 0.441693 0.454132
1100.000000 0.446785 0.445688 : 0.448750 0.439528 0.452078
1110.000000 0.444664 0.443550 : 0.446633 0.437350 0.450009
1120.000000 0.442575 0.441447 : 0.444555 0.435208 0.447963
1130.000000 0.440526 0.439382 : 0.442519 0.433105 0.445955
1140.000000 0.438475 0.437316 : 0.440477 0.431005 0.443943
1150.000000 0.436459 0.435283 : 0.438472 0.428941 0.441963
1160.000000 0.434465 0.433274 : 0.436492 0.426897 0.440007
1170.000000 0.432475 0.431268 : 0.434519 0.424855 0.438051
1180.000000 0.430494 0.429269 : 0.432551 0.422822 0.436108
1190.000000 0.428557 0.427315 : 0.430632 0.420833 0.434206
1200.000000 0.426623 0.425364 : 0.428714 0.418848 0.432308
1210.000000 0.424708 0.423431 : 0.426812 0.416879 0.430433
1220.000000 0.422810 0.421517 : 0.424928 0.414929 0.428574
1230.000000 0.420924 0.419615 : 0.423055 0.412986 0.426731
1240.000000 0.419069 0.417743 : 0.421212 0.411080 0.424915
1250.000000 0.417219 0.415877 : 0.419375 0.409176 0.423106
1260.000000 0.415381 0.414023 : 0.417547 0.407289 0.421306
1270.000000 0.413554 0.412180 : 0.415733 0.405417 0.419512
1280.000000 0.411760 0.410370 : 0.413947 0.403577 0.417757
1290.000000 0.409975 0.408568 : 0.412168 0.401744 0.416014
1300.000000 0.408196 0.406772 : 0.410396 0.399918 0.414274
1310.000000 0.406436 0.404996 : 0.408643 0.398112 0.412553
1320.000000 0.404680 0.403222 : 0.406888 0.396314 0.410837
1330.000000 0.402952 0.401479 : 0.405164 0.394543 0.409151
1340.000000 0.401234 0.399742 : 0.403446 0.392782 0.407473
1350.000000 0.399508 0.397999 : 0.401720 0.391013 0.405791
1360.000000 0.397818 0.396289 : 0.400025 0.389283 0.404146
1370.000000 0.396156 0.394608 : 0.398356 0.387579 0.402535
1380.000000 0.394492 0.392925 : 0.396687 0.385871 0.400919
1390.000000 0.392835 0.391248 : 0.395019 0.384177 0.399308
1400.000000 0.391207 0.389602 : 0.393381 0.382509 0.397730
1410.000000 0.389591 0.387968 : 0.391751 0.380853 0.396168
1420.000000 0.387976 0.386336 : 0.390125 0.379195 0.394609
1430.000000 0.386382 0.384724 : 0.388514 0.377558 0.393072
1440.000000 0.384798 0.383123 : 0.386917 0.375928 0.391549
1450.000000 0.383219 0.381526 : 0.385328 0.374299 0.390031
1460.000000 0.381662 0.379950 : 0.383759 0.372689 0.388539
1470.000000 0.380113 0.378383 : 0.382199 0.371084 0.387056
1480.000000 0.378568 0.376818 : 0.380641 0.369489 0.385576
1490.000000 0.377049 0.375277 : 0.379111 0.367916 0.384120
1500.000000 0.375541 0.373748 : 0.377590 0.366353 0.382680
1510.000000 0.374042 0.372226 : 0.376088 0.364798 0.381240
1520.000000 0.372553 0.370716 : 0.374597 0.363255 0.379807
1530.000000 0.371078 0.369216 : 0.373120 0.361726 0.378388
1540.000000 0.369614 0.367730 : 0.371656 0.360213 0.376974
1550.000000 0.368161 0.366252 : 0.370200 0.358714 0.375569
1560.000000 0.366719 0.364787 : 0.368754 0.357229 0.374174
1570.000000 0.365280 0.363324 : 0.367308 0.355745 0.372788
1580.000000 0.363851 0.361874 : 0.365870 0.354273 0.371410
1590.000000 0.362436 0.360437 : 0.364448 0.352811 0.370048
1600.000000 0.361025 0.359005 : 0.363031 0.351355 0.368690
1610.000000 0.359624 0.357586 : 0.361623 0.349909 0.367341
1620.000000 0.358237 0.356179 : 0.360227 0.348479 0.366005
1630.000000 0.356859 0.354782 : 0.358839 0.347060 0.364677
1640.000000 0.355484 0.353389 : 0.357454 0.345644 0.363354
1650.000000 0.354121 0.352008 : 0.356076 0.344245 0.362044
1660.000000 0.352776 0.350640 : 0.354718 0.342862 0.360748
1670.000000 0.351437 0.349281 : 0.353363 0.341489 0.359460
1680.000000 0.350107 0.347928 : 0.352011 0.340129 0.358181
1690.000000 0.348792 0.346590 : 0.350672 0.338786 0.356918
1700.000000 0.347487 0.345261 : 0.349337 0.337454 0.355669
1710.000000 0.346184 0.343934 : 0.348005 0.336128 0.354419
1720.000000 0.344885 0.342612 : 0.346674 0.334808 0.353174
1730.000000 0.343604 0.341305 : 0.345357 0.333506 0.351949
1740.000000 0.342324 0.340001 : 0.344040 0.332204 0.350728
1750.000000 0.341047 0.338698 : 0.342728 0.330910 0.349502
1760.000000 0.339786 0.337415 : 0.341437 0.329632 0.348290
1770.000000 0.338539 0.336144 : 0.340154 0.328369 0.347094
1780.000000 0.337298 0.334879 : 0.338882 0.327114 0.345897
1790.000000 0.336054 0.333615 : 0.337611 0.325857 0.344694
1800.000000 0.334827 0.332367 : 0.336355 0.324611 0.343515
1810.000000 0.333607 0.331127 : 0.335105 0.323371 0.342345
1820.000000 0.332393 0.329893 : 0.333863 0.322134 0.341180
1830.000000 0.331192 0.328672 : 0.332634 0.320915 0.340026
1840.000000 0.329997 0.327458 : 0.331413 0.319703 0.338876
1850.000000 0.328811 0.326253 : 0.330195 0.318501 0.337738
1860.000000 0.327630 0.325053 : 0.328978 0.317314 0.336598
1870.000000 0.326457 0.323863 : 0.327769 0.316129 0.335475
1880.000000 0.325290 0.322679 : 0.326564 0.314954 0.334350
1890.000000 0.324125 0.321499 : 0.325362 0.313779 0.333234
1900.000000 0.322980 0.320339 : 0.324174 0.312627 0.332140
1910.000000 0.321834 0.319178 : 0.322984 0.311476 0.331041
1920.000000 0.320694 0.318025 : 0.321805 0.310325 0.329950
1930.000000 0.319563 0.316880 : 0.320630 0.309188 0.328871
1940.000000 0.318444 0.315745 : 0.319471 0.308056 0.327805
1950.000000 0.317332 0.314618 : 0.318318 0.306932 0.326744
1960.000000 0.316221 0.313490 : 0.317172 0.305806 0.325685
1970.000000 0.315125 0.312377 : 0.316039 0.304695 0.324639
1980.000000 0.314032 0.311265 : 0.314911 0.303591 0.323593
1990.000000 0.312950 0.310166 : 0.313796 0.302497 0.322557
2000.000000 0.311877 0.309074 : 0.312685 0.301418 0.321530
5000.000000 0.177853 0.174937 : 0.155090 0.158432 0.220036
10000.000000 0.102837 0.097240 : 0.072165 0.075638 0.160707
15000.000000 0.071010 0.062412 : 0.037125 0.040095 0.135810
20000.000000 0.054149 0.042498 : 0.018818 0.021657 0.121972
25000.000000 0.044478 0.029937 : 0.009620 0.011594 0.112219
30000.000000 0.038953 0.021879 : 0.004507 0.006826 0.105527
35000.000000 0.035754 0.016771 : 0.002733 0.004250 0.100280
40000.000000 0.033445 0.013263 : 0.001171 0.002714 0.096451
45000.000000 0.031925 0.010808 : 0.000700 0.002016 0.093059
50000.000000 0.030857 0.008994 : 0.000660 0.001880 0.090030
55000.000000 0.029745 0.007645 : 0.000282 0.001175 0.087779
60000.000000 0.028637 0.006528 : -0.000092 0.000697 0.085306
65000.000000 0.028012 0.005838 : 0.000402 0.000410 0.083223
70000.000000 0.027317 0.005166 : 0.000412 0.000228 0.081312
75000.000000 0.026823 0.004584 : 0.000296 0.000024 0.080149
80000.000000 0.026256 0.004111 : 0.000046 0.000112 0.078608
85000.000000 0.025618 0.003684 : -0.000231 -0.000089 0.077174
90000.000000 0.025412 0.003322 : -0.000054 0.000162 0.076127
95000.000000 0.025028 0.003028 : 0.000440 -0.000225 0.074871
100000.000000 0.024764 0.002818 : 0.000509 0.000037 0.073747
105000.000000 0.024348 0.002529 : 0.000356 0.000011 0.072676
110000.000000 0.023833 0.002364 : 0.000020 -0.000284 0.071763
115000.000000 0.023540 0.002164 : -0.000149 -0.000307 0.071076
120000.000000 0.023118 0.001985 : -0.000307 -0.000371 0.070031
125000.000000 0.022792 0.001855 : -0.000356 -0.000453 0.069186
130000.000000 0.022418 0.001726 : -0.000362 -0.000736 0.068351
135000.000000 0.022223 0.001653 : -0.000281 -0.000582 0.067532
140000.000000 0.022111 0.001516 : 0.000148 -0.000565 0.066749
145000.000000 0.022157 0.001415 : 0.000487 0.000018 0.065966
150000.000000 0.021797 0.001319 : 0.000175 -0.000118 0.065335
155000.000000 0.021565 0.001263 : 0.000284 -0.000183 0.064595
160000.000000 0.021381 0.001157 : 0.000215 -0.000207 0.064133
165000.000000 0.021263 0.001123 : 0.000084 -0.000058 0.063764
170000.000000 0.021115 0.001129 : 0.000275 -0.000164 0.063233
175000.000000 0.020833 0.001076 : 0.000223 0.000052 0.062226
180000.000000 0.020680 0.001031 : -0.000074 0.000050 0.062066
185000.000000 0.020439 0.000993 : -0.000040 -0.000293 0.061652
190000.000000 0.020266 0.000984 : -0.000022 -0.000194 0.061014
195000.000000 0.020361 0.000987 : 0.000165 0.000203 0.060714
200000.000000 0.020171 0.000979 : 0.000188 -0.000128 0.060452
205000.000000 0.019816 0.000968 : 0.000008 -0.000306 0.059747
210000.000000 0.019688 0.000933 : 0.000076 -0.000124 0.059113
215000.000000 0.019639 0.000957 : 0.000133 -0.000025 0.058808
220000.000000 0.019335 0.000895 : -0.000082 -0.000085 0.058170
225000.000000 0.019347 0.000880 : -0.000208 0.000427 0.057824
230000.000000 0.019199 0.000891 : 0.000015 0.000206 0.057377
235000.000000 0.018971 0.000882 : 0.000075 0.000246 0.056592
240000.000000 0.018848 0.000879 : 0.000095 -0.000079 0.056527
245000.000000 0.018820 0.000845 : 0.000102 0.000164 0.056195
250000.000000 0.018687 0.000824 : 0.000181 0.000232 0.055649
255000.000000 0.018502 0.000715 : -0.000104 0.000055 0.055556
260000.000000 0.018278 0.000674 : -0.000262 0.000121 0.054974
265000.000000 0.018296 0.000662 : -0.000025 0.000319 0.054594
270000.000000 0.018144 0.000645 : -0.000072 0.000254 0.054251
275000.000000 0.017886 0.000583 : -0.000250 -0.000021 0.053929
280000.000000 0.017858 0.000575 : 0.000012 -0.000114 0.053675
285000.000000 0.017718 0.000561 : -0.000059 0.000105 0.053108
290000.000000 0.017454 0.000558 : -0.000182 -0.000147 0.052691
295000.000000 0.017483 0.000571 : -0.000098 0.000110 0.052435
300000.000000 0.017367 0.000531 : 0.000018 -0.000147 0.052231
305000.000000 0.017401 0.000509 : 0.000198 -0.000085 0.052090
310000.000000 0.017263 0.000484 : 0.000043 0.000215 0.051533
315000.000000 0.017216 0.000463 : 0.000169 0.000203 0.051276
320000.000000 0.016958 0.000466 : -0.000068 0.000067 0.050875
325000.000000 0.016849 0.000432 : -0.000145 0.000129 0.050565
330000.000000 0.016649 0.000423 : -0.000094 -0.000344 0.050386
335000.000000 0.016581 0.000424 : 0.000026 -0.000336 0.050053
340000.000000 0.016478 0.000420 : 0.000109 -0.000359 0.049684
345000.000000 0.016391 0.000411 : -0.000004 -0.000142 0.049319
350000.000000 0.016396 0.000444 : 0.000289 -0.000237 0.049138
355000.000000 0.016163 0.000412 : -0.000142 -0.000281 0.048912
360000.000000 0.016153 0.000437 : 0.000108 -0.000287 0.048639
365000.000000 0.015973 0.000409 : -0.000178 -0.000257 0.048354
370000.000000 0.015738 0.000436 : -0.000172 -0.000685 0.048072
375000.000000 0.015753 0.000437 : -0.000045 -0.000639 0.047943
380000.000000 0.015747 0.000428 : -0.000024 -0.000202 0.047467
385000.000000 0.015689 0.000429 : 0.000043 0.000033 0.046991
390000.000000 0.015744 0.000395 : 0.000191 0.000008 0.047032
395000.000000 0.015700 0.000389 : 0.000011 0.000302 0.046786
400000.000000 0.015485 0.000391 : -0.000087 -0.000015 0.046558
405000.000000 0.015455 0.000397 : -0.000228 0.000258 0.046333
410000.000000 0.015350 0.000364 : 0.000034 0.000061 0.045955
415000.000000 0.015387 0.000401 : 0.000037 0.000219 0.045904
420000.000000 0.015177 0.000390 : 0.000005 0.000171 0.045356
425000.000000 0.015133 0.000403 : 0.000132 0.000023 0.045243
430000.000000 0.015092 0.000383 : 0.000073 0.000080 0.045123
435000.000000 0.014910 0.000376 : -0.000029 0.000008 0.044750
440000.000000 0.014906 0.000351 : 0.000223 -0.000112 0.044608
445000.000000 0.014717 0.000366 : -0.000042 -0.000257 0.044450
450000.000000 0.014517 0.000357 : -0.000054 -0.000330 0.043936
455000.000000 0.014525 0.000349 : 0.000057 -0.000305 0.043823
460000.000000 0.014484 0.000352 : -0.000059 -0.000363 0.043874
465000.000000 0.014411 0.000349 : -0.000073 -0.000311 0.043616
470000.000000 0.014569 0.000350 : 0.000310 0.000068 0.043330
475000.000000 0.014383 0.000350 : -0.000007 -0.000052 0.043207
480000.000000 0.014409 0.000341 : -0.000018 0.000268 0.042976
485000.000000 0.014407 0.000320 : 0.000090 0.000354 0.042776
490000.000000 0.014225 0.000304 : 0.000139 0.000093 0.042444
495000.000000 0.014172 0.000284 : 0.000092 0.000057 0.042366
500000.000000 0.013848 0.000277 : -0.000201 -0.000220 0.041965
505000.000000 0.013839 0.000264 : -0.000234 -0.000093 0.041843
510000.000000 0.013766 0.000242 : -0.000143 -0.000269 0.041710
515000.000000 0.013814 0.000261 : 0.000209 -0.000318 0.041550
520000.000000 0.013879 0.000280 : 0.000181 -0.000099 0.041554
525000.000000 0.013679 0.000255 : 0.000146 -0.000080 0.040970
530000.000000 0.013744 0.000271 : 0.000214 -0.000029 0.041048
535000.000000 0.013705 0.000248 : 0.000363 -0.000062 0.040814
540000.000000 0.013704 0.000272 : 0.000401 0.000063 0.040647
545000.000000 0.013568 0.000269 : 0.000235 -0.000030 0.040500
550000.000000 0.013527 0.000273 : 0.000224 0.000094 0.040264
555000.000000 0.013362 0.000266 : -0.000024 0.000114 0.039995
560000.000000 0.013422 0.000252 : 0.000236 0.000077 0.039952
565000.000000 0.013280 0.000247 : 0.000180 0.000100 0.039561
570000.000000 0.013178 0.000245 : 0.000053 0.000132 0.039348
575000.000000 0.012974 0.000254 : -0.000081 -0.000194 0.039197
580000.000000 0.013090 0.000247 : 0.000143 -0.000080 0.039206
585000.000000 0.013071 0.000253 : 0.000253 0.000074 0.038887
590000.000000 0.012856 0.000261 : 0.000047 -0.000055 0.038575
595000.000000 0.012816 0.000244 : -0.000028 0.000068 0.038409
600000.000000 0.012676 0.000235 : -0.000197 0.000148 0.038078
605000.000000 0.012830 0.000212 : 0.000257 0.000084 0.038150
610000.000000 0.012598 0.000221 : 0.000100 -0.000038 0.037732
615000.000000 0.012593 0.000213 : 0.000113 -0.000055 0.037721
620000.000000 0.012664 0.000215 : 0.000359 0.000094 0.037538
625000.000000 0.012422 0.000217 : -0.000030 0.000046 0.037250
630000.000000 0.012340 0.000206 : -0.000163 0.000218 0.036966
635000.000000 0.012383 0.000180 : -0.000040 0.000210 0.036979
640000.000000 0.012308 0.000214 : 0.000031 0.000114 0.036778
645000.000000 0.012123 0.000212 : -0.000117 -0.000172 0.036657
650000.000000 0.012170 0.000209 : -0.000042 0.000031 0.036521
655000.000000 0.012140 0.000185 : 0.000117 -0.000065 0.036368
660000.000000 0.012194 0.000187 : 0.000342 0.000086 0.036156
665000.000000 0.012152 0.000180 : 0.000303 0.000111 0.036041
670000.000000 0.012106 0.000188 : 0.000378 0.000115 0.035826
675000.000000 0.012007 0.000200 : 0.000137 0.000214 0.035670
680000.000000 0.011857 0.000187 : 0.000199 -0.000031 0.035402
685000.000000 0.011787 0.000201 : 0.000292 -0.000063 0.035132
690000.000000 0.011775 0.000172 : 0.000262 -0.000109 0.035172
695000.000000 0.011591 0.000167 : 0.000096 -0.000278 0.034957
700000.000000 0.011602 0.000166 : 0.000185 -0.000189 0.034809
705000.000000 0.011557 0.000151 : 0.000151 -0.000105 0.034626
710000.000000 0.011472 0.000143 : 0.000200 -0.000436 0.034652
715000.000000 0.011403 0.000157 : 0.000324 -0.000357 0.034240
720000.000000 0.011468 0.000172 : 0.000411 -0.000085 0.034079
725000.000000 0.011370 0.000134 : 0.000097 0.000155 0.033858
730000.000000 0.011353 0.000130 : 0.000179 0.000184 0.033697
735000.000000 0.011344 0.000118 : -0.000084 0.000165 0.033950
740000.000000 0.011154 0.000118 : -0.000018 -0.000104 0.033584
745000.000000 0.011156 0.000135 : -0.000063 0.000043 0.033488
750000.000000 0.011061 0.000121 : -0.000064 0.000015 0.033232
755000.000000 0.011035 0.000131 : -0.000118 -0.000062 0.033287
760000.000000 0.011023 0.000162 : -0.000090 0.000054 0.033106
765000.000000 0.010929 0.000155 : -0.000007 0.000101 0.032693
770000.000000 0.010885 0.000189 : 0.000087 0.000025 0.032542
775000.000000 0.010847 0.000155 : 0.000031 0.000102 0.032408
780000.000000 0.010824 0.000167 : 0.000142 -0.000046 0.032376
785000.000000 0.010803 0.000143 : 0.000008 0.000261 0.032139
790000.000000 0.010756 0.000153 : -0.000058 0.000283 0.032043
795000.000000 0.010707 0.000139 : -0.000010 0.000262 0.031868
800000.000000 0.010719 0.000143 : 0.000005 0.000153 0.032000
805000.000000 0.010570 0.000162 : -0.000094 -0.000282 0.032084
810000.000000 0.010720 0.000142 : 0.000070 0.000330 0.031760
815000.000000 0.010405 0.000151 : -0.000344 -0.000079 0.031639
820000.000000 0.010390 0.000140 : -0.000217 0.000050 0.031336
825000.000000 0.010434 0.000152 : -0.000188 0.000089 0.031403
830000.000000 0.010374 0.000162 : -0.000157 0.000155 0.031123
835000.000000 0.010306 0.000136 : -0.000176 -0.000037 0.031129
840000.000000 0.010397 0.000149 : 0.000165 0.000179 0.030846
845000.000000 0.010269 0.000156 : -0.000032 0.000059 0.030780
850000.000000 0.010409 0.000165 : 0.000330 0.000114 0.030783
855000.000000 0.010266 0.000129 : 0.000229 0.000081 0.030489
860000.000000 0.010012 0.000132 : -0.000144 -0.000094 0.030275
865000.000000 0.009920 0.000140 : -0.000171 -0.000059 0.029990
870000.000000 0.010008 0.000136 : 0.000177 -0.000077 0.029925
875000.000000 0.009818 0.000137 : -0.000319 -0.000168 0.029940
880000.000000 0.009677 0.000139 : -0.000232 -0.000179 0.029441
885000.000000 0.009672 0.000116 : -0.000250 -0.000193 0.029459
890000.000000 0.009719 0.000134 : 0.000100 -0.000313 0.029369
895000.000000 0.009788 0.000132 : 0.000027 -0.000033 0.029371
900000.000000 0.009769 0.000115 : 0.000152 0.000006 0.029148
905000.000000 0.009666 0.000120 : 0.000151 -0.000111 0.028958
910000.000000 0.009786 0.000105 : 0.000206 0.000111 0.029041
915000.000000 0.009668 0.000108 : 0.000305 -0.000049 0.028746
920000.000000 0.009636 0.000103 : 0.000128 -0.000091 0.028870
925000.000000 0.009553 0.000109 : 0.000171 -0.000035 0.028522
930000.000000 0.009532 0.000102 : 0.000214 -0.000095 0.028476
935000.000000 0.009508 0.000084 : 0.000199 -0.000163 0.028488
940000.000000 0.009519 0.000101 : 0.000115 -0.000045 0.028486
945000.000000 0.009411 0.000114 : -0.000061 -0.000096 0.028389
950000.000000 0.009495 0.000116 : 0.000153 -0.000025 0.028357
955000.000000 0.009429 0.000113 : 0.000124 0.000096 0.028067
960000.000000 0.009423 0.000121 : -0.000009 0.000085 0.028193
965000.000000 0.009310 0.000120 : -0.000058 -0.000032 0.028020
970000.000000 0.009333 0.000112 : 0.000077 0.000088 0.027834
975000.000000 0.009125 0.000114 : 0.000008 -0.000175 0.027544
980000.000000 0.009186 0.000123 : -0.000055 -0.000171 0.027783
985000.000000 0.009281 0.000115 : 0.000202 0.000064 0.027575
990000.000000 0.009334 0.000098 : 0.000452 -0.000090 0.027640
995000.000000 0.009238 0.000093 : -0.000013 0.000215 0.027513
1000000.000000 0.009104 0.000084 : 0.000170 -0.000060 0.027202
