0.000000 1.000000 1.000000 : 1.000000 1.000000 1.000000
10.000000 0.977605 0.977605 : 0.977612 0.977547 0.977657
20.000000 0.963342 0.963342 : 0.963377 0.963377 0.963271
30.000000 0.942588 0.942587 : 0.942478 0.942669 0.942615
40.000000 0.918919 0.918917 : 0.918633 0.919039 0.919086
50.000000 0.894823 0.894818 : 0.894417 0.895053 0.894999
60.000000 0.872267 0.872256 : 0.871671 0.872598 0.872530
70.000000 0.857143 0.857124 : 0.856350 0.857590 0.857489
80.000000 0.834491 0.834461 : 0.833534 0.835002 0.834937
90.000000 0.819602 0.819560 : 0.818476 0.820187 0.820141
100.000000 0.802621 0.802567 : 0.801456 0.803328 0.803078
110.000000 0.787860 0.787793 : 0.786545 0.788612 0.788424
120.000000 0.776948 0.776868 : 0.775517 0.777737 0.777590
130.000000 0.764681 0.764588 : 0.763185 0.765514 0.765344
140.000000 0.751538 0.751432 : 0.749972 0.752388 0.752254
150.000000 0.738390 0.738269 : 0.736769 0.739263 0.739138
160.000000 0.726071 0.725935 : 0.724388 0.726938 0.726887
170.000000 0.711975 0.711821 : 0.710237 0.712842 0.712845
180.000000 0.699786 0.699614 : 0.698017 0.700648 0.700692
190.000000 0.686008 0.685814 : 0.684241 0.686822 0.686961
200.000000 0.673683 0.673467 : 0.671946 0.674438 0.674666
210.000000 0.662712 0.662472 : 0.660985 0.663373 0.663778
220.000000 0.650701 0.650435 : 0.649024 0.651275 0.651804
230.000000 0.639761 0.639471 : 0.638176 0.640259 0.640848
240.000000 0.628262 0.627943 : 0.626718 0.628652 0.629414
250.000000 0.619087 0.618742 : 0.617611 0.619382 0.620267
260.000000 0.608920 0.608548 : 0.607540 0.609122 0.610097
270.000000 0.600030 0.599631 : 0.598745 0.600111 0.601235
280.000000 0.591721 0.591295 : 0.590525 0.591675 0.592963
290.000000 0.583582 0.583130 : 0.582444 0.583409 0.584893
300.000000 0.575972 0.575492 : 0.574926 0.575652 0.577337
310.000000 0.567678 0.567173 : 0.566737 0.567215 0.569083
320.000000 0.560342 0.559811 : 0.559485 0.559731 0.561809
330.000000 0.552828 0.552274 : 0.552069 0.552069 0.554345
340.000000 0.545758 0.545184 : 0.545082 0.544841 0.547350
350.000000 0.538379 0.537784 : 0.537818 0.537308 0.540011
360.000000 0.532202 0.531590 : 0.531726 0.530967 0.533912
370.000000 0.525557 0.524932 : 0.525172 0.524151 0.527349
380.000000 0.518613 0.517973 : 0.518323 0.517050 0.520467
390.000000 0.512627 0.511972 : 0.512426 0.510914 0.514542
400.000000 0.506354 0.505685 : 0.506243 0.504474 0.508346
410.000000 0.500735 0.500050 : 0.500674 0.498721 0.502810
420.000000 0.494507 0.493802 : 0.494525 0.492349 0.496646
430.000000 0.489331 0.488606 : 0.489418 0.487030 0.491546
440.000000 0.484138 0.483393 : 0.484296 0.481695 0.486423
450.000000 0.478614 0.477844 : 0.478840 0.476037 0.480965
460.000000 0.473615 0.472824 : 0.473898 0.470905 0.476042
470.000000 0.468334 0.467520 : 0.468685 0.465487 0.470831
480.000000 0.463556 0.462722 : 0.463955 0.460570 0.466143
490.000000 0.458512 0.457658 : 0.458973 0.455389 0.461175
500.000000 0.453762 0.452888 : 0.454258 0.450509 0.456520
510.000000 0.448946 0.448053 : 0.449483 0.445559 0.451797
520.000000 0.444257 0.443346 : 0.444852 0.440721 0.447199
530.000000 0.439841 0.438912 : 0.440467 0.436162 0.442894
540.000000 0.435130 0.434186 : 0.435792 0.431311 0.438287
550.000000 0.430718 0.429759 : 0.431408 0.426753 0.433994
560.000000 0.426386 0.425410 : 0.427108 0.422266 0.429783
570.000000 0.422289 0.421294 : 0.423039 0.418033 0.425796
580.000000 0.417941 0.416928 : 0.418721 0.413539 0.421564
590.000000 0.414003 0.412968 : 0.414824 0.409446 0.417739
600.000000 0.410004 0.408946 : 0.410862 0.405304 0.413846
610.000000 0.405912 0.404829 : 0.406814 0.401063 0.409859
620.000000 0.402180 0.401070 : 0.403115 0.397183 0.406241
630.000000 0.398299 0.397159 : 0.399271 0.393151 0.402476
640.000000 0.394586 0.393418 : 0.395589 0.389300 0.398870
650.000000 0.390795 0.389598 : 0.391823 0.385354 0.395209
660.000000 0.387295 0.386069 : 0.388346 0.381690 0.391848
670.000000 0.383682 0.382430 : 0.384762 0.377916 0.388369
680.000000 0.380077 0.378801 : 0.381169 0.374149 0.384913
690.000000 0.376661 0.375363 : 0.377763 0.370568 0.381652
700.000000 0.373190 0.371871 : 0.374306 0.366930 0.378335
710.000000 0.369830 0.368496 : 0.370950 0.363414 0.375125
720.000000 0.366464 0.365113 : 0.367588 0.359895 0.371907
730.000000 0.363207 0.361843 : 0.364337 0.356491 0.368793
740.000000 0.359927 0.358550 : 0.361062 0.353068 0.365650
750.000000 0.356708 0.355313 : 0.357852 0.349716 0.362557
760.000000 0.353588 0.352177 : 0.354738 0.346474 0.359551
770.000000 0.350478 0.349050 : 0.351636 0.343238 0.356560
780.000000 0.347346 0.345899 : 0.348498 0.340000 0.353540
790.000000 0.344280 0.342813 : 0.345434 0.336833 0.350573
800.000000 0.341393 0.339907 : 0.342543 0.333850 0.347786
810.000000 0.338403 0.336900 : 0.339546 0.330769 0.344894
820.000000 0.335427 0.333905 : 0.336562 0.327709 0.342011
830.000000 0.332576 0.331038 : 0.333702 0.324768 0.339258
840.000000 0.329805 0.328252 : 0.330925 0.321899 0.336593
850.000000 0.327008 0.325442 : 0.328123 0.318998 0.333902
860.000000 0.324198 0.322617 : 0.325302 0.316088 0.331203
870.000000 0.321519 0.319924 : 0.322623 0.313301 0.328635
880.000000 0.318859 0.317251 : 0.319966 0.310535 0.326076
890.000000 0.316255 0.314629 : 0.317361 0.307826 0.323577
900.000000 0.313636 0.311992 : 0.314743 0.305098 0.321066
910.000000 0.311064 0.309402 : 0.312173 0.302422 0.318598
920.000000 0.308565 0.306886 : 0.309683 0.299814 0.316197
930.000000 0.306100 0.304402 : 0.307220 0.297248 0.313831
940.000000 0.303647 0.301932 : 0.304780 0.294696 0.311466
950.000000 0.301182 0.299447 : 0.302321 0.292136 0.309088
960.000000 0.298829 0.297073 : 0.299979 0.289690 0.306820
970.000000 0.296500 0.294721 : 0.297658 0.287265 0.304577
980.000000 0.294168 0.292363 : 0.295331 0.284836 0.302337
990.000000 0.291857 0.290024 : 0.293023 0.282429 0.300119
1000.000000 0.289623 0.287763 : 0.290787 0.280109 0.297974
1010.000000 0.287425 0.285536 : 0.288592 0.277819 0.295866
1020.000000 0.285222 0.283301 : 0.286370 0.275537 0.293757
1030.000000 0.283099 0.281149 : 0.284237 0.273333 0.291728
1040.000000 0.280980 0.278998 : 0.282094 0.271130 0.289717
1050.000000 0.278883 0.276873 : 0.279970 0.268946 0.287732
1060.000000 0.276854 0.274816 : 0.277912 0.266833 0.285819
1070.000000 0.274838 0.272774 : 0.275859 0.264736 0.283917
1080.000000 0.272827 0.270733 : 0.273816 0.262641 0.282023
1090.000000 0.270861 0.268738 : 0.271814 0.260598 0.280169
1100.000000 0.268950 0.266798 : 0.269881 0.258609 0.278359
1110.000000 0.267025 0.264840 : 0.267922 0.256612 0.276542
1120.000000 0.265137 0.262921 : 0.266007 0.254657 0.274748
1130.000000 0.263292 0.261046 : 0.264136 0.252743 0.272995
1140.000000 0.261446 0.259173 : 0.262264 0.250832 0.271241
1150.000000 0.259641 0.257337 : 0.260436 0.248965 0.269523
1160.000000 0.257858 0.255528 : 0.258632 0.247113 0.267830
1170.000000 0.256078 0.253722 : 0.256835 0.245262 0.266138
1180.000000 0.254312 0.251928 : 0.255045 0.243432 0.264460
1190.000000 0.252594 0.250182 : 0.253309 0.241647 0.262827
1200.000000 0.250879 0.248439 : 0.251572 0.239868 0.261197
1210.000000 0.249187 0.246722 : 0.249856 0.238108 0.259596
1220.000000 0.247514 0.245022 : 0.248160 0.236369 0.258013
1230.000000 0.245854 0.243339 : 0.246480 0.234635 0.256448
1240.000000 0.244235 0.241692 : 0.244839 0.232951 0.254915
1250.000000 0.242623 0.240053 : 0.243204 0.231274 0.253392
1260.000000 0.241023 0.238426 : 0.241579 0.229616 0.251873
1270.000000 0.239439 0.236811 : 0.239975 0.227984 0.250359
1280.000000 0.237892 0.235238 : 0.238400 0.226379 0.248896
1290.000000 0.236357 0.233674 : 0.236839 0.224787 0.247445
1300.000000 0.234825 0.232116 : 0.235284 0.223192 0.245999
1310.000000 0.233316 0.230583 : 0.233750 0.221624 0.244574
1320.000000 0.231815 0.229054 : 0.232219 0.220067 0.243158
1330.000000 0.230340 0.227557 : 0.230718 0.218532 0.241770
1340.000000 0.228879 0.226069 : 0.229225 0.217019 0.240392
1350.000000 0.227411 0.224574 : 0.227726 0.215493 0.239013
1360.000000 0.225990 0.223122 : 0.226266 0.214027 0.237678
1370.000000 0.224601 0.221699 : 0.224831 0.212590 0.236382
1380.000000 0.223211 0.220275 : 0.223399 0.211157 0.235078
1390.000000 0.221832 0.218861 : 0.221969 0.209746 0.233781
1400.000000 0.220482 0.217479 : 0.220570 0.208365 0.232511
1410.000000 0.219152 0.216115 : 0.219181 0.207008 0.231267
1420.000000 0.217822 0.214754 : 0.217800 0.205644 0.230022
1430.000000 0.216509 0.213412 : 0.216426 0.204301 0.228801
1440.000000 0.215217 0.212086 : 0.215076 0.202974 0.227601
1450.000000 0.213928 0.210765 : 0.213736 0.201639 0.226407
1460.000000 0.212659 0.209468 : 0.212416 0.200317 0.225243
1470.000000 0.211397 0.208177 : 0.211106 0.199000 0.224086
1480.000000 0.210145 0.206893 : 0.209798 0.197697 0.222938
1490.000000 0.208921 0.205638 : 0.208524 0.196420 0.221820
1500.000000 0.207712 0.204393 : 0.207261 0.195148 0.220726
1510.000000 0.206513 0.203159 : 0.206027 0.193888 0.219625
1520.000000 0.205326 0.201935 : 0.204803 0.192643 0.218532
1530.000000 0.204157 0.200724 : 0.203601 0.191412 0.217457
1540.000000 0.202999 0.199528 : 0.202411 0.190203 0.216384
1550.000000 0.201848 0.198338 : 0.201225 0.189007 0.215313
1560.000000 0.200712 0.197161 : 0.200047 0.187835 0.214253
1570.000000 0.199579 0.195988 : 0.198865 0.186662 0.213210
1580.000000 0.198452 0.194828 : 0.197686 0.185498 0.212173
1590.000000 0.197338 0.193679 : 0.196519 0.184345 0.211148
1600.000000 0.196231 0.192538 : 0.195358 0.183203 0.210131
1610.000000 0.195131 0.191410 : 0.194207 0.182068 0.209120
1620.000000 0.194046 0.190296 : 0.193066 0.180950 0.208123
1630.000000 0.192974 0.189195 : 0.191939 0.179851 0.207132
1640.000000 0.191907 0.188098 : 0.190818 0.178750 0.206152
1650.000000 0.190852 0.187013 : 0.189701 0.177668 0.205186
1660.000000 0.189820 0.185947 : 0.188613 0.176608 0.204239
1670.000000 0.188795 0.184888 : 0.187528 0.175555 0.203304
1680.000000 0.187779 0.183837 : 0.186441 0.174521 0.202377
1690.000000 0.186780 0.182801 : 0.185365 0.173501 0.201472
1700.000000 0.185787 0.181774 : 0.184286 0.172498 0.200576
1710.000000 0.184793 0.180746 : 0.183208 0.171495 0.199677
1720.000000 0.183805 0.179723 : 0.182125 0.170505 0.198783
1730.000000 0.182834 0.178718 : 0.181054 0.169537 0.197910
1740.000000 0.181862 0.177712 : 0.179982 0.168565 0.197038
1750.000000 0.180894 0.176709 : 0.178921 0.167602 0.196158
1760.000000 0.179943 0.175727 : 0.177881 0.166657 0.195290
1770.000000 0.179006 0.174757 : 0.176850 0.165729 0.194440
1780.000000 0.178077 0.173795 : 0.175834 0.164805 0.193592
1790.000000 0.177143 0.172833 : 0.174820 0.163874 0.192735
1800.000000 0.176227 0.171891 : 0.173820 0.162953 0.191909
1810.000000 0.175320 0.170956 : 0.172826 0.162036 0.191096
1820.000000 0.174417 0.170024 : 0.171848 0.161111 0.190291
1830.000000 0.173524 0.169107 : 0.170878 0.160208 0.189487
1840.000000 0.172638 0.168194 : 0.169922 0.159304 0.188688
1850.000000 0.171761 0.167291 : 0.168971 0.158411 0.187903
1860.000000 0.170888 0.166390 : 0.168016 0.157539 0.187110
1870.000000 0.170026 0.165502 : 0.167070 0.156666 0.186342
1880.000000 0.169170 0.164619 : 0.166127 0.155806 0.185577
1890.000000 0.168315 0.163740 : 0.165185 0.154944 0.184816
1900.000000 0.167483 0.162882 : 0.164252 0.154114 0.184085
1910.000000 0.166645 0.162023 : 0.163312 0.153274 0.183349
1920.000000 0.165811 0.161167 : 0.162383 0.152433 0.182617
1930.000000 0.164989 0.160323 : 0.161453 0.151613 0.181901
1940.000000 0.164176 0.159487 : 0.160537 0.150788 0.181202
1950.000000 0.163370 0.158657 : 0.159632 0.149975 0.180504
1960.000000 0.162563 0.157823 : 0.158737 0.149151 0.179800
1970.000000 0.161772 0.157005 : 0.157858 0.148346 0.179112
1980.000000 0.160984 0.156186 : 0.156987 0.147547 0.178417
1990.000000 0.160204 0.155378 : 0.156126 0.146756 0.177729
2000.000000 0.159440 0.154579 : 0.155274 0.145988 0.177056
5000.000000 0.078166 0.073219 : 0.056069 0.057944 0.120486
10000.000000 0.042537 0.034473 : 0.017966 0.019224 0.090421
15000.000000 0.031014 0.020119 : 0.006532 0.007758 0.078751
20000.000000 0.025927 0.012890 : 0.002243 0.003094 0.072443
25000.000000 0.023291 0.008802 : 0.000901 0.001561 0.067411
30000.000000 0.021845 0.006421 : 0.000633 0.000733 0.064169
35000.000000 0.020654 0.004846 : 0.000319 0.000273 0.061369
40000.000000 0.019809 0.003979 : -0.000083 0.000227 0.059283
45000.000000 0.019337 0.003315 : -0.000051 0.000138 0.057926
50000.000000 0.018800 0.002812 : 0.000145 0.000180 0.056075
55000.000000 0.018295 0.002430 : 0.000311 -0.000349 0.054924
60000.000000 0.017586 0.002055 : 0.000004 -0.000494 0.053248
65000.000000 0.017345 0.001880 : 0.000211 -0.000267 0.052092
70000.000000 0.017016 0.001635 : 0.000142 -0.000261 0.051167
75000.000000 0.016931 0.001496 : 0.000425 -0.000020 0.050389
80000.000000 0.016452 0.001347 : 0.000188 -0.000094 0.049261
85000.000000 0.016104 0.001189 : -0.000197 0.000122 0.048388
90000.000000 0.015927 0.001135 : -0.000093 0.000130 0.047744
95000.000000 0.015679 0.001011 : -0.000024 0.000011 0.047051
100000.000000 0.015321 0.000930 : -0.000162 -0.000070 0.046194
105000.000000 0.015146 0.000850 : -0.000013 -0.000099 0.045551
110000.000000 0.014835 0.000794 : -0.000204 -0.000310 0.045017
115000.000000 0.014803 0.000731 : -0.000186 0.000054 0.044542
120000.000000 0.014619 0.000690 : -0.000102 0.000086 0.043874
125000.000000 0.014505 0.000680 : 0.000019 0.000254 0.043243
130000.000000 0.014328 0.000665 : 0.000097 0.000127 0.042762
135000.000000 0.014251 0.000620 : 0.000087 0.000372 0.042295
140000.000000 0.014006 0.000583 : 0.000278 0.000081 0.041657
145000.000000 0.013838 0.000528 : 0.000155 0.000111 0.041246
150000.000000 0.013763 0.000493 : 0.000600 -0.000222 0.040911
155000.000000 0.013492 0.000425 : 0.000107 -0.000084 0.040454
160000.000000 0.013307 0.000372 : -0.000162 -0.000022 0.040104
165000.000000 0.013239 0.000396 : 0.000036 0.000155 0.039526
170000.000000 0.013063 0.000377 : -0.000152 0.000081 0.039259
175000.000000 0.013112 0.000378 : 0.000151 0.000334 0.038852
180000.000000 0.012644 0.000325 : -0.000230 -0.000106 0.038268
185000.000000 0.012651 0.000356 : -0.000047 -0.000087 0.038086
190000.000000 0.012699 0.000337 : 0.000041 0.000146 0.037910
195000.000000 0.012613 0.000343 : 0.000168 0.000117 0.037555
200000.000000 0.012487 0.000308 : -0.000225 0.000186 0.037499
205000.000000 0.012147 0.000309 : -0.000274 -0.000236 0.036951
210000.000000 0.012078 0.000246 : 0.000061 -0.000247 0.036421
215000.000000 0.012116 0.000297 : 0.000124 -0.000086 0.036310
220000.000000 0.011840 0.000263 : -0.000068 -0.000246 0.035834
225000.000000 0.011978 0.000291 : 0.000017 0.000251 0.035667
230000.000000 0.011770 0.000249 : -0.000011 0.000150 0.035171
235000.000000 0.011668 0.000277 : -0.000004 0.000112 0.034897
240000.000000 0.011494 0.000258 : -0.000262 0.000078 0.034667
245000.000000 0.011427 0.000255 : -0.000242 0.000229 0.034295
250000.000000 0.011313 0.000230 : -0.000164 0.000128 0.033976
255000.000000 0.011246 0.000193 : -0.000132 0.000082 0.033788
260000.000000 0.011089 0.000172 : -0.000067 -0.000056 0.033389
265000.000000 0.011181 0.000180 : 0.000073 0.000246 0.033223
270000.000000 0.010988 0.000181 : 0.000146 0.000078 0.032739
275000.000000 0.010813 0.000148 : 0.000016 -0.000246 0.032670
280000.000000 0.010805 0.000162 : -0.000018 0.000097 0.032336
285000.000000 0.010674 0.000172 : -0.000143 -0.000030 0.032194
290000.000000 0.010611 0.000163 : -0.000243 0.000261 0.031814
295000.000000 0.010417 0.000155 : -0.000198 0.000057 0.031393
300000.000000 0.010614 0.000156 : 0.000047 0.000155 0.031640
305000.000000 0.010345 0.000154 : -0.000181 0.000071 0.031146
310000.000000 0.010290 0.000157 : 0.000142 -0.000191 0.030919
315000.000000 0.010320 0.000155 : 0.000178 -0.000138 0.030920
320000.000000 0.010162 0.000146 : 0.000185 -0.000128 0.030430
325000.000000 0.010088 0.000143 : 0.000133 -0.000141 0.030271
330000.000000 0.010067 0.000138 : 0.000129 -0.000092 0.030165
335000.000000 0.009947 0.000127 : 0.000008 -0.000128 0.029960
340000.000000 0.009881 0.000142 : -0.000054 -0.000037 0.029734
345000.000000 0.009783 0.000113 : -0.000232 0.000034 0.029548
350000.000000 0.009875 0.000123 : -0.000008 0.000117 0.029517
355000.000000 0.009714 0.000140 : 0.000191 0.000001 0.028951
360000.000000 0.009599 0.000135 : -0.000160 0.000014 0.028942
365000.000000 0.009546 0.000128 : -0.000080 -0.000003 0.028722
370000.000000 0.009470 0.000138 : -0.000127 -0.000015 0.028554
375000.000000 0.009395 0.000139 : -0.000102 -0.000101 0.028389
380000.000000 0.009422 0.000124 : -0.000137 -0.000012 0.028414
385000.000000 0.009312 0.000121 : -0.000122 -0.000101 0.028160
390000.000000 0.009227 0.000120 : -0.000124 -0.000086 0.027890
395000.000000 0.009158 0.000116 : -0.000122 0.000021 0.027576
400000.000000 0.009128 0.000119 : -0.000137 -0.000022 0.027541
405000.000000 0.009091 0.000105 : -0.000239 0.000125 0.027387
410000.000000 0.008986 0.000094 : -0.000103 0.000027 0.027035
415000.000000 0.008959 0.000108 : -0.000007 -0.000102 0.026986
420000.000000 0.008966 0.000127 : -0.000022 0.000160 0.026759
425000.000000 0.009019 0.000135 : 0.000015 0.000341 0.026702
430000.000000 0.008869 0.000124 : 0.000085 0.000061 0.026460
435000.000000 0.008686 0.000121 : -0.000092 -0.000049 0.026200
440000.000000 0.008684 0.000106 : -0.000005 -0.000057 0.026114
445000.000000 0.008643 0.000099 : 0.000065 -0.000172 0.026035
450000.000000 0.008571 0.000113 : -0.000035 -0.000037 0.025786
455000.000000 0.008479 0.000116 : -0.000039 -0.000022 0.025499
460000.000000 0.008329 0.000101 : 0.000028 -0.000258 0.025216
465000.000000 0.008330 0.000113 : 0.000238 -0.000397 0.025147
470000.000000 0.008462 0.000101 : 0.000235 -0.000107 0.025257
475000.000000 0.008465 0.000108 : 0.000285 -0.000108 0.025219
480000.000000 0.008290 0.000100 : 0.000069 -0.000288 0.025090
485000.000000 0.008278 0.000090 : 0.000156 -0.000137 0.024814
490000.000000 0.008105 0.000087 : -0.000074 -0.000258 0.024647
495000.000000 0.008116 0.000087 : -0.000204 0.000064 0.024487
500000.000000 0.008129 0.000090 : -0.000050 -0.000066 0.024503
505000.000000 0.007989 0.000102 : -0.000049 -0.000145 0.024161
510000.000000 0.008061 0.000084 : 0.000035 -0.000023 0.024173
515000.000000 0.007977 0.000088 : -0.000038 0.000036 0.023935
520000.000000 0.008005 0.000096 : -0.000170 0.000145 0.024041
525000.000000 0.007803 0.000085 : -0.000004 -0.000334 0.023746
530000.000000 0.007925 0.000091 : -0.000103 0.000044 0.023835
535000.000000 0.007742 0.000083 : -0.000143 -0.000057 0.023426
540000.000000 0.007703 0.000080 : -0.000298 0.000191 0.023217
545000.000000 0.007693 0.000071 : 0.000077 -0.000282 0.023286
550000.000000 0.007704 0.000082 : 0.000064 -0.000124 0.023173
555000.000000 0.007671 0.000068 : 0.000032 -0.000008 0.022989
560000.000000 0.007634 0.000087 : 0.000164 -0.000103 0.022840
565000.000000 0.007467 0.000095 : -0.000036 -0.000185 0.022623
570000.000000 0.007534 0.000086 : -0.000066 -0.000017 0.022685
575000.000000 0.007299 0.000063 : -0.000082 -0.000246 0.022224
580000.000000 0.007416 0.000065 : 0.000031 0.000008 0.022211
585000.000000 0.007269 0.000069 : 0.000068 -0.000186 0.021926
590000.000000 0.007319 0.000059 : -0.000020 -0.000011 0.021989
595000.000000 0.007236 0.000073 : -0.000003 -0.000063 0.021775
600000.000000 0.007110 0.000072 : 0.000017 -0.000006 0.021319
605000.000000 0.007178 0.000068 : -0.000027 -0.000039 0.021599
610000.000000 0.007049 0.000083 : 0.000010 -0.000145 0.021281
615000.000000 0.006857 0.000057 : -0.000270 -0.000202 0.021044
620000.000000 0.006975 0.000066 : -0.000095 0.000042 0.020980
625000.000000 0.006907 0.000064 : -0.000184 0.000034 0.020871
630000.000000 0.006877 0.000051 : -0.000185 0.000005 0.020809
635000.000000 0.006796 0.000055 : -0.000177 -0.000020 0.020586
640000.000000 0.006848 0.000053 : 0.000078 0.000098 0.020367
645000.000000 0.006717 0.000059 : -0.000008 -0.000131 0.020289
650000.000000 0.006680 0.000055 : 0.000114 -0.000293 0.020220
655000.000000 0.006610 0.000052 : -0.000048 -0.000275 0.020154
660000.000000 0.006602 0.000049 : -0.000088 -0.000073 0.019968
665000.000000 0.006577 0.000052 : 0.000147 -0.000310 0.019894
670000.000000 0.006511 0.000044 : -0.000038 -0.000186 0.019756
675000.000000 0.006411 0.000049 : -0.000197 -0.000146 0.019575
680000.000000 0.006343 0.000058 : -0.000021 -0.000233 0.019282
685000.000000 0.006530 0.000052 : 0.000174 0.000019 0.019396
690000.000000 0.006328 0.000051 : -0.000082 -0.000008 0.019075
695000.000000 0.006180 0.000038 : -0.000068 -0.000322 0.018932
700000.000000 0.006291 0.000038 : -0.000025 -0.000048 0.018948
705000.000000 0.006153 0.000045 : -0.000111 -0.000209 0.018778
710000.000000 0.006300 0.000042 : 0.000135 0.000041 0.018725
715000.000000 0.006250 0.000061 : 0.000053 -0.000043 0.018740
720000.000000 0.006215 0.000060 : 0.000145 0.000093 0.018405
725000.000000 0.006036 0.000035 : -0.000097 0.000059 0.018146
730000.000000 0.006082 0.000035 : 0.000064 -0.000016 0.018197
735000.000000 0.006047 0.000031 : 0.000184 -0.000008 0.017966
740000.000000 0.005931 0.000033 : -0.000079 -0.000022 0.017895
745000.000000 0.005885 0.000034 : -0.000021 -0.000226 0.017902
750000.000000 0.005922 0.000047 : 0.000072 -0.000003 0.017698
755000.000000 0.005844 0.000047 : -0.000059 0.000059 0.017532
760000.000000 0.005933 0.000057 : 0.000054 0.000075 0.017669
765000.000000 0.005835 0.000046 : -0.000115 -0.000105 0.017724
770000.000000 0.005813 0.000050 : 0.000020 0.000049 0.017371
775000.000000 0.005855 0.000054 : 0.000001 -0.000042 0.017607
780000.000000 0.005794 0.000051 : 0.000135 0.000068 0.017178
785000.000000 0.005641 0.000047 : -0.000143 0.000184 0.016881
790000.000000 0.005578 0.000049 : -0.000308 0.000163 0.016881
795000.000000 0.005620 0.000048 : -0.000160 0.000119 0.016902
800000.000000 0.005606 0.000046 : -0.000103 0.000242 0.016678
805000.000000 0.005544 0.000045 : 0.000061 0.000294 0.016278
810000.000000 0.005504 0.000050 : -0.000056 0.000053 0.016514
815000.000000 0.005530 0.000041 : 0.000040 -0.000011 0.016561
820000.000000 0.005529 0.000045 : -0.000003 0.000114 0.016475
825000.000000 0.005411 0.000034 : 0.000144 -0.000107 0.016196
830000.000000 0.005234 0.000027 : -0.000426 -0.000004 0.016132
835000.000000 0.005325 0.000035 : 0.000075 -0.000006 0.015906
840000.000000 0.005240 0.000035 : -0.000048 -0.000033 0.015800
845000.000000 0.005243 0.000027 : 0.000005 0.000010 0.015714
850000.000000 0.005254 0.000035 : 0.000162 -0.000137 0.015738
855000.000000 0.005171 0.000034 : -0.000005 -0.000079 0.015597
860000.000000 0.005238 0.000034 : 0.000074 0.000185 0.015454
865000.000000 0.005194 0.000036 : 0.000017 0.000088 0.015478
870000.000000 0.005224 0.000038 : -0.000089 0.000285 0.015477
875000.000000 0.005026 0.000035 : -0.000255 0.000187 0.015146
880000.000000 0.005003 0.000039 : -0.000269 0.000085 0.015195
885000.000000 0.004929 0.000034 : -0.000035 -0.000173 0.014996
890000.000000 0.004916 0.000029 : -0.000233 0.000130 0.014852
895000.000000 0.004992 0.000032 : 0.000252 0.000045 0.014678
900000.000000 0.004966 0.000035 : 0.000192 0.000046 0.014660
905000.000000 0.004943 0.000028 : -0.000182 0.000259 0.014752
910000.000000 0.004924 0.000032 : 0.000035 -0.000039 0.014774
915000.000000 0.004931 0.000027 : 0.000270 0.000021 0.014501
920000.000000 0.004856 0.000035 : -0.000133 0.000264 0.014435
925000.000000 0.004828 0.000045 : -0.000068 -0.000001 0.014554
930000.000000 0.004812 0.000028 : 0.000076 0.000036 0.014325
935000.000000 0.004811 0.000032 : 0.000095 0.000138 0.014201
940000.000000 0.004790 0.000023 : 0.000253 -0.000064 0.014181
945000.000000 0.004691 0.000020 : -0.000004 -0.000094 0.014169
950000.000000 0.004655 0.000024 : -0.000019 -0.000121 0.014106
955000.000000 0.004796 0.000029 : 0.000127 0.000261 0.014000
960000.000000 0.004533 0.000034 : 0.000064 -0.000169 0.013706
965000.000000 0.004522 0.000038 : -0.000130 -0.000117 0.013811
970000.000000 0.004500 0.000028 : -0.000215 0.000083 0.013633
975000.000000 0.004438 0.000038 : 0.000007 0.000031 0.013277
980000.000000 0.004454 0.000035 : -0.000131 0.000145 0.013347
985000.000000 0.004454 0.000036 : -0.000081 -0.000008 0.013452
990000.000000 0.004463 0.000024 : 0.000131 -0.000116 0.013374
995000.000000 0.004309 0.000029 : -0.000074 -0.000183 0.013185
1000000.000000 0.004446 0.000025 : 0.000135 0.000040 0.013164
