0.000000 1.000000 1.000000 : 1.000000 1.000000 1.000000
10.000000 0.993571 0.993571 : 0.993573 0.993554 0.993586
20.000000 0.989399 0.989399 : 0.989409 0.989409 0.989378
30.000000 0.983182 0.983182 : 0.983148 0.983206 0.983191
40.000000 0.975879 0.975879 : 0.975788 0.975917 0.975933
50.000000 0.968174 0.968174 : 0.968038 0.968247 0.968238
60.000000 0.960714 0.960713 : 0.960506 0.960823 0.960813
70.000000 0.955383 0.955381 : 0.955096 0.955534 0.955519
80.000000 0.947475 0.947472 : 0.947113 0.947656 0.947656
90.000000 0.942033 0.942029 : 0.941594 0.942247 0.942258
100.000000 0.935753 0.935747 : 0.935272 0.936016 0.935971
110.000000 0.930238 0.930231 : 0.929683 0.930526 0.930505
120.000000 0.925918 0.925909 : 0.925299 0.926227 0.926228
130.000000 0.921192 0.921182 : 0.920526 0.921525 0.921526
140.000000 0.916187 0.916175 : 0.915473 0.916534 0.916553
150.000000 0.911031 0.911017 : 0.910271 0.911395 0.911426
160.000000 0.906165 0.906149 : 0.905361 0.906533 0.906599
170.000000 0.900497 0.900480 : 0.899648 0.900873 0.900970
180.000000 0.895474 0.895454 : 0.894590 0.895853 0.895981
190.000000 0.889753 0.889730 : 0.888839 0.890121 0.890300
200.000000 0.884441 0.884415 : 0.883507 0.884794 0.885023
210.000000 0.879556 0.879526 : 0.878596 0.879881 0.880192
220.000000 0.874162 0.874128 : 0.873187 0.874461 0.874838
230.000000 0.869151 0.869113 : 0.868182 0.869425 0.869847
240.000000 0.863793 0.863750 : 0.862812 0.864031 0.864535
250.000000 0.859325 0.859277 : 0.858345 0.859531 0.860098
260.000000 0.854419 0.854367 : 0.853453 0.854592 0.855212
270.000000 0.850030 0.849973 : 0.849081 0.850160 0.850848
280.000000 0.845817 0.845755 : 0.844886 0.845903 0.846663
290.000000 0.841617 0.841550 : 0.840696 0.841659 0.842496
300.000000 0.837678 0.837607 : 0.836785 0.837666 0.838583
310.000000 0.833348 0.833271 : 0.832490 0.833284 0.834270
320.000000 0.829462 0.829380 : 0.828636 0.829345 0.830405
330.000000 0.825411 0.825325 : 0.824622 0.825238 0.826374
340.000000 0.821598 0.821507 : 0.820842 0.821368 0.822583
350.000000 0.817606 0.817510 : 0.816894 0.817318 0.818605
360.000000 0.814095 0.813996 : 0.813418 0.813747 0.815120
370.000000 0.810420 0.810316 : 0.809780 0.810007 0.811472
380.000000 0.806528 0.806420 : 0.805928 0.806056 0.807599
390.000000 0.803114 0.803002 : 0.802557 0.802584 0.804200
400.000000 0.799522 0.799406 : 0.799008 0.798928 0.800631
410.000000 0.796235 0.796115 : 0.795752 0.795588 0.797365
420.000000 0.792673 0.792548 : 0.792232 0.791968 0.793818
430.000000 0.789574 0.789445 : 0.789173 0.788814 0.790736
440.000000 0.786468 0.786333 : 0.786107 0.785653 0.787644
450.000000 0.783171 0.783031 : 0.782851 0.782302 0.784360
460.000000 0.780150 0.780004 : 0.779870 0.779227 0.781352
470.000000 0.776954 0.776803 : 0.776717 0.775977 0.778168
480.000000 0.774003 0.773847 : 0.773804 0.772971 0.775233
490.000000 0.770902 0.770741 : 0.770747 0.769815 0.772144
500.000000 0.767950 0.767784 : 0.767830 0.766811 0.769210
510.000000 0.764938 0.764767 : 0.764854 0.763746 0.766215
520.000000 0.761958 0.761781 : 0.761917 0.760707 0.763249
530.000000 0.759131 0.758949 : 0.759126 0.757824 0.760442
540.000000 0.756115 0.755929 : 0.756146 0.754753 0.757446
550.000000 0.753270 0.753080 : 0.753335 0.751850 0.754626
560.000000 0.750428 0.750233 : 0.750527 0.748948 0.751808
570.000000 0.747722 0.747523 : 0.747855 0.746188 0.749124
580.000000 0.744867 0.744664 : 0.745035 0.743274 0.746293
590.000000 0.742200 0.741991 : 0.742406 0.740544 0.743649
600.000000 0.739522 0.739308 : 0.739771 0.737807 0.740989
610.000000 0.736761 0.736542 : 0.737053 0.734983 0.738247
620.000000 0.734195 0.733970 : 0.734526 0.732358 0.735702
630.000000 0.731534 0.731302 : 0.731907 0.729633 0.733062
640.000000 0.728966 0.728729 : 0.729380 0.727007 0.730513
650.000000 0.726332 0.726088 : 0.726784 0.724310 0.727903
660.000000 0.723845 0.723595 : 0.724335 0.721758 0.725443
670.000000 0.721293 0.721037 : 0.721823 0.719141 0.722913
680.000000 0.718724 0.718464 : 0.719288 0.716509 0.720375
690.000000 0.716257 0.715992 : 0.716856 0.713977 0.717938
700.000000 0.713748 0.713479 : 0.714381 0.711400 0.715461
710.000000 0.711298 0.711025 : 0.711963 0.708887 0.713044
720.000000 0.708818 0.708542 : 0.709513 0.706344 0.710599
730.000000 0.706409 0.706130 : 0.707135 0.703871 0.708221
740.000000 0.703974 0.703692 : 0.704730 0.701372 0.705819
750.000000 0.701557 0.701272 : 0.702344 0.698897 0.703431
760.000000 0.699194 0.698905 : 0.700012 0.696477 0.701092
770.000000 0.696828 0.696535 : 0.697676 0.694051 0.698756
780.000000 0.694455 0.694158 : 0.695333 0.691624 0.696409
790.000000 0.692095 0.691793 : 0.693004 0.689211 0.694072
800.000000 0.689839 0.689532 : 0.690778 0.686902 0.691837
810.000000 0.687519 0.687207 : 0.688489 0.684527 0.689540
820.000000 0.685194 0.684878 : 0.686197 0.682153 0.687233
830.000000 0.682938 0.682618 : 0.683973 0.679845 0.684997
840.000000 0.680712 0.680388 : 0.681780 0.677565 0.682792
850.000000 0.678473 0.678146 : 0.679575 0.675270 0.680575
860.000000 0.676218 0.675888 : 0.677351 0.672962 0.678341
870.000000 0.674038 0.673704 : 0.675203 0.670726 0.676184
880.000000 0.671853 0.671517 : 0.673055 0.668485 0.674019
890.000000 0.669698 0.669358 : 0.670935 0.666277 0.671884
900.000000 0.667538 0.667194 : 0.668807 0.664059 0.669747
910.000000 0.665392 0.665043 : 0.666695 0.661859 0.667621
920.000000 0.663286 0.662934 : 0.664624 0.659699 0.665537
930.000000 0.661196 0.660839 : 0.662565 0.657555 0.663467
940.000000 0.659115 0.658754 : 0.660519 0.655423 0.661404
950.000000 0.657014 0.656648 : 0.658450 0.653272 0.659319
960.000000 0.654977 0.654606 : 0.656448 0.651186 0.657298
970.000000 0.652953 0.652576 : 0.654458 0.649112 0.655289
980.000000 0.650915 0.650533 : 0.652453 0.647028 0.653265
990.000000 0.648890 0.648501 : 0.650460 0.644955 0.651254
1000.000000 0.646902 0.646506 : 0.648505 0.642922 0.649279
1010.000000 0.644934 0.644531 : 0.646569 0.640910 0.647323
1020.000000 0.642952 0.642542 : 0.644615 0.638884 0.645356
1030.000000 0.641021 0.640604 : 0.642715 0.636911 0.643437
1040.000000 0.639089 0.638664 : 0.640810 0.634936 0.641520
1050.000000 0.637163 0.636732 : 0.638913 0.632967 0.639609
1060.000000 0.635281 0.634844 : 0.637058 0.631042 0.637744
1070.000000 0.633406 0.632963 : 0.635208 0.629127 0.635884
1080.000000 0.631530 0.631080 : 0.633357 0.627209 0.634024
1090.000000 0.629678 0.629223 : 0.631532 0.625317 0.632186
1100.000000 0.627864 0.627402 : 0.629747 0.623462 0.630382
1110.000000 0.626033 0.625565 : 0.627940 0.621593 0.628564
1120.000000 0.624223 0.623749 : 0.626160 0.619747 0.626762
1130.000000 0.622441 0.621961 : 0.624409 0.617930 0.624985
1140.000000 0.620656 0.620170 : 0.622654 0.616111 0.623204
1150.000000 0.618895 0.618401 : 0.620924 0.614315 0.621445
1160.000000 0.617149 0.616649 : 0.619211 0.612535 0.619701
1170.000000 0.615406 0.614899 : 0.617504 0.610757 0.617958
1180.000000 0.613667 0.613153 : 0.615799 0.608981 0.616222
1190.000000 0.611961 0.611438 : 0.614128 0.607238 0.614515
1200.000000 0.610256 0.609725 : 0.612458 0.605497 0.612811
1210.000000 0.608562 0.608024 : 0.610798 0.603768 0.611120
1220.000000 0.606881 0.606335 : 0.609150 0.602052 0.609442
1230.000000 0.605208 0.604655 : 0.607509 0.600342 0.607773
1240.000000 0.603556 0.602995 : 0.605889 0.598655 0.606124
1250.000000 0.601906 0.601338 : 0.604272 0.596969 0.604478
1260.000000 0.600265 0.599690 : 0.602662 0.595293 0.602839
1270.000000 0.598630 0.598048 : 0.601060 0.593625 0.601206
1280.000000 0.597018 0.596429 : 0.599478 0.591979 0.599597
1290.000000 0.595410 0.594813 : 0.597899 0.590336 0.597994
1300.000000 0.593806 0.593202 : 0.596325 0.588700 0.596393
1310.000000 0.592215 0.591604 : 0.594764 0.587075 0.594806
1320.000000 0.590624 0.590004 : 0.593200 0.585453 0.593219
1330.000000 0.589055 0.588428 : 0.591660 0.583851 0.591655
1340.000000 0.587491 0.586856 : 0.590123 0.582256 0.590095
1350.000000 0.585922 0.585279 : 0.588579 0.580654 0.588532
1360.000000 0.584376 0.583724 : 0.587056 0.579077 0.586994
1370.000000 0.582850 0.582190 : 0.585553 0.577519 0.585478
1380.000000 0.581321 0.580653 : 0.584048 0.575956 0.583959
1390.000000 0.579795 0.579118 : 0.582543 0.574400 0.582443
1400.000000 0.578292 0.577606 : 0.581060 0.572864 0.580951
1410.000000 0.576793 0.576099 : 0.579581 0.571331 0.579466
1420.000000 0.575295 0.574594 : 0.578103 0.569799 0.577983
1430.000000 0.573811 0.573102 : 0.576639 0.568281 0.576514
1440.000000 0.572334 0.571617 : 0.575181 0.566767 0.575054
1450.000000 0.570859 0.570133 : 0.573726 0.565254 0.573596
1460.000000 0.569398 0.568664 : 0.572284 0.563755 0.572156
1470.000000 0.567944 0.567201 : 0.570850 0.562260 0.570723
1480.000000 0.566490 0.565737 : 0.569413 0.560768 0.569289
1490.000000 0.565052 0.564290 : 0.567995 0.559291 0.567872
1500.000000 0.563624 0.562851 : 0.566583 0.557823 0.566465
1510.000000 0.562199 0.561417 : 0.565180 0.556358 0.565060
1520.000000 0.560782 0.559990 : 0.563784 0.554903 0.563660
1530.000000 0.559374 0.558571 : 0.562397 0.553456 0.562270
1540.000000 0.557974 0.557161 : 0.561018 0.552019 0.560885
1550.000000 0.556581 0.555757 : 0.559645 0.550593 0.559505
1560.000000 0.555196 0.554362 : 0.558278 0.549175 0.558134
1570.000000 0.553813 0.552968 : 0.556913 0.547759 0.556766
1580.000000 0.552437 0.551582 : 0.555554 0.546353 0.555405
1590.000000 0.551072 0.550207 : 0.554206 0.544954 0.554056
1600.000000 0.549710 0.548835 : 0.552861 0.543560 0.552710
1610.000000 0.548356 0.547471 : 0.551523 0.542173 0.551373
1620.000000 0.547010 0.546115 : 0.550192 0.540795 0.550044
1630.000000 0.545671 0.544766 : 0.548866 0.539425 0.548721
1640.000000 0.544333 0.543418 : 0.547541 0.538057 0.547401
1650.000000 0.543004 0.542080 : 0.546221 0.536701 0.546091
1660.000000 0.541685 0.540750 : 0.544913 0.535354 0.544789
1670.000000 0.540371 0.539426 : 0.543607 0.534014 0.543492
1680.000000 0.539063 0.538107 : 0.542304 0.532682 0.542203
1690.000000 0.537766 0.536797 : 0.541011 0.531362 0.540924
1700.000000 0.536476 0.535495 : 0.539723 0.530048 0.539657
1710.000000 0.535188 0.534195 : 0.538436 0.528739 0.538388
1720.000000 0.533904 0.532898 : 0.537153 0.527433 0.537125
1730.000000 0.532632 0.531613 : 0.535881 0.526140 0.535876
1740.000000 0.531363 0.530330 : 0.534611 0.524848 0.534631
1750.000000 0.530096 0.529050 : 0.533343 0.523562 0.533384
1760.000000 0.528842 0.527783 : 0.532090 0.522288 0.532149
1770.000000 0.527597 0.526524 : 0.530843 0.521022 0.530926
1780.000000 0.526355 0.525270 : 0.529600 0.519764 0.529702
1790.000000 0.525113 0.524016 : 0.528359 0.518505 0.528475
1800.000000 0.523882 0.522774 : 0.527128 0.517254 0.527263
1810.000000 0.522655 0.521536 : 0.525901 0.516009 0.526056
1820.000000 0.521433 0.520303 : 0.524680 0.514768 0.524851
1830.000000 0.520222 0.519080 : 0.523468 0.513540 0.523657
1840.000000 0.519015 0.517862 : 0.522262 0.512317 0.522466
1850.000000 0.517814 0.516651 : 0.521057 0.511101 0.521282
1860.000000 0.516617 0.515443 : 0.519856 0.509896 0.520099
1870.000000 0.515427 0.514244 : 0.518663 0.508693 0.518926
1880.000000 0.514242 0.513048 : 0.517473 0.507498 0.517754
1890.000000 0.513059 0.511855 : 0.516286 0.506304 0.516587
1900.000000 0.511890 0.510676 : 0.515110 0.505126 0.515434
1910.000000 0.510721 0.509497 : 0.513934 0.503949 0.514279
1920.000000 0.509557 0.508324 : 0.512765 0.502775 0.513130
1930.000000 0.508399 0.507156 : 0.511601 0.501609 0.511988
1940.000000 0.507250 0.505997 : 0.510449 0.500448 0.510853
1950.000000 0.506106 0.504842 : 0.509300 0.499294 0.509724
1960.000000 0.504964 0.503689 : 0.508157 0.498139 0.508595
1970.000000 0.503832 0.502546 : 0.507022 0.496996 0.507476
1980.000000 0.502702 0.501406 : 0.505889 0.495859 0.506359
1990.000000 0.501582 0.500274 : 0.504767 0.494729 0.505250
2000.000000 0.500467 0.499149 : 0.503647 0.493608 0.504146
5000.000000 0.338424 0.337023 : 0.318924 0.322631 0.373716
10000.000000 0.224253 0.221182 : 0.192500 0.197940 0.282318
15000.000000 0.164709 0.159461 : 0.125290 0.130161 0.238676
20000.000000 0.127126 0.119209 : 0.082159 0.087362 0.211858
25000.000000 0.101673 0.090748 : 0.053616 0.058490 0.192912
30000.000000 0.084542 0.070283 : 0.034480 0.039706 0.179441
35000.000000 0.072715 0.055598 : 0.022162 0.027143 0.168842
40000.000000 0.064378 0.044672 : 0.013814 0.018802 0.160519
45000.000000 0.058383 0.036483 : 0.008457 0.013200 0.153492
50000.000000 0.054321 0.030303 : 0.005500 0.009986 0.147478
55000.000000 0.051193 0.025704 : 0.003241 0.007557 0.142780
60000.000000 0.048914 0.021943 : 0.002083 0.006256 0.138401
65000.000000 0.047139 0.019238 : 0.001235 0.005368 0.134815
70000.000000 0.045698 0.016965 : 0.000816 0.004612 0.131667
75000.000000 0.044460 0.015032 : 0.000639 0.003686 0.129053
80000.000000 0.043344 0.013440 : 0.000459 0.003237 0.126336
85000.000000 0.042355 0.012065 : 0.000491 0.002812 0.123761
90000.000000 0.041645 0.010886 : 0.000496 0.002569 0.121869
95000.000000 0.040724 0.009868 : 0.000349 0.002094 0.119730
100000.000000 0.039990 0.009004 : 0.000523 0.001747 0.117699
105000.000000 0.039489 0.008270 : 0.000468 0.001834 0.116164
110000.000000 0.038738 0.007648 : 0.000145 0.001574 0.114495
115000.000000 0.037975 0.007010 : -0.000319 0.001238 0.113007
120000.000000 0.037199 0.006547 : -0.000687 0.000827 0.111456
125000.000000 0.036548 0.006099 : -0.001245 0.000803 0.110086
130000.000000 0.036038 0.005690 : -0.001145 0.000561 0.108698
135000.000000 0.035258 0.005287 : -0.001682 0.000049 0.107406
140000.000000 0.034586 0.004905 : -0.001708 -0.000587 0.106055
145000.000000 0.034087 0.004587 : -0.001468 -0.001205 0.104935
150000.000000 0.033788 0.004331 : -0.001248 -0.001157 0.103769
155000.000000 0.033544 0.004111 : -0.000946 -0.001432 0.103010
160000.000000 0.033238 0.003888 : -0.000944 -0.001267 0.101925
165000.000000 0.033044 0.003710 : -0.000780 -0.001353 0.101266
170000.000000 0.032913 0.003515 : -0.000284 -0.001348 0.100372
175000.000000 0.032517 0.003332 : -0.000158 -0.001478 0.099185
180000.000000 0.032214 0.003185 : -0.000218 -0.001587 0.098446
185000.000000 0.032224 0.003061 : 0.000350 -0.001568 0.097891
190000.000000 0.031985 0.002983 : 0.000128 -0.001229 0.097056
195000.000000 0.031635 0.002867 : 0.000123 -0.001477 0.096261
200000.000000 0.031450 0.002753 : -0.000266 -0.000928 0.095545
205000.000000 0.031256 0.002651 : -0.000249 -0.000826 0.094845
210000.000000 0.031053 0.002597 : -0.000607 -0.000397 0.094164
215000.000000 0.030975 0.002527 : -0.000498 -0.000099 0.093521
220000.000000 0.030734 0.002464 : -0.000335 -0.000026 0.092562
225000.000000 0.030589 0.002392 : -0.000269 0.000171 0.091867
230000.000000 0.030456 0.002362 : -0.000294 0.000317 0.091344
235000.000000 0.030264 0.002287 : -0.000191 0.000305 0.090678
240000.000000 0.030234 0.002278 : -0.000034 0.000443 0.090294
245000.000000 0.030046 0.002200 : -0.000080 0.000377 0.089841
250000.000000 0.030034 0.002140 : 0.000084 0.000592 0.089427
255000.000000 0.029770 0.002051 : 0.000011 0.000527 0.088772
260000.000000 0.029492 0.001933 : -0.000068 0.000530 0.088014
265000.000000 0.029181 0.001812 : -0.000081 0.000327 0.087298
270000.000000 0.029221 0.001819 : 0.000264 0.000521 0.086880
275000.000000 0.029020 0.001773 : 0.000190 0.000449 0.086422
280000.000000 0.028725 0.001706 : 0.000068 0.000304 0.085803
285000.000000 0.028687 0.001678 : 0.000445 0.000234 0.085382
290000.000000 0.028486 0.001654 : 0.000356 0.000421 0.084682
295000.000000 0.028362 0.001647 : 0.000568 0.000164 0.084353
300000.000000 0.028121 0.001573 : 0.000487 -0.000130 0.084007
305000.000000 0.027948 0.001495 : 0.000154 0.000017 0.083674
310000.000000 0.027854 0.001434 : 0.000455 -0.000072 0.083180
315000.000000 0.027602 0.001356 : 0.000267 -0.000136 0.082676
320000.000000 0.027687 0.001354 : 0.000532 0.000204 0.082325
325000.000000 0.027421 0.001303 : 0.000311 0.000179 0.081772
330000.000000 0.027425 0.001309 : 0.000451 0.000448 0.081375
335000.000000 0.027396 0.001349 : 0.000489 0.000592 0.081108
340000.000000 0.027161 0.001368 : 0.000480 0.000544 0.080458
345000.000000 0.027131 0.001355 : 0.000491 0.000488 0.080415
350000.000000 0.026845 0.001366 : 0.000587 0.000302 0.079645
355000.000000 0.026713 0.001372 : 0.000036 0.000495 0.079608
360000.000000 0.026317 0.001329 : -0.000212 0.000188 0.078974
365000.000000 0.026183 0.001352 : -0.000578 0.000363 0.078765
370000.000000 0.026111 0.001366 : -0.000603 0.000256 0.078680
375000.000000 0.025963 0.001368 : -0.000548 0.000221 0.078216
380000.000000 0.025799 0.001397 : -0.000616 0.000130 0.077885
385000.000000 0.025682 0.001378 : -0.000469 0.000226 0.077288
390000.000000 0.025475 0.001367 : -0.000646 0.000164 0.076907
395000.000000 0.025349 0.001357 : -0.000794 0.000160 0.076681
400000.000000 0.025288 0.001330 : -0.000691 0.000097 0.076459
405000.000000 0.025235 0.001325 : -0.000338 0.000148 0.075895
410000.000000 0.025115 0.001300 : -0.000161 -0.000205 0.075711
415000.000000 0.025043 0.001288 : 0.000087 -0.000473 0.075515
420000.000000 0.024949 0.001272 : 0.000061 -0.000266 0.075052
425000.000000 0.024837 0.001236 : 0.000127 -0.000380 0.074765
430000.000000 0.024718 0.001206 : -0.000078 -0.000465 0.074697
435000.000000 0.024628 0.001175 : 0.000414 -0.000503 0.073974
440000.000000 0.024441 0.001153 : 0.000603 -0.000822 0.073541
445000.000000 0.024518 0.001166 : 0.000464 -0.000126 0.073215
450000.000000 0.024432 0.001149 : 0.000415 -0.000194 0.073074
455000.000000 0.024251 0.001118 : 0.000207 -0.000345 0.072892
460000.000000 0.024162 0.001087 : 0.000282 -0.000393 0.072596
465000.000000 0.023963 0.001055 : 0.000159 -0.000463 0.072193
470000.000000 0.023811 0.001009 : -0.000317 -0.000333 0.072085
475000.000000 0.023682 0.000975 : -0.000388 -0.000335 0.071769
480000.000000 0.023660 0.000944 : -0.000238 -0.000050 0.071266
485000.000000 0.023456 0.000937 : -0.000517 -0.000051 0.070936
490000.000000 0.023558 0.000922 : -0.000216 0.000225 0.070664
495000.000000 0.023417 0.000897 : -0.000398 0.000251 0.070398
500000.000000 0.023261 0.000911 : -0.000306 0.000059 0.070032
505000.000000 0.023220 0.000914 : -0.000483 0.000240 0.069903
510000.000000 0.023053 0.000866 : -0.000626 0.000010 0.069774
515000.000000 0.023029 0.000877 : -0.000329 0.000084 0.069331
520000.000000 0.023194 0.000877 : 0.000140 0.000227 0.069216
525000.000000 0.023036 0.000844 : 0.000059 0.000277 0.068772
530000.000000 0.022972 0.000827 : -0.000030 0.000712 0.068234
535000.000000 0.022763 0.000809 : -0.000271 0.000635 0.067924
540000.000000 0.022655 0.000818 : -0.000181 0.000473 0.067674
545000.000000 0.022549 0.000803 : -0.000153 0.000348 0.067452
550000.000000 0.022447 0.000813 : -0.000228 0.000420 0.067149
555000.000000 0.022265 0.000814 : -0.000386 0.000398 0.066783
560000.000000 0.022274 0.000857 : -0.000153 0.000470 0.066505
565000.000000 0.022072 0.000824 : -0.000219 0.000183 0.066251
570000.000000 0.021919 0.000834 : -0.000329 0.000066 0.066019
575000.000000 0.021810 0.000808 : -0.000306 -0.000048 0.065783
580000.000000 0.021684 0.000805 : -0.000701 0.000028 0.065725
585000.000000 0.021552 0.000810 : -0.000598 0.000032 0.065221
590000.000000 0.021301 0.000801 : -0.000795 -0.000015 0.064715
595000.000000 0.021294 0.000756 : -0.000800 0.000220 0.064462
600000.000000 0.021261 0.000721 : -0.000807 0.000303 0.064285
605000.000000 0.021178 0.000706 : -0.000661 0.000356 0.063839
610000.000000 0.020935 0.000696 : -0.000851 0.000104 0.063551
615000.000000 0.021028 0.000675 : -0.000665 0.000196 0.063554
620000.000000 0.020949 0.000636 : -0.000240 0.000006 0.063083
625000.000000 0.020974 0.000669 : -0.000250 0.000225 0.062947
630000.000000 0.020963 0.000672 : -0.000044 0.000231 0.062701
635000.000000 0.020925 0.000667 : 0.000166 0.000137 0.062473
640000.000000 0.020829 0.000712 : 0.000220 0.000189 0.062079
645000.000000 0.020546 0.000687 : -0.000065 -0.000086 0.061790
650000.000000 0.020293 0.000685 : -0.000394 -0.000146 0.061418
655000.000000 0.020325 0.000646 : -0.000505 0.000093 0.061386
660000.000000 0.020414 0.000623 : -0.000128 0.000159 0.061209
665000.000000 0.020336 0.000621 : 0.000030 0.000122 0.060856
670000.000000 0.020298 0.000581 : -0.000049 0.000172 0.060771
675000.000000 0.020094 0.000554 : -0.000048 0.000080 0.060250
680000.000000 0.019996 0.000532 : -0.000028 -0.000077 0.060094
685000.000000 0.020011 0.000497 : -0.000098 0.000081 0.060049
690000.000000 0.019749 0.000467 : -0.000091 -0.000192 0.059531
695000.000000 0.019734 0.000447 : 0.000161 -0.000317 0.059357
700000.000000 0.019524 0.000460 : -0.000143 -0.000441 0.059155
705000.000000 0.019430 0.000482 : -0.000330 -0.000384 0.059004
710000.000000 0.019508 0.000490 : -0.000362 -0.000139 0.059026
715000.000000 0.019413 0.000485 : -0.000260 -0.000273 0.058772
720000.000000 0.019328 0.000483 : -0.000364 -0.000087 0.058435
725000.000000 0.019339 0.000472 : -0.000145 0.000015 0.058147
730000.000000 0.019219 0.000426 : 0.000038 -0.000292 0.057910
735000.000000 0.019212 0.000431 : 0.000129 -0.000224 0.057733
740000.000000 0.019031 0.000428 : -0.000012 -0.000354 0.057458
745000.000000 0.018982 0.000439 : 0.000200 -0.000604 0.057349
750000.000000 0.018895 0.000421 : 0.000200 -0.000502 0.056986
755000.000000 0.018885 0.000447 : 0.000037 -0.000373 0.056991
760000.000000 0.018787 0.000460 : -0.000127 -0.000207 0.056694
765000.000000 0.018739 0.000464 : 0.000008 -0.000267 0.056475
770000.000000 0.018683 0.000452 : 0.000045 -0.000243 0.056247
775000.000000 0.018607 0.000500 : -0.000140 -0.000117 0.056078
780000.000000 0.018633 0.000489 : -0.000189 0.000093 0.055994
785000.000000 0.018561 0.000478 : -0.000039 -0.000079 0.055801
790000.000000 0.018644 0.000494 : 0.000004 0.000298 0.055629
795000.000000 0.018663 0.000514 : 0.000056 0.000358 0.055577
800000.000000 0.018693 0.000509 : -0.000120 0.000652 0.055548
805000.000000 0.018705 0.000510 : -0.000057 0.000820 0.055353
810000.000000 0.018508 0.000510 : 0.000041 0.000304 0.055181
815000.000000 0.018465 0.000485 : -0.000001 0.000299 0.055097
820000.000000 0.018279 0.000485 : 0.000137 0.000063 0.054637
825000.000000 0.018200 0.000494 : 0.000314 -0.000123 0.054409
830000.000000 0.018043 0.000497 : 0.000230 -0.000231 0.054128
835000.000000 0.018300 0.000524 : 0.000658 0.000009 0.054233
840000.000000 0.018110 0.000523 : 0.000845 -0.000255 0.053738
845000.000000 0.017990 0.000542 : 0.000604 -0.000465 0.053832
850000.000000 0.017970 0.000543 : 0.000615 -0.000371 0.053667
855000.000000 0.017853 0.000556 : 0.000440 -0.000188 0.053306
860000.000000 0.017729 0.000543 : 0.000280 -0.000211 0.053118
865000.000000 0.017877 0.000538 : 0.000394 0.000032 0.053206
870000.000000 0.017706 0.000548 : 0.000153 0.000159 0.052807
875000.000000 0.017525 0.000505 : 0.000006 -0.000026 0.052594
880000.000000 0.017376 0.000485 : 0.000072 -0.000310 0.052365
885000.000000 0.017212 0.000461 : 0.000032 -0.000387 0.051993
890000.000000 0.017106 0.000438 : -0.000213 -0.000278 0.051807
895000.000000 0.017025 0.000403 : -0.000369 -0.000333 0.051777
900000.000000 0.016994 0.000411 : -0.000374 -0.000301 0.051656
905000.000000 0.017208 0.000413 : -0.000196 0.000091 0.051729
910000.000000 0.017063 0.000382 : -0.000490 0.000300 0.051379
915000.000000 0.017261 0.000401 : -0.000217 0.000600 0.051401
920000.000000 0.017214 0.000371 : -0.000023 0.000514 0.051152
925000.000000 0.017317 0.000370 : 0.000152 0.000686 0.051115
930000.000000 0.017220 0.000349 : -0.000031 0.000791 0.050901
935000.000000 0.017069 0.000354 : -0.000300 0.000752 0.050755
940000.000000 0.017132 0.000382 : -0.000401 0.001024 0.050775
945000.000000 0.017045 0.000361 : -0.000383 0.000866 0.050653
950000.000000 0.017016 0.000396 : -0.000138 0.000782 0.050404
955000.000000 0.016630 0.000387 : -0.000717 0.000401 0.050205
960000.000000 0.016586 0.000396 : -0.000539 0.000356 0.049942
965000.000000 0.016576 0.000429 : -0.000660 0.000689 0.049698
970000.000000 0.016579 0.000426 : -0.000399 0.000777 0.049359
975000.000000 0.016505 0.000441 : -0.000365 0.000685 0.049194
980000.000000 0.016513 0.000436 : -0.000182 0.000493 0.049228
985000.000000 0.016438 0.000432 : -0.000069 0.000258 0.049125
990000.000000 0.016423 0.000398 : 0.000071 0.000230 0.048970
995000.000000 0.016245 0.000403 : -0.000168 0.000065 0.048839
1000000.000000 0.016180 0.000389 : -0.000188 0.000064 0.048664
