0.000000 1.000000 1.000000 : 1.000000 1.000000 1.000000
10.000000 0.983102 0.983102 : 0.983110 0.983116 0.983081
20.000000 0.972236 0.972236 : 0.972211 0.972242 0.972256
30.000000 0.956349 0.956349 : 0.956245 0.956395 0.956408
40.000000 0.938029 0.938029 : 0.937837 0.938114 0.938136
50.000000 0.919162 0.919162 : 0.918901 0.919242 0.919342
60.000000 0.901041 0.901041 : 0.900694 0.901146 0.901282
70.000000 0.888749 0.888748 : 0.888324 0.888848 0.889074
80.000000 0.870359 0.870357 : 0.869888 0.870437 0.870751
90.000000 0.857855 0.857852 : 0.857322 0.857924 0.858318
100.000000 0.843772 0.843768 : 0.843217 0.843791 0.844308
110.000000 0.831462 0.831456 : 0.830872 0.831452 0.832062
120.000000 0.822131 0.822123 : 0.821504 0.822083 0.822805
130.000000 0.811881 0.811872 : 0.811237 0.811784 0.812621
140.000000 0.800925 0.800913 : 0.800257 0.800778 0.801738
150.000000 0.789677 0.789664 : 0.789003 0.789468 0.790561
160.000000 0.779019 0.779003 : 0.778337 0.778762 0.779959
170.000000 0.766961 0.766942 : 0.766273 0.766639 0.767971
180.000000 0.756451 0.756431 : 0.755769 0.756070 0.757515
190.000000 0.744385 0.744363 : 0.743712 0.743951 0.745493
200.000000 0.733575 0.733550 : 0.732925 0.733086 0.734713
210.000000 0.723950 0.723924 : 0.723310 0.723412 0.725129
220.000000 0.713320 0.713293 : 0.712706 0.712733 0.714522
230.000000 0.703531 0.703503 : 0.702951 0.702894 0.704749
240.000000 0.693224 0.693196 : 0.692667 0.692547 0.694458
250.000000 0.684791 0.684764 : 0.684261 0.684068 0.686045
260.000000 0.675520 0.675494 : 0.675025 0.674744 0.676790
270.000000 0.667391 0.667368 : 0.666942 0.666575 0.668656
280.000000 0.659754 0.659734 : 0.659351 0.658894 0.661018
290.000000 0.652242 0.652227 : 0.651889 0.651329 0.653510
300.000000 0.645221 0.645210 : 0.644921 0.644264 0.646478
310.000000 0.637464 0.637458 : 0.637229 0.636466 0.638698
320.000000 0.630558 0.630557 : 0.630384 0.629514 0.631775
330.000000 0.623534 0.623537 : 0.623410 0.622447 0.624743
340.000000 0.616945 0.616951 : 0.616875 0.615820 0.618138
350.000000 0.610042 0.610052 : 0.610037 0.608882 0.611208
360.000000 0.604306 0.604317 : 0.604353 0.603108 0.605455
370.000000 0.598196 0.598209 : 0.598292 0.596964 0.599332
380.000000 0.591679 0.591692 : 0.591822 0.590411 0.592803
390.000000 0.586147 0.586162 : 0.586339 0.584842 0.587259
400.000000 0.580327 0.580342 : 0.580561 0.578993 0.581427
410.000000 0.575093 0.575108 : 0.575366 0.573725 0.576189
420.000000 0.569282 0.569297 : 0.569598 0.567883 0.570366
430.000000 0.564489 0.564504 : 0.564840 0.563064 0.565562
440.000000 0.559700 0.559718 : 0.560099 0.558245 0.560757
450.000000 0.554543 0.554562 : 0.554982 0.553065 0.555582
460.000000 0.549876 0.549898 : 0.550346 0.548379 0.550905
470.000000 0.544923 0.544948 : 0.545427 0.543407 0.545934
480.000000 0.540473 0.540503 : 0.541017 0.538944 0.541459
490.000000 0.535734 0.535767 : 0.536316 0.534196 0.536689
500.000000 0.531314 0.531352 : 0.531926 0.529770 0.532247
510.000000 0.526821 0.526865 : 0.527468 0.525269 0.527727
520.000000 0.522436 0.522486 : 0.523122 0.520881 0.523305
530.000000 0.518309 0.518364 : 0.519028 0.516751 0.519150
540.000000 0.513876 0.513935 : 0.514630 0.512312 0.514685
550.000000 0.509725 0.509786 : 0.510511 0.508157 0.510505
560.000000 0.505634 0.505699 : 0.506460 0.504059 0.506384
570.000000 0.501806 0.501872 : 0.502671 0.500222 0.502525
580.000000 0.497722 0.497789 : 0.498626 0.496124 0.498416
590.000000 0.493993 0.494062 : 0.494937 0.492383 0.494660
600.000000 0.490220 0.490290 : 0.491201 0.488600 0.490860
610.000000 0.486349 0.486420 : 0.487371 0.484720 0.486956
620.000000 0.482812 0.482883 : 0.483866 0.481176 0.483394
630.000000 0.479124 0.479194 : 0.480210 0.477482 0.479680
640.000000 0.475598 0.475668 : 0.476715 0.473955 0.476123
650.000000 0.472004 0.472075 : 0.473144 0.470364 0.472505
660.000000 0.468685 0.468754 : 0.469850 0.467048 0.469156
670.000000 0.465215 0.465286 : 0.466399 0.463590 0.465657
680.000000 0.461770 0.461842 : 0.462969 0.460158 0.462184
690.000000 0.458498 0.458572 : 0.459706 0.456901 0.458887
700.000000 0.455173 0.455249 : 0.456388 0.453597 0.455535
710.000000 0.451973 0.452052 : 0.453200 0.450408 0.452312
720.000000 0.448750 0.448833 : 0.449982 0.447204 0.449066
730.000000 0.445645 0.445731 : 0.446883 0.444115 0.445937
740.000000 0.442499 0.442591 : 0.443744 0.440984 0.442770
750.000000 0.439428 0.439524 : 0.440678 0.437927 0.439678
760.000000 0.436444 0.436543 : 0.437702 0.434958 0.436673
770.000000 0.433478 0.433578 : 0.434740 0.432009 0.433685
780.000000 0.430494 0.430594 : 0.431765 0.429038 0.430678
790.000000 0.427565 0.427664 : 0.428845 0.426128 0.427721
800.000000 0.424828 0.424925 : 0.426118 0.423410 0.424956
810.000000 0.421976 0.422071 : 0.423279 0.420571 0.422077
820.000000 0.419119 0.419214 : 0.420431 0.417740 0.419188
830.000000 0.416386 0.416478 : 0.417705 0.415031 0.416423
840.000000 0.413738 0.413829 : 0.415065 0.412409 0.413740
850.000000 0.411054 0.411145 : 0.412389 0.409746 0.411028
860.000000 0.408358 0.408448 : 0.409697 0.407077 0.408299
870.000000 0.405796 0.405886 : 0.407141 0.404539 0.405707
880.000000 0.403234 0.403325 : 0.404587 0.401997 0.403117
890.000000 0.400737 0.400826 : 0.402094 0.399524 0.400594
900.000000 0.398221 0.398308 : 0.399582 0.397028 0.398051
910.000000 0.395731 0.395816 : 0.397094 0.394564 0.395535
920.000000 0.393332 0.393412 : 0.394702 0.392181 0.393113
930.000000 0.390972 0.391046 : 0.392347 0.389840 0.390730
940.000000 0.388623 0.388692 : 0.390004 0.387508 0.388357
950.000000 0.386242 0.386305 : 0.387632 0.385140 0.385955
960.000000 0.383974 0.384031 : 0.385369 0.382884 0.383669
970.000000 0.381732 0.381783 : 0.383140 0.380651 0.381406
980.000000 0.379473 0.379517 : 0.380891 0.378400 0.379127
990.000000 0.377234 0.377271 : 0.378666 0.376166 0.376869
1000.000000 0.375059 0.375089 : 0.376505 0.373995 0.374677
1010.000000 0.372916 0.372939 : 0.374372 0.371863 0.372515
1020.000000 0.370749 0.370766 : 0.372215 0.369701 0.370331
1030.000000 0.368652 0.368664 : 0.370123 0.367616 0.368217
1040.000000 0.366562 0.366569 : 0.368036 0.365541 0.366109
1050.000000 0.364483 0.364486 : 0.365959 0.363478 0.364011
1060.000000 0.362456 0.362456 : 0.363934 0.361469 0.361966
1070.000000 0.360450 0.360445 : 0.361926 0.359486 0.359939
1080.000000 0.358451 0.358443 : 0.359923 0.357512 0.357919
1090.000000 0.356479 0.356468 : 0.357943 0.355568 0.355926
1100.000000 0.354561 0.354546 : 0.356017 0.353677 0.353990
1110.000000 0.352640 0.352621 : 0.354087 0.351782 0.352052
1120.000000 0.350754 0.350731 : 0.352191 0.349923 0.350148
1130.000000 0.348904 0.348874 : 0.350331 0.348094 0.348286
1140.000000 0.347052 0.347015 : 0.348471 0.346261 0.346423
1150.000000 0.345247 0.345204 : 0.346657 0.344475 0.344610
1160.000000 0.343469 0.343419 : 0.344870 0.342717 0.342820
1170.000000 0.341696 0.341639 : 0.343086 0.340959 0.341043
1180.000000 0.339940 0.339877 : 0.341316 0.339220 0.339284
1190.000000 0.338231 0.338163 : 0.339594 0.337531 0.337566
1200.000000 0.336525 0.336452 : 0.337876 0.335844 0.335856
1210.000000 0.334832 0.334756 : 0.336173 0.334171 0.334150
1220.000000 0.333155 0.333075 : 0.334485 0.332521 0.332461
1230.000000 0.331487 0.331404 : 0.332810 0.330880 0.330772
1240.000000 0.329853 0.329767 : 0.331168 0.329274 0.329115
1250.000000 0.328228 0.328140 : 0.329535 0.327680 0.327469
1260.000000 0.326610 0.326518 : 0.327906 0.326097 0.325827
1270.000000 0.325009 0.324914 : 0.326294 0.324528 0.324206
1280.000000 0.323445 0.323344 : 0.324720 0.323000 0.322614
1290.000000 0.321885 0.321778 : 0.323150 0.321470 0.321033
1300.000000 0.320340 0.320227 : 0.321592 0.319959 0.319470
1310.000000 0.318818 0.318698 : 0.320059 0.318468 0.317926
1320.000000 0.317298 0.317173 : 0.318530 0.316972 0.316393
1330.000000 0.315813 0.315682 : 0.317037 0.315511 0.314892
1340.000000 0.314342 0.314206 : 0.315559 0.314060 0.313408
1350.000000 0.312859 0.312717 : 0.314074 0.312592 0.311910
1360.000000 0.311411 0.311263 : 0.312627 0.311158 0.310448
1370.000000 0.309995 0.309842 : 0.311219 0.309753 0.309014
1380.000000 0.308570 0.308413 : 0.309801 0.308342 0.307569
1390.000000 0.307149 0.306988 : 0.308385 0.306931 0.306132
1400.000000 0.305767 0.305604 : 0.307010 0.305561 0.304730
1410.000000 0.304388 0.304223 : 0.305631 0.304197 0.303335
1420.000000 0.303005 0.302842 : 0.304250 0.302826 0.301939
1430.000000 0.301651 0.301489 : 0.302888 0.301487 0.300579
1440.000000 0.300300 0.300140 : 0.301533 0.300146 0.299221
1450.000000 0.298954 0.298797 : 0.300184 0.298811 0.297866
1460.000000 0.297628 0.297476 : 0.298852 0.297498 0.296534
1470.000000 0.296317 0.296168 : 0.297540 0.296194 0.295216
1480.000000 0.295004 0.294859 : 0.296224 0.294892 0.293896
1490.000000 0.293716 0.293572 : 0.294938 0.293611 0.292598
1500.000000 0.292442 0.292299 : 0.293665 0.292339 0.291323
1510.000000 0.291179 0.291035 : 0.292399 0.291084 0.290054
1520.000000 0.289929 0.289784 : 0.291150 0.289836 0.288800
1530.000000 0.288687 0.288540 : 0.289901 0.288604 0.287555
1540.000000 0.287456 0.287307 : 0.288663 0.287380 0.286323
1550.000000 0.286240 0.286092 : 0.287436 0.286176 0.285108
1560.000000 0.285035 0.284890 : 0.286217 0.284986 0.283903
1570.000000 0.283831 0.283688 : 0.284995 0.283794 0.282703
1580.000000 0.282644 0.282504 : 0.283783 0.282629 0.281520
1590.000000 0.281470 0.281337 : 0.282588 0.281474 0.280349
1600.000000 0.280304 0.280176 : 0.281398 0.280332 0.279181
1610.000000 0.279144 0.279023 : 0.280215 0.279196 0.278022
1620.000000 0.277998 0.277884 : 0.279045 0.278076 0.276873
1630.000000 0.276863 0.276758 : 0.277890 0.276966 0.275734
1640.000000 0.275738 0.275640 : 0.276743 0.275864 0.274607
1650.000000 0.274615 0.274525 : 0.275603 0.274759 0.273482
1660.000000 0.273501 0.273419 : 0.274471 0.273663 0.272368
1670.000000 0.272394 0.272321 : 0.273351 0.272572 0.271260
1680.000000 0.271297 0.271231 : 0.272243 0.271487 0.270161
1690.000000 0.270208 0.270150 : 0.271140 0.270412 0.269071
1700.000000 0.269125 0.269074 : 0.270043 0.269342 0.267989
1710.000000 0.268044 0.267998 : 0.268947 0.268275 0.266909
1720.000000 0.266973 0.266933 : 0.267868 0.267210 0.265840
1730.000000 0.265913 0.265878 : 0.266796 0.266159 0.264784
1740.000000 0.264861 0.264828 : 0.265734 0.265115 0.263734
1750.000000 0.263814 0.263783 : 0.264680 0.264071 0.262690
1760.000000 0.262782 0.262751 : 0.263637 0.263042 0.261666
1770.000000 0.261761 0.261732 : 0.262608 0.262022 0.260653
1780.000000 0.260742 0.260712 : 0.261578 0.261005 0.259645
1790.000000 0.259732 0.259699 : 0.260555 0.259995 0.258645
1800.000000 0.258736 0.258701 : 0.259545 0.259003 0.257659
1810.000000 0.257747 0.257710 : 0.258542 0.258023 0.256677
1820.000000 0.256764 0.256724 : 0.257541 0.257051 0.255701
1830.000000 0.255787 0.255744 : 0.256542 0.256092 0.254728
1840.000000 0.254821 0.254775 : 0.255556 0.255144 0.253763
1850.000000 0.253857 0.253809 : 0.254573 0.254196 0.252803
1860.000000 0.252903 0.252850 : 0.253600 0.253259 0.251850
1870.000000 0.251961 0.251904 : 0.252641 0.252333 0.250910
1880.000000 0.251026 0.250962 : 0.251688 0.251408 0.249980
1890.000000 0.250098 0.250027 : 0.250745 0.250490 0.249058
1900.000000 0.249182 0.249103 : 0.249816 0.249584 0.248145
1910.000000 0.248272 0.248182 : 0.248887 0.248684 0.247243
1920.000000 0.247362 0.247263 : 0.247963 0.247785 0.246338
1930.000000 0.246459 0.246352 : 0.247046 0.246892 0.245440
1940.000000 0.245564 0.245448 : 0.246135 0.246005 0.244553
1950.000000 0.244676 0.244551 : 0.245230 0.245127 0.243669
1960.000000 0.243791 0.243659 : 0.244326 0.244259 0.242790
1970.000000 0.242915 0.242775 : 0.243430 0.243396 0.241919
1980.000000 0.242048 0.241899 : 0.242544 0.242540 0.241060
1990.000000 0.241186 0.241029 : 0.241665 0.241694 0.240198
2000.000000 0.240327 0.240166 : 0.240787 0.240845 0.239350
5000.000000 0.116706 0.116632 : 0.116573 0.116765 0.116779
10000.000000 0.056459 0.056449 : 0.056428 0.056159 0.056791
15000.000000 0.032311 0.032275 : 0.032159 0.032098 0.032675
20000.000000 0.019892 0.019904 : 0.020041 0.019719 0.019918
25000.000000 0.012712 0.012793 : 0.012746 0.012706 0.012683
30000.000000 0.008406 0.008462 : 0.008348 0.008441 0.008430
35000.000000 0.005906 0.005828 : 0.005904 0.005723 0.006092
40000.000000 0.004088 0.003994 : 0.004051 0.004005 0.004207
45000.000000 0.002903 0.002811 : 0.002747 0.002839 0.003123
50000.000000 0.002088 0.002015 : 0.002039 0.001994 0.002231
55000.000000 0.001579 0.001441 : 0.001696 0.001451 0.001591
60000.000000 0.001102 0.001039 : 0.001118 0.000977 0.001212
65000.000000 0.000739 0.000731 : 0.000799 0.000525 0.000894
70000.000000 0.000547 0.000540 : 0.000600 0.000362 0.000678
75000.000000 0.000465 0.000422 : 0.000534 0.000245 0.000617
80000.000000 0.000346 0.000330 : 0.000354 0.000322 0.000364
85000.000000 0.000285 0.000239 : 0.000333 0.000335 0.000186
90000.000000 0.000124 0.000178 : 0.000157 -0.000082 0.000297
95000.000000 0.000129 0.000131 : 0.000242 0.000114 0.000030
100000.000000 0.000113 0.000103 : 0.000072 0.000033 0.000235
105000.000000 0.000133 0.000087 : 0.000170 0.000182 0.000046
110000.000000 0.000114 0.000059 : 0.000102 0.000147 0.000093
115000.000000 0.000040 0.000028 : 0.000121 0.000019 -0.000019
120000.000000 0.000071 0.000061 : 0.000146 0.000006 0.000062
125000.000000 0.000143 0.000044 : 0.000215 0.000091 0.000123
130000.000000 0.000069 0.000051 : 0.000113 -0.000049 0.000142
135000.000000 -0.000025 0.000020 : -0.000031 0.000014 -0.000057
140000.000000 0.000030 0.000017 : 0.000107 -0.000050 0.000033
145000.000000 -0.000053 0.000014 : -0.000075 -0.000163 0.000081
150000.000000 0.000020 0.000018 : -0.000013 0.000023 0.000048
155000.000000 0.000025 0.000036 : 0.000106 0.000001 -0.000034
160000.000000 0.000020 0.000025 : -0.000095 0.000072 0.000084
165000.000000 -0.000035 -0.000002 : -0.000132 0.000004 0.000023
170000.000000 0.000056 0.000005 : 0.000119 0.000025 0.000022
175000.000000 0.000023 0.000004 : -0.000067 0.000115 0.000020
180000.000000 0.000056 0.000004 : 0.000065 0.000001 0.000101
185000.000000 0.000032 -0.000012 : 0.000165 0.000030 -0.000100
190000.000000 -0.000086 -0.000004 : -0.000017 -0.000113 -0.000127
195000.000000 -0.000036 -0.000003 : -0.000020 -0.000112 0.000024
200000.000000 0.000011 0.000010 : 0.000093 -0.000045 -0.000016
205000.000000 0.000052 -0.000015 : 0.000124 -0.000041 0.000072
210000.000000 0.000007 -0.000010 : 0.000098 -0.000151 0.000075
215000.000000 -0.000013 -0.000001 : -0.000017 -0.000054 0.000033
220000.000000 -0.000054 0.000011 : -0.000112 0.000093 -0.000144
225000.000000 -0.000095 -0.000002 : -0.000128 -0.000041 -0.000117
230000.000000 -0.000180 0.000009 : -0.000137 -0.000081 -0.000323
235000.000000 -0.000027 0.000001 : 0.000017 -0.000036 -0.000062
240000.000000 0.000019 0.000014 : 0.000102 -0.000019 -0.000025
245000.000000 0.000027 0.000000 : 0.000144 -0.000032 -0.000030
250000.000000 0.000027 -0.000016 : 0.000147 -0.000079 0.000014
255000.000000 -0.000062 -0.000005 : 0.000036 -0.000158 -0.000064
260000.000000 -0.000017 -0.000020 : 0.000018 -0.000032 -0.000037
265000.000000 -0.000076 -0.000016 : -0.000092 -0.000063 -0.000074
270000.000000 -0.000108 -0.000012 : -0.000066 -0.000101 -0.000156
275000.000000 -0.000036 -0.000006 : -0.000045 -0.000095 0.000033
280000.000000 0.000016 0.000001 : -0.000084 0.000020 0.000112
285000.000000 -0.000027 -0.000001 : -0.000082 -0.000030 0.000032
290000.000000 -0.000009 0.000012 : -0.000003 0.000090 -0.000115
295000.000000 -0.000025 -0.000003 : -0.000003 0.000122 -0.000194
300000.000000 -0.000046 -0.000013 : -0.000005 -0.000003 -0.000130
305000.000000 -0.000100 -0.000006 : -0.000072 -0.000165 -0.000064
310000.000000 -0.000043 -0.000006 : 0.000007 -0.000151 0.000015
315000.000000 -0.000031 -0.000001 : 0.000086 -0.000135 -0.000045
320000.000000 0.000082 -0.000009 : 0.000164 -0.000019 0.000101
325000.000000 0.000033 0.000001 : 0.000155 -0.000038 -0.000020
330000.000000 0.000026 0.000004 : 0.000009 0.000043 0.000026
335000.000000 0.000056 0.000026 : 0.000008 0.000109 0.000050
340000.000000 -0.000067 0.000016 : -0.000010 -0.000078 -0.000114
345000.000000 -0.000014 0.000011 : -0.000048 0.000049 -0.000042
350000.000000 -0.000027 0.000010 : -0.000060 -0.000023 0.000002
355000.000000 0.000069 0.000009 : 0.000078 0.000078 0.000051
360000.000000 -0.000009 0.000008 : -0.000028 0.000046 -0.000045
365000.000000 0.000040 0.000014 : 0.000060 -0.000027 0.000087
370000.000000 0.000018 -0.000007 : -0.000006 -0.000143 0.000202
375000.000000 -0.000019 -0.000001 : -0.000165 -0.000000 0.000109
380000.000000 -0.000052 -0.000012 : -0.000098 0.000023 -0.000082
385000.000000 -0.000004 -0.000021 : 0.000087 -0.000161 0.000061
390000.000000 -0.000056 -0.000006 : -0.000152 -0.000095 0.000078
395000.000000 -0.000106 0.000000 : -0.000181 -0.000087 -0.000048
400000.000000 -0.000029 0.000010 : -0.000001 0.000052 -0.000138
405000.000000 -0.000041 -0.000003 : -0.000065 -0.000153 0.000095
410000.000000 0.000018 -0.000001 : -0.000038 0.000009 0.000082
415000.000000 -0.000055 -0.000007 : -0.000120 -0.000123 0.000078
420000.000000 -0.000009 -0.000013 : -0.000022 -0.000052 0.000047
425000.000000 0.000003 0.000012 : 0.000112 -0.000025 -0.000076
430000.000000 0.000029 -0.000002 : 0.000034 0.000035 0.000017
435000.000000 -0.000016 0.000004 : 0.000091 -0.000113 -0.000026
440000.000000 0.000001 -0.000004 : 0.000003 -0.000012 0.000014
445000.000000 -0.000007 -0.000001 : 0.000019 -0.000027 -0.000014
450000.000000 -0.000094 -0.000014 : -0.000141 -0.000094 -0.000048
455000.000000 -0.000036 -0.000003 : 0.000075 -0.000122 -0.000060
460000.000000 0.000024 0.000007 : 0.000106 -0.000118 0.000084
465000.000000 0.000031 0.000015 : 0.000050 0.000064 -0.000022
470000.000000 0.000066 0.000014 : 0.000092 0.000088 0.000018
475000.000000 0.000097 0.000013 : 0.000186 0.000170 -0.000066
480000.000000 0.000037 0.000002 : 0.000075 0.000084 -0.000047
485000.000000 0.000007 0.000003 : 0.000113 -0.000203 0.000111
490000.000000 0.000004 -0.000010 : 0.000062 -0.000094 0.000044
495000.000000 0.000070 -0.000007 : 0.000093 0.000071 0.000045
500000.000000 0.000012 0.000011 : 0.000137 -0.000068 -0.000032
505000.000000 0.000012 0.000004 : 0.000048 0.000086 -0.000098
510000.000000 -0.000102 0.000006 : -0.000150 0.000007 -0.000164
515000.000000 0.000010 -0.000007 : -0.000048 0.000105 -0.000028
520000.000000 0.000095 0.000017 : 0.000237 -0.000027 0.000075
525000.000000 0.000093 0.000008 : 0.000112 0.000188 -0.000021
530000.000000 0.000019 0.000019 : 0.000012 0.000099 -0.000053
535000.000000 0.000078 0.000015 : 0.000129 0.000080 0.000024
540000.000000 -0.000027 0.000002 : 0.000117 -0.000093 -0.000107
545000.000000 0.000006 0.000001 : 0.000052 0.000050 -0.000085
550000.000000 -0.000039 0.000003 : 0.000006 -0.000077 -0.000045
555000.000000 0.000021 0.000009 : 0.000068 -0.000135 0.000129
560000.000000 0.000043 0.000003 : 0.000106 0.000015 0.000009
565000.000000 0.000003 0.000013 : 0.000007 0.000140 -0.000138
570000.000000 -0.000108 -0.000005 : -0.000184 -0.000026 -0.000113
575000.000000 -0.000089 -0.000000 : -0.000149 0.000048 -0.000167
580000.000000 -0.000027 -0.000001 : -0.000013 -0.000033 -0.000037
585000.000000 -0.000076 -0.000011 : -0.000067 -0.000096 -0.000066
590000.000000 0.000021 -0.000006 : 0.000048 0.000045 -0.000029
595000.000000 -0.000084 -0.000001 : -0.000088 0.000063 -0.000227
600000.000000 -0.000050 -0.000007 : -0.000184 -0.000046 0.000081
605000.000000 -0.000042 -0.000001 : -0.000273 0.000097 0.000050
610000.000000 -0.000018 0.000005 : -0.000033 0.000062 -0.000084
615000.000000 -0.000029 0.000002 : -0.000175 -0.000023 0.000111
620000.000000 0.000074 0.000011 : -0.000061 0.000118 0.000165
625000.000000 -0.000004 0.000001 : -0.000087 -0.000022 0.000095
630000.000000 0.000007 0.000007 : -0.000052 -0.000025 0.000098
635000.000000 0.000029 -0.000005 : -0.000150 0.000139 0.000097
640000.000000 0.000017 0.000011 : 0.000035 0.000120 -0.000104
645000.000000 0.000008 0.000017 : -0.000001 -0.000026 0.000052
650000.000000 0.000003 0.000002 : 0.000107 -0.000138 0.000042
655000.000000 0.000012 -0.000001 : -0.000032 -0.000051 0.000119
660000.000000 0.000031 0.000005 : 0.000077 0.000045 -0.000029
665000.000000 0.000006 -0.000008 : -0.000050 0.000037 0.000032
670000.000000 0.000056 -0.000003 : 0.000032 0.000201 -0.000066
675000.000000 -0.000007 -0.000003 : 0.000021 -0.000160 0.000119
680000.000000 -0.000037 -0.000003 : -0.000122 -0.000125 0.000136
685000.000000 0.000001 0.000014 : 0.000122 -0.000045 -0.000075
690000.000000 -0.000004 0.000006 : 0.000099 -0.000074 -0.000036
695000.000000 0.000002 0.000006 : 0.000043 -0.000033 -0.000003
700000.000000 -0.000047 0.000002 : -0.000021 -0.000042 -0.000077
705000.000000 0.000034 0.000018 : 0.000083 -0.000004 0.000022
710000.000000 0.000011 0.000009 : -0.000040 0.000062 0.000011
715000.000000 0.000009 0.000009 : 0.000152 -0.000035 -0.000090
720000.000000 -0.000079 0.000006 : -0.000119 -0.000064 -0.000054
725000.000000 0.000055 0.000020 : -0.000000 0.000131 0.000035
730000.000000 0.000063 0.000016 : 0.000096 -0.000003 0.000095
735000.000000 0.000065 0.000004 : 0.000063 0.000020 0.000114
740000.000000 -0.000065 0.000007 : -0.000052 -0.000160 0.000016
745000.000000 -0.000004 -0.000017 : -0.000058 0.000034 0.000013
750000.000000 -0.000050 -0.000015 : -0.000045 0.000097 -0.000201
755000.000000 -0.000076 -0.000009 : 0.000020 -0.000056 -0.000191
760000.000000 -0.000032 -0.000002 : 0.000026 0.000054 -0.000177
765000.000000 -0.000045 -0.000002 : -0.000029 0.000029 -0.000134
770000.000000 -0.000093 0.000000 : -0.000126 -0.000022 -0.000132
775000.000000 -0.000024 -0.000007 : -0.000220 0.000065 0.000084
780000.000000 0.000067 -0.000010 : -0.000034 0.000128 0.000107
785000.000000 0.000115 -0.000007 : 0.000229 0.000129 -0.000011
790000.000000 -0.000014 0.000007 : -0.000053 0.000042 -0.000031
795000.000000 -0.000055 0.000001 : -0.000033 -0.000006 -0.000125
800000.000000 -0.000077 -0.000018 : -0.000120 0.000057 -0.000167
805000.000000 0.000006 0.000000 : -0.000020 0.000086 -0.000047
810000.000000 0.000027 -0.000012 : 0.000075 0.000068 -0.000062
815000.000000 0.000006 -0.000003 : -0.000055 0.000144 -0.000070
820000.000000 -0.000026 -0.000003 : -0.000103 0.000173 -0.000147
825000.000000 -0.000024 -0.000013 : 0.000056 -0.000033 -0.000094
830000.000000 0.000018 0.000003 : 0.000048 0.000079 -0.000074
835000.000000 0.000057 -0.000006 : 0.000133 0.000074 -0.000036
840000.000000 0.000009 -0.000002 : 0.000087 0.000052 -0.000110
845000.000000 -0.000063 0.000010 : -0.000056 -0.000016 -0.000117
850000.000000 0.000064 0.000018 : 0.000150 0.000140 -0.000097
855000.000000 0.000016 0.000014 : 0.000052 0.000104 -0.000107
860000.000000 -0.000054 0.000004 : -0.000073 0.000044 -0.000133
865000.000000 0.000005 0.000015 : 0.000083 -0.000041 -0.000029
870000.000000 0.000026 0.000032 : 0.000168 0.000073 -0.000164
875000.000000 0.000118 0.000015 : 0.000238 0.000069 0.000049
880000.000000 0.000062 0.000015 : 0.000181 -0.000062 0.000066
885000.000000 0.000089 0.000016 : 0.000095 0.000046 0.000125
890000.000000 0.000092 -0.000008 : 0.000115 0.000023 0.000138
895000.000000 0.000016 -0.000006 : -0.000090 0.000058 0.000080
900000.000000 -0.000058 -0.000012 : -0.000101 0.000037 -0.000110
905000.000000 0.000163 -0.000009 : 0.000101 0.000228 0.000159
910000.000000 0.000044 -0.000012 : 0.000038 0.000151 -0.000058
915000.000000 -0.000002 -0.000007 : 0.000102 0.000030 -0.000139
920000.000000 0.000118 -0.000013 : 0.000018 0.000230 0.000104
925000.000000 0.000010 -0.000020 : -0.000032 -0.000045 0.000108
930000.000000 0.000127 0.000006 : 0.000203 -0.000062 0.000238
935000.000000 0.000051 0.000000 : 0.000113 -0.000098 0.000137
940000.000000 -0.000034 0.000002 : -0.000091 -0.000043 0.000031
945000.000000 0.000017 0.000008 : 0.000047 -0.000081 0.000084
950000.000000 -0.000033 0.000013 : -0.000095 0.000062 -0.000066
955000.000000 0.000072 0.000007 : 0.000058 0.000182 -0.000025
960000.000000 0.000011 0.000005 : -0.000028 0.000045 0.000014
965000.000000 0.000066 0.000001 : 0.000035 0.000060 0.000104
970000.000000 0.000115 -0.000004 : 0.000089 0.000101 0.000153
975000.000000 0.000026 -0.000000 : 0.000105 0.000021 -0.000047
980000.000000 -0.000017 0.000007 : -0.000047 -0.000033 0.000028
985000.000000 -0.000018 -0.000002 : 0.000041 -0.000038 -0.000057
990000.000000 -0.000004 -0.000003 : 0.000023 -0.000078 0.000042
995000.000000 0.000033 -0.000005 : 0.000030 -0.000002 0.000070
1000000.000000 0.000020 -0.000007 : 0.000082 0.000130 -0.000151
