0.000000 1.000000 1.000000 : 1.000000 1.000000 1.000000
10.000000 0.993562 0.993562 : 0.993565 0.993567 0.993554
20.000000 0.989371 0.989371 : 0.989361 0.989374 0.989379
30.000000 0.983148 0.983148 : 0.983106 0.983167 0.983171
40.000000 0.975832 0.975832 : 0.975754 0.975867 0.975876
50.000000 0.968119 0.968119 : 0.968009 0.968155 0.968194
60.000000 0.960549 0.960549 : 0.960398 0.960597 0.960652
70.000000 0.955193 0.955192 : 0.955002 0.955242 0.955333
80.000000 0.947222 0.947222 : 0.947004 0.947267 0.947396
90.000000 0.941644 0.941643 : 0.941392 0.941688 0.941852
100.000000 0.935299 0.935298 : 0.935027 0.935325 0.935544
110.000000 0.929713 0.929712 : 0.929418 0.929729 0.929991
120.000000 0.925320 0.925319 : 0.925001 0.925322 0.925637
130.000000 0.920572 0.920570 : 0.920237 0.920554 0.920923
140.000000 0.915533 0.915531 : 0.915181 0.915495 0.915924
150.000000 0.910265 0.910263 : 0.909901 0.910200 0.910695
160.000000 0.905246 0.905243 : 0.904871 0.905159 0.905708
170.000000 0.899496 0.899492 : 0.899111 0.899379 0.899998
180.000000 0.894399 0.894394 : 0.894009 0.894253 0.894933
190.000000 0.888522 0.888517 : 0.888129 0.888352 0.889086
200.000000 0.883125 0.883119 : 0.882735 0.882927 0.883712
210.000000 0.878208 0.878202 : 0.877816 0.877986 0.878822
220.000000 0.872748 0.872742 : 0.872362 0.872501 0.873382
230.000000 0.867653 0.867647 : 0.867277 0.867380 0.868303
240.000000 0.862225 0.862218 : 0.861856 0.861929 0.862890
250.000000 0.857656 0.857649 : 0.857295 0.857335 0.858338
260.000000 0.852659 0.852652 : 0.852311 0.852308 0.853356
270.000000 0.848208 0.848202 : 0.847879 0.847833 0.848911
280.000000 0.843943 0.843938 : 0.843633 0.843542 0.844655
290.000000 0.839699 0.839695 : 0.839410 0.839267 0.840421
300.000000 0.835724 0.835721 : 0.835459 0.835264 0.836450
310.000000 0.831310 0.831308 : 0.831073 0.830822 0.832035
320.000000 0.827338 0.827337 : 0.827129 0.826820 0.828065
330.000000 0.823245 0.823245 : 0.823060 0.822697 0.823978
340.000000 0.819396 0.819396 : 0.819239 0.818819 0.820131
350.000000 0.815357 0.815358 : 0.815232 0.814753 0.816087
360.000000 0.811879 0.811881 : 0.811783 0.811246 0.812609
370.000000 0.808240 0.808241 : 0.808172 0.807579 0.808968
380.000000 0.804334 0.804336 : 0.804296 0.803645 0.805062
390.000000 0.800970 0.800971 : 0.800963 0.800251 0.801696
400.000000 0.797425 0.797427 : 0.797448 0.796679 0.798148
410.000000 0.794191 0.794192 : 0.794242 0.793415 0.794915
420.000000 0.790659 0.790660 : 0.790742 0.789855 0.791381
430.000000 0.787650 0.787650 : 0.787761 0.786819 0.788368
440.000000 0.784638 0.784639 : 0.784784 0.783780 0.785351
450.000000 0.781409 0.781410 : 0.781587 0.780524 0.782116
460.000000 0.778463 0.778465 : 0.778669 0.777554 0.779167
470.000000 0.775336 0.775338 : 0.775571 0.774402 0.776034
480.000000 0.772481 0.772485 : 0.772748 0.771525 0.773170
490.000000 0.769459 0.769464 : 0.769757 0.768484 0.770137
500.000000 0.766617 0.766623 : 0.766942 0.765623 0.767287
510.000000 0.763716 0.763724 : 0.764071 0.762703 0.764376
520.000000 0.760856 0.760865 : 0.761243 0.759826 0.761500
530.000000 0.758155 0.758165 : 0.758571 0.757109 0.758784
540.000000 0.755255 0.755267 : 0.755703 0.754193 0.755869
550.000000 0.752529 0.752541 : 0.753007 0.751451 0.753129
560.000000 0.749814 0.749827 : 0.750324 0.748719 0.750397
570.000000 0.747256 0.747269 : 0.747800 0.746145 0.747823
580.000000 0.744540 0.744554 : 0.745117 0.743411 0.745093
590.000000 0.742013 0.742027 : 0.742622 0.740867 0.742551
600.000000 0.739475 0.739489 : 0.740115 0.738315 0.739995
610.000000 0.736856 0.736870 : 0.737529 0.735682 0.737357
620.000000 0.734436 0.734449 : 0.735136 0.733250 0.734921
630.000000 0.731917 0.731930 : 0.732646 0.730720 0.732384
640.000000 0.729496 0.729509 : 0.730253 0.728291 0.729945
650.000000 0.727021 0.727033 : 0.727802 0.725809 0.727452
660.000000 0.724702 0.724714 : 0.725511 0.723482 0.725115
670.000000 0.722294 0.722305 : 0.723126 0.721069 0.722687
680.000000 0.719886 0.719898 : 0.720741 0.718656 0.720261
690.000000 0.717583 0.717595 : 0.718459 0.716349 0.717940
700.000000 0.715241 0.715253 : 0.716137 0.714005 0.715579
710.000000 0.712970 0.712983 : 0.713889 0.711731 0.713291
720.000000 0.710673 0.710687 : 0.711611 0.709432 0.710975
730.000000 0.708452 0.708467 : 0.709411 0.707211 0.708735
740.000000 0.706199 0.706215 : 0.707175 0.704957 0.706463
750.000000 0.703980 0.703997 : 0.704974 0.702740 0.704225
760.000000 0.701812 0.701830 : 0.702824 0.700574 0.702038
770.000000 0.699648 0.699667 : 0.700675 0.698414 0.699855
780.000000 0.697479 0.697499 : 0.698523 0.696248 0.697666
790.000000 0.695327 0.695347 : 0.696388 0.694102 0.695491
800.000000 0.693289 0.693310 : 0.694367 0.692070 0.693431
810.000000 0.691178 0.691199 : 0.692274 0.689965 0.691296
820.000000 0.689060 0.689082 : 0.690172 0.687857 0.689152
830.000000 0.687014 0.687036 : 0.688141 0.685821 0.687081
840.000000 0.685009 0.685032 : 0.686152 0.683827 0.685049
850.000000 0.682987 0.683010 : 0.684144 0.681812 0.683003
860.000000 0.680951 0.680975 : 0.682123 0.679787 0.680943
870.000000 0.678998 0.679023 : 0.680184 0.677844 0.678967
880.000000 0.677034 0.677060 : 0.678236 0.675887 0.676981
890.000000 0.675110 0.675136 : 0.676325 0.673971 0.675035
900.000000 0.673176 0.673203 : 0.674404 0.672044 0.673081
910.000000 0.671251 0.671278 : 0.672491 0.670127 0.671134
920.000000 0.669378 0.669406 : 0.670633 0.668258 0.669243
930.000000 0.667525 0.667554 : 0.668794 0.666411 0.667371
940.000000 0.665683 0.665712 : 0.666967 0.664574 0.665508
950.000000 0.663811 0.663841 : 0.665110 0.662706 0.663616
960.000000 0.662011 0.662041 : 0.663324 0.660912 0.661796
970.000000 0.660225 0.660256 : 0.661554 0.659131 0.659990
980.000000 0.658423 0.658455 : 0.659766 0.657336 0.658168
990.000000 0.656636 0.656668 : 0.657993 0.655554 0.656360
1000.000000 0.654886 0.654918 : 0.656257 0.653810 0.654590
1010.000000 0.653156 0.653187 : 0.654540 0.652088 0.652840
1020.000000 0.651408 0.651439 : 0.652805 0.650347 0.651072
1030.000000 0.649706 0.649737 : 0.651114 0.648654 0.649350
1040.000000 0.648007 0.648037 : 0.649425 0.646963 0.647632
1050.000000 0.646311 0.646342 : 0.647740 0.645278 0.645915
1060.000000 0.644651 0.644682 : 0.646089 0.643629 0.644236
1070.000000 0.643001 0.643032 : 0.644447 0.641991 0.642565
1080.000000 0.641353 0.641384 : 0.642807 0.640354 0.640897
1090.000000 0.639721 0.639753 : 0.641182 0.638735 0.639247
1100.000000 0.638126 0.638158 : 0.639593 0.637150 0.637635
1110.000000 0.636524 0.636557 : 0.637996 0.635558 0.636018
1120.000000 0.634943 0.634976 : 0.636421 0.633988 0.634421
1130.000000 0.633386 0.633419 : 0.634867 0.632439 0.632852
1140.000000 0.631824 0.631856 : 0.633310 0.630884 0.631277
1150.000000 0.630290 0.630321 : 0.631780 0.629358 0.629732
1160.000000 0.628772 0.628803 : 0.630267 0.627848 0.628202
1170.000000 0.627258 0.627287 : 0.628758 0.626338 0.626678
1180.000000 0.625751 0.625779 : 0.627253 0.624837 0.625162
1190.000000 0.624276 0.624303 : 0.625782 0.623370 0.623676
1200.000000 0.622803 0.622829 : 0.624311 0.621904 0.622194
1210.000000 0.621337 0.621361 : 0.622849 0.620445 0.620716
1220.000000 0.619883 0.619907 : 0.621397 0.619002 0.619252
1230.000000 0.618435 0.618458 : 0.619950 0.617565 0.617791
1240.000000 0.617008 0.617029 : 0.618525 0.616148 0.616350
1250.000000 0.615588 0.615608 : 0.617106 0.614740 0.614918
1260.000000 0.614172 0.614191 : 0.615691 0.613338 0.613488
1270.000000 0.612767 0.612785 : 0.614284 0.611946 0.612072
1280.000000 0.611385 0.611401 : 0.612901 0.610579 0.610674
1290.000000 0.610004 0.610019 : 0.611520 0.609212 0.609282
1300.000000 0.608634 0.608647 : 0.610147 0.607855 0.607900
1310.000000 0.607278 0.607289 : 0.608791 0.606511 0.606533
1320.000000 0.605924 0.605933 : 0.607436 0.605165 0.605170
1330.000000 0.604592 0.604600 : 0.606105 0.603842 0.603830
1340.000000 0.603272 0.603278 : 0.604784 0.602528 0.602503
1350.000000 0.601942 0.601947 : 0.603457 0.601204 0.601165
1360.000000 0.600633 0.600637 : 0.602149 0.599901 0.599851
1370.000000 0.599348 0.599350 : 0.600866 0.598619 0.598558
1380.000000 0.598056 0.598057 : 0.599577 0.597333 0.597258
1390.000000 0.596764 0.596764 : 0.598286 0.596046 0.595961
1400.000000 0.595500 0.595500 : 0.597025 0.594789 0.594688
1410.000000 0.594238 0.594238 : 0.595761 0.593535 0.593419
1420.000000 0.592973 0.592974 : 0.594497 0.592277 0.592145
1430.000000 0.591729 0.591730 : 0.593249 0.591041 0.590895
1440.000000 0.590487 0.590489 : 0.592008 0.589806 0.589646
1450.000000 0.589246 0.589249 : 0.590768 0.588573 0.588397
1460.000000 0.588020 0.588025 : 0.589542 0.587354 0.587165
1470.000000 0.586804 0.586809 : 0.588329 0.586141 0.585941
1480.000000 0.585585 0.585592 : 0.587111 0.584928 0.584714
1490.000000 0.584381 0.584388 : 0.585912 0.583728 0.583503
1500.000000 0.583187 0.583195 : 0.584721 0.582536 0.582304
1510.000000 0.581998 0.582005 : 0.583534 0.581351 0.581108
1520.000000 0.580817 0.580825 : 0.582356 0.580172 0.579923
1530.000000 0.579643 0.579650 : 0.581184 0.579002 0.578742
1540.000000 0.578474 0.578481 : 0.580017 0.577837 0.577569
1550.000000 0.577316 0.577323 : 0.578860 0.576684 0.576405
1560.000000 0.576168 0.576175 : 0.577712 0.575541 0.575251
1570.000000 0.575019 0.575026 : 0.576562 0.574396 0.574098
1580.000000 0.573880 0.573888 : 0.575422 0.573265 0.572954
1590.000000 0.572752 0.572761 : 0.574291 0.572143 0.571822
1600.000000 0.571628 0.571638 : 0.573165 0.571028 0.570691
1610.000000 0.570510 0.570522 : 0.572045 0.569917 0.569567
1620.000000 0.569400 0.569413 : 0.570932 0.568816 0.568451
1630.000000 0.568299 0.568314 : 0.569828 0.567725 0.567343
1640.000000 0.567203 0.567220 : 0.568730 0.566637 0.566242
1650.000000 0.566111 0.566129 : 0.567637 0.565551 0.565144
1660.000000 0.565024 0.565045 : 0.566547 0.564472 0.564055
1670.000000 0.563943 0.563965 : 0.565464 0.563396 0.562968
1680.000000 0.562868 0.562892 : 0.564390 0.562326 0.561890
1690.000000 0.561800 0.561824 : 0.563320 0.561263 0.560818
1700.000000 0.560738 0.560763 : 0.562254 0.560205 0.559753
1710.000000 0.559676 0.559701 : 0.561189 0.559149 0.558689
1720.000000 0.558620 0.558646 : 0.560131 0.558096 0.557633
1730.000000 0.557574 0.557600 : 0.559081 0.557054 0.556588
1740.000000 0.556533 0.556557 : 0.558036 0.556017 0.555546
1750.000000 0.555493 0.555518 : 0.556993 0.554979 0.554508
1760.000000 0.554465 0.554488 : 0.555958 0.553955 0.553482
1770.000000 0.553446 0.553469 : 0.554933 0.552938 0.552466
1780.000000 0.552426 0.552449 : 0.553907 0.551923 0.551450
1790.000000 0.551412 0.551433 : 0.552885 0.550912 0.550440
1800.000000 0.550408 0.550428 : 0.551873 0.549911 0.549441
1810.000000 0.549410 0.549428 : 0.550867 0.548918 0.548445
1820.000000 0.548416 0.548432 : 0.549865 0.547927 0.547455
1830.000000 0.547428 0.547443 : 0.548869 0.546947 0.546469
1840.000000 0.546448 0.546461 : 0.547880 0.545972 0.545492
1850.000000 0.545470 0.545481 : 0.546895 0.544998 0.544516
1860.000000 0.544500 0.544509 : 0.545917 0.544032 0.543549
1870.000000 0.543537 0.543543 : 0.544948 0.543073 0.542589
1880.000000 0.542578 0.542582 : 0.543983 0.542117 0.541634
1890.000000 0.541624 0.541624 : 0.543022 0.541165 0.540684
1900.000000 0.540678 0.540676 : 0.542072 0.540222 0.539741
1910.000000 0.539737 0.539730 : 0.541124 0.539282 0.538803
1920.000000 0.538795 0.538786 : 0.540178 0.538344 0.537864
1930.000000 0.537859 0.537847 : 0.539235 0.537411 0.536931
1940.000000 0.536928 0.536914 : 0.538299 0.536482 0.536004
1950.000000 0.536001 0.535984 : 0.537365 0.535559 0.535080
1960.000000 0.535077 0.535057 : 0.536432 0.534641 0.534158
1970.000000 0.534157 0.534136 : 0.535505 0.533725 0.533242
1980.000000 0.533244 0.533220 : 0.534582 0.532815 0.532335
1990.000000 0.532335 0.532308 : 0.533665 0.531910 0.531430
2000.000000 0.531430 0.531402 : 0.532752 0.531006 0.530534
5000.000000 0.374369 0.374321 : 0.374339 0.374284 0.374482
10000.000000 0.260637 0.260551 : 0.260735 0.260094 0.261081
15000.000000 0.197341 0.197262 : 0.197317 0.196809 0.197897
20000.000000 0.155033 0.154965 : 0.155159 0.154543 0.155396
25000.000000 0.124279 0.124268 : 0.124317 0.123863 0.124657
30000.000000 0.101297 0.101334 : 0.101162 0.101013 0.101716
35000.000000 0.083797 0.083644 : 0.083781 0.083374 0.084235
40000.000000 0.069654 0.069529 : 0.069636 0.069182 0.070144
45000.000000 0.058426 0.058388 : 0.058527 0.057764 0.058988
50000.000000 0.049238 0.049221 : 0.049519 0.048621 0.049574
55000.000000 0.041904 0.041800 : 0.042272 0.041391 0.042049
60000.000000 0.035596 0.035622 : 0.035948 0.035041 0.035800
65000.000000 0.030455 0.030450 : 0.030922 0.029879 0.030564
70000.000000 0.026090 0.026109 : 0.026697 0.025631 0.025942
75000.000000 0.022474 0.022511 : 0.023076 0.021968 0.022380
80000.000000 0.019362 0.019418 : 0.020058 0.019057 0.018971
85000.000000 0.016663 0.016785 : 0.017161 0.016475 0.016351
90000.000000 0.014392 0.014694 : 0.014773 0.014009 0.014394
95000.000000 0.012488 0.012803 : 0.012939 0.011955 0.012570
100000.000000 0.010832 0.011136 : 0.011289 0.010127 0.011080
105000.000000 0.009462 0.009739 : 0.009930 0.009015 0.009442
110000.000000 0.008315 0.008589 : 0.008817 0.008136 0.007991
115000.000000 0.007176 0.007437 : 0.007610 0.006900 0.007017
120000.000000 0.006375 0.006599 : 0.006613 0.006276 0.006235
125000.000000 0.005697 0.005860 : 0.005915 0.005823 0.005354
130000.000000 0.005005 0.005092 : 0.005084 0.005174 0.004757
135000.000000 0.004376 0.004460 : 0.004233 0.004696 0.004201
140000.000000 0.003818 0.003980 : 0.003886 0.003956 0.003612
145000.000000 0.003415 0.003549 : 0.003486 0.003552 0.003207
150000.000000 0.003024 0.003165 : 0.003042 0.003169 0.002861
155000.000000 0.002576 0.002780 : 0.002474 0.002681 0.002572
160000.000000 0.002300 0.002513 : 0.002117 0.002391 0.002391
165000.000000 0.002006 0.002183 : 0.001710 0.002176 0.002132
170000.000000 0.001853 0.001942 : 0.001428 0.002157 0.001973
175000.000000 0.001688 0.001754 : 0.001163 0.002024 0.001877
180000.000000 0.001476 0.001522 : 0.001034 0.001795 0.001601
185000.000000 0.001280 0.001335 : 0.000808 0.001726 0.001308
190000.000000 0.001153 0.001152 : 0.000729 0.001622 0.001107
195000.000000 0.001023 0.001057 : 0.000607 0.001392 0.001069
200000.000000 0.000992 0.000976 : 0.000549 0.001340 0.001087
205000.000000 0.000812 0.000834 : 0.000433 0.001065 0.000936
210000.000000 0.000711 0.000791 : 0.000289 0.000953 0.000891
215000.000000 0.000568 0.000714 : 0.000053 0.000789 0.000862
220000.000000 0.000443 0.000652 : -0.000098 0.000762 0.000664
225000.000000 0.000347 0.000583 : -0.000059 0.000535 0.000564
230000.000000 0.000372 0.000533 : 0.000012 0.000492 0.000611
235000.000000 0.000317 0.000479 : 0.000021 0.000478 0.000453
240000.000000 0.000328 0.000448 : 0.000099 0.000448 0.000437
245000.000000 0.000298 0.000447 : 0.000119 0.000345 0.000431
250000.000000 0.000223 0.000411 : 0.000022 0.000299 0.000348
255000.000000 0.000074 0.000373 : -0.000178 0.000164 0.000236
260000.000000 0.000112 0.000323 : -0.000022 0.000307 0.000052
265000.000000 0.000092 0.000277 : 0.000085 0.000142 0.000048
270000.000000 0.000138 0.000258 : -0.000056 0.000183 0.000285
275000.000000 0.000242 0.000246 : -0.000058 0.000405 0.000378
280000.000000 0.000172 0.000232 : -0.000023 0.000412 0.000127
285000.000000 0.000148 0.000205 : 0.000076 0.000118 0.000249
290000.000000 0.000080 0.000155 : 0.000018 0.000013 0.000210
295000.000000 0.000159 0.000146 : 0.000037 0.000120 0.000320
300000.000000 0.000111 0.000133 : 0.000140 -0.000042 0.000235
305000.000000 0.000060 0.000093 : 0.000081 -0.000092 0.000191
310000.000000 0.000098 0.000070 : 0.000099 0.000058 0.000138
315000.000000 0.000036 0.000054 : -0.000093 0.000054 0.000148
320000.000000 0.000062 0.000024 : -0.000128 0.000125 0.000188
325000.000000 0.000003 -0.000008 : -0.000060 0.000110 -0.000040
330000.000000 -0.000066 -0.000024 : -0.000180 0.000006 -0.000025
335000.000000 0.000032 0.000030 : 0.000010 0.000130 -0.000045
340000.000000 -0.000003 0.000029 : 0.000002 0.000122 -0.000134
345000.000000 0.000089 0.000038 : -0.000016 0.000237 0.000047
350000.000000 0.000061 0.000017 : 0.000085 0.000197 -0.000100
355000.000000 0.000164 0.000053 : 0.000078 0.000218 0.000197
360000.000000 0.000064 0.000057 : -0.000040 -0.000025 0.000258
365000.000000 0.000112 0.000053 : -0.000018 0.000059 0.000296
370000.000000 0.000098 0.000087 : 0.000214 -0.000136 0.000216
375000.000000 0.000054 0.000081 : 0.000214 -0.000032 -0.000020
380000.000000 0.000099 0.000086 : 0.000299 -0.000112 0.000109
385000.000000 -0.000031 0.000079 : 0.000052 -0.000259 0.000113
390000.000000 -0.000060 0.000068 : 0.000079 -0.000284 0.000024
395000.000000 -0.000031 0.000056 : 0.000084 -0.000136 -0.000042
400000.000000 -0.000015 0.000034 : 0.000181 -0.000205 -0.000022
405000.000000 -0.000031 0.000045 : 0.000160 -0.000210 -0.000042
410000.000000 -0.000056 0.000025 : 0.000136 -0.000345 0.000041
415000.000000 -0.000047 0.000020 : 0.000080 -0.000216 -0.000005
420000.000000 -0.000110 0.000011 : 0.000036 -0.000209 -0.000157
425000.000000 -0.000151 -0.000007 : -0.000047 -0.000265 -0.000142
430000.000000 -0.000070 -0.000014 : -0.000002 -0.000193 -0.000015
435000.000000 -0.000021 -0.000030 : 0.000130 -0.000064 -0.000130
440000.000000 -0.000009 -0.000027 : 0.000049 -0.000070 -0.000008
445000.000000 -0.000042 -0.000024 : -0.000037 -0.000058 -0.000031
450000.000000 -0.000028 -0.000029 : -0.000074 -0.000054 0.000045
455000.000000 -0.000009 0.000005 : 0.000094 -0.000131 0.000010
460000.000000 -0.000070 -0.000013 : -0.000033 -0.000193 0.000016
465000.000000 -0.000110 -0.000035 : -0.000111 -0.000250 0.000031
470000.000000 -0.000018 -0.000009 : -0.000067 -0.000160 0.000175
475000.000000 -0.000151 0.000010 : 0.000045 -0.000326 -0.000172
480000.000000 -0.000139 0.000015 : 0.000003 -0.000380 -0.000039
485000.000000 -0.000099 0.000036 : 0.000002 -0.000370 0.000072
490000.000000 -0.000075 0.000037 : -0.000155 -0.000230 0.000160
495000.000000 -0.000166 0.000010 : -0.000251 -0.000314 0.000066
500000.000000 -0.000187 0.000015 : -0.000112 -0.000469 0.000020
505000.000000 -0.000134 0.000025 : -0.000237 -0.000329 0.000162
510000.000000 -0.000144 0.000025 : -0.000223 -0.000401 0.000192
515000.000000 -0.000083 0.000017 : -0.000109 -0.000330 0.000191
520000.000000 -0.000153 0.000035 : -0.000220 -0.000406 0.000168
525000.000000 -0.000093 0.000050 : -0.000096 -0.000298 0.000116
530000.000000 -0.000050 0.000037 : -0.000012 -0.000242 0.000106
535000.000000 -0.000058 0.000030 : -0.000059 -0.000220 0.000104
540000.000000 -0.000035 0.000044 : -0.000029 -0.000172 0.000098
545000.000000 0.000122 0.000057 : 0.000162 0.000046 0.000158
550000.000000 0.000086 0.000018 : 0.000149 -0.000014 0.000124
555000.000000 0.000015 0.000017 : 0.000116 -0.000031 -0.000041
560000.000000 0.000084 0.000005 : 0.000093 0.000062 0.000095
565000.000000 -0.000037 -0.000018 : -0.000123 -0.000047 0.000058
570000.000000 0.000022 -0.000013 : 0.000153 -0.000137 0.000049
575000.000000 -0.000039 -0.000040 : 0.000173 -0.000137 -0.000153
580000.000000 0.000019 -0.000006 : 0.000264 -0.000140 -0.000067
585000.000000 -0.000016 -0.000014 : 0.000058 -0.000114 0.000007
590000.000000 0.000087 0.000014 : 0.000058 0.000131 0.000071
595000.000000 0.000197 0.000019 : 0.000167 0.000121 0.000303
600000.000000 0.000216 0.000011 : 0.000141 0.000244 0.000263
605000.000000 0.000080 0.000029 : 0.000004 0.000139 0.000096
610000.000000 0.000147 0.000035 : 0.000010 0.000287 0.000143
615000.000000 0.000119 0.000029 : 0.000104 0.000259 -0.000006
620000.000000 0.000104 0.000032 : -0.000097 0.000339 0.000069
625000.000000 0.000106 0.000022 : 0.000004 0.000329 -0.000016
630000.000000 0.000052 0.000028 : -0.000010 0.000210 -0.000045
635000.000000 0.000150 0.000031 : 0.000158 0.000239 0.000053
640000.000000 0.000164 0.000032 : 0.000201 0.000258 0.000031
645000.000000 0.000235 0.000039 : 0.000388 0.000310 0.000008
650000.000000 0.000292 0.000039 : 0.000516 0.000237 0.000123
655000.000000 0.000221 0.000030 : 0.000397 0.000100 0.000165
660000.000000 0.000253 0.000027 : 0.000474 0.000062 0.000223
665000.000000 0.000206 0.000002 : 0.000373 0.000157 0.000087
670000.000000 0.000227 0.000012 : 0.000465 0.000123 0.000093
675000.000000 0.000184 -0.000007 : 0.000350 0.000218 -0.000015
680000.000000 0.000268 -0.000001 : 0.000391 0.000219 0.000195
685000.000000 0.000171 -0.000011 : 0.000313 0.000118 0.000081
690000.000000 0.000115 -0.000005 : 0.000246 0.000168 -0.000070
695000.000000 0.000071 -0.000004 : 0.000081 0.000216 -0.000085
700000.000000 0.000020 0.000013 : 0.000108 0.000011 -0.000060
705000.000000 0.000038 0.000004 : 0.000130 0.000003 -0.000018
710000.000000 -0.000030 0.000011 : 0.000079 -0.000009 -0.000161
715000.000000 -0.000095 0.000012 : -0.000026 -0.000057 -0.000201
720000.000000 -0.000068 0.000028 : 0.000010 -0.000023 -0.000190
725000.000000 -0.000073 0.000023 : -0.000141 -0.000060 -0.000019
730000.000000 -0.000130 0.000006 : -0.000206 -0.000065 -0.000117
735000.000000 -0.000143 0.000001 : -0.000164 -0.000042 -0.000222
740000.000000 -0.000162 -0.000004 : -0.000257 -0.000072 -0.000157
745000.000000 -0.000151 0.000012 : -0.000289 0.000019 -0.000183
750000.000000 -0.000169 -0.000004 : -0.000165 -0.000135 -0.000207
755000.000000 -0.000178 0.000006 : -0.000253 -0.000074 -0.000209
760000.000000 -0.000166 -0.000030 : -0.000155 -0.000016 -0.000328
765000.000000 -0.000192 -0.000018 : -0.000167 -0.000157 -0.000253
770000.000000 -0.000172 -0.000013 : -0.000281 -0.000127 -0.000108
775000.000000 -0.000077 -0.000021 : -0.000024 0.000011 -0.000218
780000.000000 -0.000077 -0.000014 : 0.000014 -0.000020 -0.000225
785000.000000 -0.000006 -0.000017 : 0.000108 0.000029 -0.000155
790000.000000 0.000054 0.000007 : 0.000287 0.000123 -0.000248
795000.000000 0.000122 -0.000009 : 0.000310 0.000302 -0.000247
800000.000000 0.000055 -0.000032 : 0.000303 0.000167 -0.000306
805000.000000 0.000125 -0.000034 : 0.000307 0.000270 -0.000201
810000.000000 0.000190 -0.000025 : 0.000273 0.000300 -0.000002
815000.000000 0.000192 -0.000018 : 0.000247 0.000342 -0.000012
820000.000000 0.000206 -0.000022 : 0.000293 0.000316 0.000010
825000.000000 0.000117 -0.000014 : 0.000319 0.000258 -0.000227
830000.000000 0.000081 -0.000047 : 0.000234 0.000156 -0.000146
835000.000000 -0.000036 -0.000056 : -0.000022 0.000061 -0.000146
840000.000000 0.000025 -0.000062 : -0.000041 0.000240 -0.000123
845000.000000 0.000003 -0.000048 : -0.000054 0.000225 -0.000161
850000.000000 -0.000101 -0.000040 : -0.000149 0.000221 -0.000375
855000.000000 0.000002 -0.000034 : -0.000037 0.000324 -0.000282
860000.000000 0.000014 -0.000044 : 0.000026 0.000323 -0.000309
865000.000000 0.000037 -0.000044 : -0.000042 0.000364 -0.000211
870000.000000 0.000046 -0.000065 : 0.000064 0.000286 -0.000212
875000.000000 -0.000011 -0.000065 : -0.000031 0.000171 -0.000172
880000.000000 -0.000077 -0.000056 : -0.000203 0.000205 -0.000234
885000.000000 -0.000050 -0.000057 : -0.000214 0.000173 -0.000109
890000.000000 -0.000004 -0.000044 : -0.000147 0.000096 0.000040
895000.000000 -0.000048 -0.000042 : -0.000139 0.000024 -0.000028
900000.000000 -0.000014 -0.000013 : 0.000059 0.000031 -0.000132
905000.000000 0.000040 -0.000017 : 0.000074 0.000129 -0.000083
910000.000000 0.000097 -0.000013 : 0.000302 -0.000063 0.000051
915000.000000 0.000089 -0.000012 : 0.000259 0.000028 -0.000021
920000.000000 0.000114 -0.000025 : 0.000316 0.000035 -0.000008
925000.000000 0.000095 -0.000033 : 0.000251 0.000009 0.000026
930000.000000 0.000176 -0.000025 : 0.000271 0.000173 0.000084
935000.000000 0.000160 -0.000038 : 0.000229 0.000159 0.000092
940000.000000 0.000185 -0.000030 : 0.000337 0.000123 0.000095
945000.000000 0.000153 -0.000042 : 0.000294 0.000140 0.000024
950000.000000 0.000123 -0.000028 : 0.000210 0.000229 -0.000071
955000.000000 0.000112 -0.000032 : 0.000196 0.000113 0.000028
960000.000000 0.000204 -0.000024 : 0.000274 0.000364 -0.000024
965000.000000 0.000119 -0.000026 : -0.000001 0.000345 0.000013
970000.000000 0.000074 -0.000010 : -0.000024 0.000170 0.000077
975000.000000 0.000113 0.000004 : 0.000028 0.000261 0.000051
980000.000000 0.000048 0.000009 : -0.000055 -0.000046 0.000245
985000.000000 0.000061 0.000005 : -0.000128 0.000052 0.000260
990000.000000 0.000030 0.000019 : -0.000043 0.000039 0.000094
995000.000000 0.000076 0.000023 : -0.000076 -0.000058 0.000364
1000000.000000 0.000138 0.000011 : -0.000014 0.000049 0.000378
