0.000000 1.000000 1.000000 : 1.000000 1.000000 1.000000
10.000000 0.998386 0.998386 : 0.998387 0.998387 0.998384
20.000000 0.997330 0.997330 : 0.997327 0.997330 0.997331
30.000000 0.995749 0.995749 : 0.995739 0.995754 0.995755
40.000000 0.993875 0.993875 : 0.993855 0.993884 0.993886
50.000000 0.991877 0.991877 : 0.991848 0.991887 0.991897
60.000000 0.989896 0.989896 : 0.989856 0.989909 0.989923
70.000000 0.988467 0.988467 : 0.988416 0.988481 0.988504
80.000000 0.986343 0.986343 : 0.986284 0.986356 0.986390
90.000000 0.984836 0.984836 : 0.984766 0.984849 0.984892
100.000000 0.983113 0.983113 : 0.983036 0.983122 0.983180
110.000000 0.981589 0.981589 : 0.981505 0.981596 0.981666
120.000000 0.980371 0.980371 : 0.980279 0.980374 0.980458
130.000000 0.979061 0.979061 : 0.978964 0.979060 0.979159
140.000000 0.977676 0.977676 : 0.977573 0.977670 0.977786
150.000000 0.976216 0.976216 : 0.976109 0.976203 0.976337
160.000000 0.974821 0.974821 : 0.974710 0.974802 0.974952
170.000000 0.973214 0.973214 : 0.973099 0.973186 0.973357
180.000000 0.971777 0.971777 : 0.971659 0.971742 0.971930
190.000000 0.970117 0.970117 : 0.969997 0.970075 0.970279
200.000000 0.968574 0.968574 : 0.968453 0.968525 0.968744
210.000000 0.967152 0.967152 : 0.967030 0.967096 0.967331
220.000000 0.965569 0.965568 : 0.965447 0.965506 0.965754
230.000000 0.964080 0.964080 : 0.963960 0.964010 0.964271
240.000000 0.962485 0.962484 : 0.962366 0.962408 0.962681
250.000000 0.961123 0.961122 : 0.961005 0.961038 0.961325
260.000000 0.959635 0.959634 : 0.959520 0.959542 0.959842
270.000000 0.958298 0.958297 : 0.958188 0.958197 0.958508
280.000000 0.957005 0.957004 : 0.956899 0.956896 0.957218
290.000000 0.955710 0.955709 : 0.955610 0.955592 0.955928
300.000000 0.954493 0.954493 : 0.954399 0.954367 0.954713
310.000000 0.953139 0.953139 : 0.953053 0.953004 0.953361
320.000000 0.951913 0.951912 : 0.951834 0.951768 0.952136
330.000000 0.950641 0.950641 : 0.950569 0.950486 0.950867
340.000000 0.949441 0.949441 : 0.949377 0.949277 0.949669
350.000000 0.948181 0.948181 : 0.948126 0.948007 0.948409
360.000000 0.947076 0.947076 : 0.947030 0.946893 0.947305
370.000000 0.945927 0.945927 : 0.945889 0.945735 0.946157
380.000000 0.944692 0.944692 : 0.944664 0.944490 0.944923
390.000000 0.943617 0.943617 : 0.943599 0.943405 0.943848
400.000000 0.942484 0.942484 : 0.942475 0.942263 0.942714
410.000000 0.941442 0.941442 : 0.941442 0.941210 0.941673
420.000000 0.940311 0.940311 : 0.940323 0.940070 0.940542
430.000000 0.939331 0.939331 : 0.939353 0.939081 0.939561
440.000000 0.938349 0.938349 : 0.938382 0.938089 0.938577
450.000000 0.937299 0.937299 : 0.937343 0.937029 0.937525
460.000000 0.936335 0.936335 : 0.936389 0.936055 0.936560
470.000000 0.935311 0.935311 : 0.935376 0.935022 0.935536
480.000000 0.934369 0.934369 : 0.934444 0.934071 0.934591
490.000000 0.933373 0.933374 : 0.933460 0.933068 0.933593
500.000000 0.932432 0.932432 : 0.932529 0.932118 0.932649
510.000000 0.931470 0.931470 : 0.931577 0.931147 0.931684
520.000000 0.930515 0.930516 : 0.930635 0.930186 0.930726
530.000000 0.929611 0.929611 : 0.929741 0.929274 0.929817
540.000000 0.928641 0.928642 : 0.928783 0.928297 0.928843
550.000000 0.927726 0.927726 : 0.927879 0.927375 0.927923
560.000000 0.926809 0.926810 : 0.926974 0.926451 0.927001
570.000000 0.925941 0.925942 : 0.926118 0.925576 0.926128
580.000000 0.925022 0.925023 : 0.925211 0.924650 0.925204
590.000000 0.924158 0.924159 : 0.924358 0.923779 0.924335
600.000000 0.923291 0.923292 : 0.923504 0.922907 0.923463
610.000000 0.922396 0.922397 : 0.922621 0.922006 0.922561
620.000000 0.921562 0.921563 : 0.921797 0.921166 0.921722
630.000000 0.920695 0.920696 : 0.920941 0.920294 0.920850
640.000000 0.919859 0.919859 : 0.920116 0.919453 0.920007
650.000000 0.919002 0.919003 : 0.919269 0.918593 0.919145
660.000000 0.918193 0.918194 : 0.918471 0.917779 0.918329
670.000000 0.917355 0.917356 : 0.917643 0.916937 0.917485
680.000000 0.916515 0.916516 : 0.916813 0.916093 0.916639
690.000000 0.915707 0.915708 : 0.916015 0.915281 0.915825
700.000000 0.914885 0.914886 : 0.915203 0.914456 0.914997
710.000000 0.914085 0.914086 : 0.914413 0.913652 0.914191
720.000000 0.913274 0.913274 : 0.913610 0.912837 0.913374
730.000000 0.912487 0.912487 : 0.912833 0.912047 0.912580
740.000000 0.911687 0.911688 : 0.912043 0.911245 0.911774
750.000000 0.910897 0.910898 : 0.911262 0.910452 0.910977
760.000000 0.910122 0.910123 : 0.910496 0.909675 0.910195
770.000000 0.909346 0.909347 : 0.909728 0.908898 0.909413
780.000000 0.908569 0.908570 : 0.908960 0.908119 0.908630
790.000000 0.907795 0.907796 : 0.908194 0.907344 0.907847
800.000000 0.907056 0.907057 : 0.907463 0.906603 0.907101
810.000000 0.906292 0.906293 : 0.906708 0.905839 0.906330
820.000000 0.905525 0.905526 : 0.905950 0.905072 0.905554
830.000000 0.904780 0.904781 : 0.905213 0.904327 0.904801
840.000000 0.904046 0.904047 : 0.904486 0.903592 0.904059
850.000000 0.903306 0.903307 : 0.903755 0.902852 0.903312
860.000000 0.902561 0.902562 : 0.903017 0.902106 0.902558
870.000000 0.901841 0.901843 : 0.902306 0.901386 0.901832
880.000000 0.901116 0.901117 : 0.901590 0.900659 0.901099
890.000000 0.900403 0.900404 : 0.900885 0.899945 0.900379
900.000000 0.899686 0.899688 : 0.900176 0.899227 0.899656
910.000000 0.898971 0.898973 : 0.899469 0.898510 0.898934
920.000000 0.898272 0.898273 : 0.898778 0.897809 0.898228
930.000000 0.897578 0.897579 : 0.898092 0.897113 0.897527
940.000000 0.896887 0.896889 : 0.897410 0.896421 0.896830
950.000000 0.896185 0.896187 : 0.896717 0.895717 0.896121
960.000000 0.895506 0.895508 : 0.896045 0.895037 0.895435
970.000000 0.894830 0.894833 : 0.895378 0.894360 0.894752
980.000000 0.894148 0.894151 : 0.894703 0.893678 0.894064
990.000000 0.893471 0.893474 : 0.894033 0.893001 0.893380
1000.000000 0.892805 0.892807 : 0.893373 0.892334 0.892706
1010.000000 0.892144 0.892147 : 0.892720 0.891674 0.892039
1020.000000 0.891477 0.891480 : 0.892060 0.891007 0.891365
1030.000000 0.890825 0.890828 : 0.891414 0.890356 0.890705
1040.000000 0.890173 0.890176 : 0.890768 0.889704 0.890046
1050.000000 0.889520 0.889523 : 0.890123 0.889053 0.889386
1060.000000 0.888880 0.888883 : 0.889488 0.888413 0.888738
1070.000000 0.888241 0.888245 : 0.888856 0.887776 0.888092
1080.000000 0.887603 0.887606 : 0.888224 0.887139 0.887446
1090.000000 0.886970 0.886973 : 0.887596 0.886507 0.886806
1100.000000 0.886348 0.886351 : 0.886980 0.885885 0.886178
1110.000000 0.885723 0.885726 : 0.886360 0.885261 0.885547
1120.000000 0.885104 0.885108 : 0.885746 0.884642 0.884923
1130.000000 0.884492 0.884496 : 0.885139 0.884031 0.884306
1140.000000 0.883878 0.883882 : 0.884530 0.883416 0.883687
1150.000000 0.883272 0.883276 : 0.883929 0.882811 0.883076
1160.000000 0.882671 0.882675 : 0.883334 0.882210 0.882471
1170.000000 0.882071 0.882075 : 0.882739 0.881609 0.881866
1180.000000 0.881473 0.881477 : 0.882145 0.881009 0.881263
1190.000000 0.880884 0.880888 : 0.881562 0.880421 0.880670
1200.000000 0.880296 0.880300 : 0.880979 0.879832 0.880078
1210.000000 0.879710 0.879714 : 0.880397 0.879245 0.879487
1220.000000 0.879128 0.879132 : 0.879819 0.878663 0.878900
1230.000000 0.878547 0.878551 : 0.879243 0.878083 0.878315
1240.000000 0.877973 0.877977 : 0.878673 0.877508 0.877736
1250.000000 0.877401 0.877404 : 0.878105 0.876937 0.877160
1260.000000 0.876830 0.876834 : 0.877539 0.876367 0.876585
1270.000000 0.876262 0.876266 : 0.876974 0.875799 0.876013
1280.000000 0.875701 0.875705 : 0.876416 0.875239 0.875447
1290.000000 0.875141 0.875144 : 0.875859 0.874680 0.874883
1300.000000 0.874583 0.874587 : 0.875305 0.874123 0.874322
1310.000000 0.874030 0.874033 : 0.874756 0.873570 0.873765
1320.000000 0.873477 0.873481 : 0.874206 0.873016 0.873209
1330.000000 0.872932 0.872935 : 0.873665 0.872470 0.872660
1340.000000 0.872390 0.872393 : 0.873127 0.871927 0.872116
1350.000000 0.871845 0.871848 : 0.872586 0.871380 0.871567
1360.000000 0.871306 0.871309 : 0.872050 0.870840 0.871027
1370.000000 0.870775 0.870778 : 0.871523 0.870307 0.870493
1380.000000 0.870241 0.870245 : 0.870994 0.869772 0.869958
1390.000000 0.869708 0.869711 : 0.870464 0.869237 0.869422
1400.000000 0.869184 0.869187 : 0.869943 0.868712 0.868895
1410.000000 0.868660 0.868663 : 0.869423 0.868187 0.868369
1420.000000 0.868135 0.868138 : 0.868902 0.867661 0.867842
1430.000000 0.867616 0.867620 : 0.868386 0.867142 0.867321
1440.000000 0.867099 0.867103 : 0.867873 0.866624 0.866800
1450.000000 0.866581 0.866585 : 0.867359 0.866105 0.866280
1460.000000 0.866068 0.866073 : 0.866850 0.865591 0.865764
1470.000000 0.865559 0.865563 : 0.866346 0.865079 0.865251
1480.000000 0.865047 0.865052 : 0.865839 0.864567 0.864736
1490.000000 0.864541 0.864546 : 0.865338 0.864058 0.864226
1500.000000 0.864037 0.864042 : 0.864839 0.863552 0.863720
1510.000000 0.863535 0.863540 : 0.864341 0.863048 0.863215
1520.000000 0.863035 0.863040 : 0.863847 0.862545 0.862712
1530.000000 0.862537 0.862542 : 0.863354 0.862046 0.862212
1540.000000 0.862041 0.862046 : 0.862863 0.861547 0.861713
1550.000000 0.861548 0.861554 : 0.862375 0.861052 0.861217
1560.000000 0.861058 0.861064 : 0.861890 0.860561 0.860725
1570.000000 0.860569 0.860574 : 0.861405 0.860068 0.860232
1580.000000 0.860081 0.860087 : 0.860923 0.859580 0.859742
1590.000000 0.859598 0.859604 : 0.860444 0.859094 0.859256
1600.000000 0.859116 0.859122 : 0.859966 0.858611 0.858770
1610.000000 0.858635 0.858642 : 0.859491 0.858128 0.858287
1620.000000 0.858157 0.858164 : 0.859018 0.857648 0.857806
1630.000000 0.857682 0.857689 : 0.858548 0.857172 0.857328
1640.000000 0.857209 0.857216 : 0.858079 0.856697 0.856851
1650.000000 0.856736 0.856744 : 0.857612 0.856222 0.856376
1660.000000 0.856266 0.856273 : 0.857146 0.855749 0.855903
1670.000000 0.855797 0.855804 : 0.856682 0.855277 0.855430
1680.000000 0.855330 0.855337 : 0.856221 0.854807 0.854961
1690.000000 0.854864 0.854872 : 0.855760 0.854339 0.854493
1700.000000 0.854401 0.854409 : 0.855301 0.853874 0.854028
1710.000000 0.853938 0.853946 : 0.854842 0.853408 0.853564
1720.000000 0.853477 0.853484 : 0.854384 0.852944 0.853101
1730.000000 0.853018 0.853026 : 0.853930 0.852484 0.852642
1740.000000 0.852561 0.852569 : 0.853476 0.852025 0.852184
1750.000000 0.852105 0.852113 : 0.853022 0.851566 0.851728
1760.000000 0.851652 0.851660 : 0.852571 0.851111 0.851274
1770.000000 0.851203 0.851210 : 0.852124 0.850660 0.850825
1780.000000 0.850753 0.850761 : 0.851676 0.850208 0.850375
1790.000000 0.850305 0.850312 : 0.851230 0.849758 0.849927
1800.000000 0.849860 0.849867 : 0.850786 0.849310 0.849482
1810.000000 0.849416 0.849423 : 0.850345 0.848865 0.849039
1820.000000 0.848974 0.848981 : 0.849906 0.848421 0.848597
1830.000000 0.848535 0.848541 : 0.849468 0.847979 0.848157
1840.000000 0.848098 0.848104 : 0.849033 0.847539 0.847721
1850.000000 0.847661 0.847667 : 0.848599 0.847100 0.847284
1860.000000 0.847227 0.847233 : 0.848167 0.846663 0.846851
1870.000000 0.846795 0.846801 : 0.847737 0.846228 0.846420
1880.000000 0.846365 0.846370 : 0.847309 0.845794 0.845990
1890.000000 0.845935 0.845940 : 0.846882 0.845362 0.845562
1900.000000 0.845509 0.845514 : 0.846459 0.844932 0.845136
1910.000000 0.845084 0.845089 : 0.846036 0.844504 0.844713
1920.000000 0.844660 0.844664 : 0.845614 0.844077 0.844289
1930.000000 0.844237 0.844241 : 0.845193 0.843651 0.843867
1940.000000 0.843816 0.843820 : 0.844774 0.843227 0.843447
1950.000000 0.843397 0.843400 : 0.844357 0.842805 0.843028
1960.000000 0.842978 0.842981 : 0.843939 0.842383 0.842610
1970.000000 0.842561 0.842563 : 0.843524 0.841964 0.842194
1980.000000 0.842145 0.842148 : 0.843111 0.841545 0.841781
1990.000000 0.841732 0.841734 : 0.842699 0.841129 0.841368
2000.000000 0.841320 0.841322 : 0.842288 0.840713 0.840959
5000.000000 0.759010 0.758999 : 0.759010 0.758967 0.759053
10000.000000 0.678854 0.678836 : 0.678912 0.678542 0.679107
15000.000000 0.621876 0.621860 : 0.621941 0.621477 0.622211
20000.000000 0.575713 0.575695 : 0.575667 0.575346 0.576126
25000.000000 0.536217 0.536194 : 0.536111 0.535918 0.536622
30000.000000 0.501805 0.501792 : 0.501766 0.501453 0.502196
35000.000000 0.471223 0.471183 : 0.471325 0.470906 0.471437
40000.000000 0.443584 0.443552 : 0.443697 0.443225 0.443830
45000.000000 0.418598 0.418587 : 0.418863 0.417981 0.418949
50000.000000 0.395628 0.395622 : 0.396042 0.394864 0.395977
55000.000000 0.374583 0.374572 : 0.375074 0.373918 0.374756
60000.000000 0.355101 0.355139 : 0.355691 0.354310 0.355302
65000.000000 0.337014 0.337033 : 0.337798 0.336123 0.337120
70000.000000 0.320122 0.320159 : 0.321075 0.319345 0.319947
75000.000000 0.304489 0.304534 : 0.305583 0.303767 0.304117
80000.000000 0.289927 0.289997 : 0.291239 0.289227 0.289315
85000.000000 0.276215 0.276391 : 0.277594 0.275560 0.275492
90000.000000 0.263383 0.263613 : 0.264708 0.262752 0.262688
95000.000000 0.251371 0.251600 : 0.252808 0.250811 0.250494
100000.000000 0.240045 0.240289 : 0.241533 0.239441 0.239162
105000.000000 0.229338 0.229591 : 0.230824 0.228823 0.228368
110000.000000 0.219195 0.219478 : 0.220660 0.218780 0.218144
115000.000000 0.209589 0.209912 : 0.211147 0.209149 0.208470
120000.000000 0.200668 0.200999 : 0.202084 0.200414 0.199507
125000.000000 0.192239 0.192579 : 0.193536 0.192148 0.191034
130000.000000 0.184172 0.184518 : 0.185384 0.184285 0.182848
135000.000000 0.176514 0.176907 : 0.177698 0.176735 0.175111
140000.000000 0.169295 0.169681 : 0.170542 0.169449 0.167894
145000.000000 0.162487 0.162865 : 0.163723 0.162613 0.161124
150000.000000 0.156027 0.156420 : 0.157340 0.156097 0.154644
155000.000000 0.149935 0.150288 : 0.151297 0.149992 0.148515
160000.000000 0.144099 0.144430 : 0.145323 0.144168 0.142806
165000.000000 0.138588 0.138838 : 0.139783 0.138653 0.137328
170000.000000 0.133259 0.133492 : 0.134369 0.133347 0.132061
175000.000000 0.128225 0.128451 : 0.129154 0.128360 0.127159
180000.000000 0.123401 0.123605 : 0.124250 0.123625 0.122329
185000.000000 0.118749 0.118953 : 0.119529 0.119130 0.117589
190000.000000 0.114401 0.114517 : 0.115165 0.114913 0.113124
195000.000000 0.110264 0.110302 : 0.110981 0.110844 0.108967
200000.000000 0.106247 0.106247 : 0.106783 0.106835 0.105123
205000.000000 0.102421 0.102353 : 0.102883 0.103058 0.101323
210000.000000 0.098719 0.098631 : 0.099037 0.099456 0.097663
215000.000000 0.095218 0.095070 : 0.095377 0.096006 0.094270
220000.000000 0.091752 0.091608 : 0.091807 0.092571 0.090879
225000.000000 0.088485 0.088342 : 0.088500 0.089396 0.087558
230000.000000 0.085380 0.085220 : 0.085371 0.086357 0.084412
235000.000000 0.082431 0.082265 : 0.082367 0.083524 0.081402
240000.000000 0.079576 0.079402 : 0.079410 0.080740 0.078578
245000.000000 0.076842 0.076662 : 0.076622 0.077974 0.075930
250000.000000 0.074195 0.074027 : 0.073855 0.075369 0.073361
255000.000000 0.071586 0.071525 : 0.071264 0.072672 0.070824
260000.000000 0.069145 0.069064 : 0.068747 0.070292 0.068397
265000.000000 0.066819 0.066731 : 0.066480 0.067902 0.066074
270000.000000 0.064531 0.064451 : 0.064190 0.065631 0.063771
275000.000000 0.062443 0.062341 : 0.062080 0.063584 0.061666
280000.000000 0.060388 0.060238 : 0.060125 0.061433 0.059605
285000.000000 0.058412 0.058241 : 0.058162 0.059472 0.057600
290000.000000 0.056536 0.056323 : 0.056314 0.057649 0.055646
295000.000000 0.054717 0.054480 : 0.054449 0.055903 0.053798
300000.000000 0.052949 0.052710 : 0.052549 0.054269 0.052030
305000.000000 0.051292 0.050997 : 0.050841 0.052737 0.050297
310000.000000 0.049630 0.049325 : 0.049049 0.051183 0.048657
315000.000000 0.048027 0.047657 : 0.047296 0.049686 0.047100
320000.000000 0.046541 0.046096 : 0.045630 0.048356 0.045637
325000.000000 0.045029 0.044606 : 0.043958 0.046931 0.044198
330000.000000 0.043627 0.043176 : 0.042372 0.045644 0.042865
335000.000000 0.042259 0.041813 : 0.040801 0.044343 0.041634
340000.000000 0.040968 0.040477 : 0.039399 0.043094 0.040410
345000.000000 0.039694 0.039192 : 0.038081 0.041857 0.039145
350000.000000 0.038470 0.037956 : 0.036847 0.040669 0.037892
355000.000000 0.037280 0.036781 : 0.035623 0.039510 0.036708
360000.000000 0.036148 0.035642 : 0.034546 0.038373 0.035524
365000.000000 0.035023 0.034554 : 0.033498 0.037221 0.034349
370000.000000 0.033966 0.033516 : 0.032463 0.036196 0.033237
375000.000000 0.032914 0.032476 : 0.031449 0.035107 0.032187
380000.000000 0.031891 0.031482 : 0.030367 0.034154 0.031154
385000.000000 0.030879 0.030529 : 0.029345 0.033165 0.030127
390000.000000 0.029962 0.029665 : 0.028473 0.032200 0.029213
395000.000000 0.029096 0.028821 : 0.027580 0.031451 0.028259
400000.000000 0.028294 0.027985 : 0.026814 0.030597 0.027471
405000.000000 0.027513 0.027213 : 0.025999 0.029938 0.026601
410000.000000 0.026699 0.026468 : 0.025148 0.029144 0.025807
415000.000000 0.025932 0.025734 : 0.024320 0.028377 0.025100
420000.000000 0.025224 0.025002 : 0.023543 0.027706 0.024424
425000.000000 0.024614 0.024344 : 0.022851 0.027194 0.023796
430000.000000 0.024004 0.023712 : 0.022216 0.026574 0.023222
435000.000000 0.023392 0.023058 : 0.021584 0.025955 0.022638
440000.000000 0.022818 0.022464 : 0.020942 0.025263 0.022248
445000.000000 0.022170 0.021856 : 0.020206 0.024528 0.021777
450000.000000 0.021575 0.021257 : 0.019639 0.023845 0.021240
455000.000000 0.021011 0.020657 : 0.019147 0.023114 0.020772
460000.000000 0.020386 0.020035 : 0.018493 0.022386 0.020278
465000.000000 0.019781 0.019468 : 0.017769 0.021795 0.019777
470000.000000 0.019261 0.018946 : 0.017170 0.021288 0.019325
475000.000000 0.018699 0.018469 : 0.016471 0.020770 0.018855
480000.000000 0.018243 0.017992 : 0.015871 0.020278 0.018580
485000.000000 0.017748 0.017525 : 0.015302 0.019707 0.018235
490000.000000 0.017295 0.017081 : 0.014878 0.019157 0.017850
495000.000000 0.016815 0.016648 : 0.014344 0.018627 0.017473
500000.000000 0.016412 0.016224 : 0.013921 0.018152 0.017162
505000.000000 0.015971 0.015805 : 0.013422 0.017620 0.016872
510000.000000 0.015536 0.015375 : 0.012947 0.017127 0.016535
515000.000000 0.015131 0.014969 : 0.012497 0.016677 0.016220
520000.000000 0.014754 0.014594 : 0.012059 0.016323 0.015880
525000.000000 0.014374 0.014218 : 0.011824 0.015835 0.015461
530000.000000 0.014042 0.013836 : 0.011432 0.015461 0.015233
535000.000000 0.013701 0.013466 : 0.011146 0.015165 0.014791
540000.000000 0.013377 0.013120 : 0.010732 0.014866 0.014533
545000.000000 0.013068 0.012796 : 0.010451 0.014628 0.014125
550000.000000 0.012694 0.012467 : 0.010105 0.014293 0.013683
555000.000000 0.012419 0.012176 : 0.009812 0.014034 0.013411
560000.000000 0.012106 0.011858 : 0.009509 0.013787 0.013021
565000.000000 0.011769 0.011546 : 0.009318 0.013434 0.012556
570000.000000 0.011467 0.011288 : 0.009018 0.013137 0.012247
575000.000000 0.011117 0.011030 : 0.008604 0.012812 0.011936
580000.000000 0.010813 0.010768 : 0.008324 0.012439 0.011676
585000.000000 0.010566 0.010505 : 0.008085 0.012152 0.011462
590000.000000 0.010317 0.010238 : 0.007875 0.011949 0.011128
595000.000000 0.010062 0.010023 : 0.007636 0.011697 0.010853
600000.000000 0.009828 0.009783 : 0.007410 0.011411 0.010664
605000.000000 0.009639 0.009582 : 0.007203 0.011121 0.010594
610000.000000 0.009382 0.009335 : 0.006950 0.010857 0.010340
615000.000000 0.009177 0.009113 : 0.006721 0.010690 0.010121
620000.000000 0.008975 0.008911 : 0.006511 0.010490 0.009924
625000.000000 0.008730 0.008696 : 0.006314 0.010122 0.009754
630000.000000 0.008492 0.008474 : 0.006094 0.009824 0.009558
635000.000000 0.008245 0.008273 : 0.005865 0.009450 0.009420
640000.000000 0.007983 0.008056 : 0.005568 0.009155 0.009226
645000.000000 0.007766 0.007866 : 0.005379 0.008833 0.009085
650000.000000 0.007545 0.007678 : 0.005214 0.008547 0.008873
655000.000000 0.007376 0.007524 : 0.004998 0.008392 0.008738
660000.000000 0.007172 0.007371 : 0.004849 0.008078 0.008589
665000.000000 0.007030 0.007247 : 0.004749 0.007912 0.008429
670000.000000 0.006954 0.007105 : 0.004811 0.007782 0.008270
675000.000000 0.006818 0.006964 : 0.004709 0.007668 0.008078
680000.000000 0.006715 0.006828 : 0.004677 0.007561 0.007907
685000.000000 0.006595 0.006687 : 0.004544 0.007469 0.007771
690000.000000 0.006450 0.006533 : 0.004358 0.007461 0.007530
695000.000000 0.006391 0.006462 : 0.004320 0.007413 0.007442
700000.000000 0.006313 0.006354 : 0.004354 0.007267 0.007316
705000.000000 0.006275 0.006257 : 0.004382 0.007183 0.007260
710000.000000 0.006177 0.006162 : 0.004459 0.007039 0.007032
715000.000000 0.006102 0.006089 : 0.004427 0.006976 0.006903
720000.000000 0.006013 0.005987 : 0.004363 0.006868 0.006810
725000.000000 0.005924 0.005908 : 0.004392 0.006728 0.006651
730000.000000 0.005868 0.005803 : 0.004322 0.006726 0.006557
735000.000000 0.005800 0.005718 : 0.004383 0.006704 0.006313
740000.000000 0.005687 0.005649 : 0.004308 0.006574 0.006179
745000.000000 0.005609 0.005555 : 0.004421 0.006369 0.006037
750000.000000 0.005529 0.005456 : 0.004357 0.006174 0.006057
755000.000000 0.005457 0.005353 : 0.004377 0.006077 0.005917
760000.000000 0.005366 0.005259 : 0.004390 0.005985 0.005725
765000.000000 0.005314 0.005162 : 0.004368 0.005834 0.005739
770000.000000 0.005303 0.005084 : 0.004418 0.005800 0.005692
775000.000000 0.005229 0.004975 : 0.004381 0.005782 0.005524
780000.000000 0.005088 0.004883 : 0.004290 0.005674 0.005301
785000.000000 0.004972 0.004755 : 0.004247 0.005605 0.005063
790000.000000 0.004876 0.004648 : 0.004140 0.005638 0.004849
795000.000000 0.004702 0.004557 : 0.003907 0.005513 0.004687
800000.000000 0.004516 0.004442 : 0.003699 0.005406 0.004442
805000.000000 0.004378 0.004330 : 0.003614 0.005258 0.004262
810000.000000 0.004171 0.004220 : 0.003421 0.005119 0.003974
815000.000000 0.004038 0.004166 : 0.003226 0.005039 0.003847
820000.000000 0.003968 0.004099 : 0.003114 0.005059 0.003730
825000.000000 0.003949 0.004026 : 0.003031 0.005149 0.003666
830000.000000 0.003840 0.003965 : 0.002883 0.005168 0.003469
835000.000000 0.003761 0.003877 : 0.002859 0.005158 0.003267
840000.000000 0.003701 0.003800 : 0.002726 0.005229 0.003148
845000.000000 0.003641 0.003713 : 0.002655 0.005219 0.003048
850000.000000 0.003586 0.003601 : 0.002515 0.005218 0.003024
855000.000000 0.003505 0.003460 : 0.002331 0.005294 0.002891
860000.000000 0.003476 0.003356 : 0.002362 0.005238 0.002828
865000.000000 0.003402 0.003258 : 0.002330 0.005118 0.002759
870000.000000 0.003382 0.003197 : 0.002334 0.005147 0.002665
875000.000000 0.003322 0.003135 : 0.002302 0.005126 0.002540
880000.000000 0.003275 0.003061 : 0.002269 0.005105 0.002450
885000.000000 0.003197 0.002992 : 0.002255 0.004933 0.002403
890000.000000 0.003113 0.002903 : 0.002144 0.004847 0.002348
895000.000000 0.003025 0.002811 : 0.002140 0.004692 0.002243
900000.000000 0.002968 0.002745 : 0.002113 0.004603 0.002188
905000.000000 0.002855 0.002635 : 0.002023 0.004631 0.001910
910000.000000 0.002731 0.002509 : 0.001945 0.004511 0.001736
915000.000000 0.002638 0.002415 : 0.001910 0.004412 0.001593
920000.000000 0.002517 0.002331 : 0.001867 0.004317 0.001365
925000.000000 0.002495 0.002285 : 0.001811 0.004384 0.001289
930000.000000 0.002447 0.002219 : 0.001805 0.004247 0.001290
935000.000000 0.002446 0.002162 : 0.001873 0.004317 0.001147
940000.000000 0.002428 0.002110 : 0.001821 0.004432 0.001032
945000.000000 0.002354 0.002033 : 0.001826 0.004295 0.000941
950000.000000 0.002225 0.001962 : 0.001576 0.004243 0.000856
955000.000000 0.002098 0.001882 : 0.001341 0.004153 0.000800
960000.000000 0.002006 0.001826 : 0.001184 0.004097 0.000738
965000.000000 0.001979 0.001789 : 0.001122 0.004086 0.000729
970000.000000 0.001900 0.001761 : 0.001021 0.003947 0.000731
975000.000000 0.001941 0.001739 : 0.001050 0.003865 0.000909
980000.000000 0.001909 0.001716 : 0.001082 0.003765 0.000878
985000.000000 0.001881 0.001702 : 0.001028 0.003662 0.000952
990000.000000 0.001851 0.001682 : 0.000979 0.003667 0.000907
995000.000000 0.001735 0.001662 : 0.000872 0.003524 0.000808
1000000.000000 0.001598 0.001613 : 0.000779 0.003440 0.000575
