0.000000 1.000000 1.000000 : 1.000000 1.000000 1.000000
10.000000 0.999092 0.999092 : 0.999092 0.999093 0.999091
20.000000 0.998497 0.998497 : 0.998495 0.998497 0.998498
30.000000 0.997606 0.997606 : 0.997600 0.997609 0.997609
40.000000 0.996548 0.996548 : 0.996536 0.996553 0.996554
50.000000 0.995418 0.995418 : 0.995402 0.995424 0.995429
60.000000 0.994296 0.994296 : 0.994273 0.994304 0.994312
70.000000 0.993485 0.993485 : 0.993455 0.993493 0.993506
80.000000 0.992279 0.992279 : 0.992245 0.992286 0.992306
90.000000 0.991421 0.991421 : 0.991381 0.991429 0.991453
100.000000 0.990440 0.990440 : 0.990396 0.990445 0.990478
110.000000 0.989572 0.989572 : 0.989524 0.989576 0.989616
120.000000 0.988876 0.988876 : 0.988823 0.988878 0.988926
130.000000 0.988128 0.988128 : 0.988073 0.988128 0.988184
140.000000 0.987338 0.987338 : 0.987279 0.987335 0.987401
150.000000 0.986504 0.986504 : 0.986442 0.986497 0.986573
160.000000 0.985707 0.985707 : 0.985643 0.985696 0.985782
170.000000 0.984788 0.984788 : 0.984721 0.984773 0.984870
180.000000 0.983965 0.983965 : 0.983897 0.983945 0.984053
190.000000 0.983014 0.983014 : 0.982944 0.982991 0.983107
200.000000 0.982129 0.982128 : 0.982059 0.982101 0.982226
210.000000 0.981311 0.981311 : 0.981240 0.981280 0.981414
220.000000 0.980401 0.980401 : 0.980330 0.980365 0.980507
230.000000 0.979544 0.979544 : 0.979474 0.979504 0.979654
240.000000 0.978624 0.978624 : 0.978555 0.978581 0.978738
250.000000 0.977838 0.977838 : 0.977769 0.977790 0.977954
260.000000 0.976979 0.976978 : 0.976912 0.976926 0.977098
270.000000 0.976205 0.976205 : 0.976141 0.976148 0.976327
280.000000 0.975457 0.975456 : 0.975395 0.975395 0.975580
290.000000 0.974706 0.974706 : 0.974647 0.974639 0.974832
300.000000 0.974001 0.974000 : 0.973945 0.973929 0.974128
310.000000 0.973215 0.973215 : 0.973164 0.973138 0.973343
320.000000 0.972503 0.972503 : 0.972456 0.972420 0.972632
330.000000 0.971764 0.971764 : 0.971721 0.971675 0.971895
340.000000 0.971066 0.971066 : 0.971027 0.970972 0.971198
350.000000 0.970333 0.970333 : 0.970299 0.970233 0.970466
360.000000 0.969689 0.969689 : 0.969660 0.969584 0.969822
370.000000 0.969019 0.969019 : 0.968996 0.968909 0.969153
380.000000 0.968299 0.968299 : 0.968281 0.968183 0.968433
390.000000 0.967672 0.967672 : 0.967660 0.967550 0.967806
400.000000 0.967010 0.967010 : 0.967004 0.966882 0.967144
410.000000 0.966400 0.966400 : 0.966399 0.966267 0.966535
420.000000 0.965740 0.965740 : 0.965746 0.965601 0.965874
430.000000 0.965166 0.965166 : 0.965178 0.965021 0.965300
440.000000 0.964591 0.964591 : 0.964609 0.964440 0.964724
450.000000 0.963976 0.963976 : 0.964000 0.963820 0.964108
460.000000 0.963411 0.963411 : 0.963441 0.963249 0.963542
470.000000 0.962811 0.962811 : 0.962848 0.962643 0.962941
480.000000 0.962257 0.962257 : 0.962301 0.962085 0.962387
490.000000 0.961674 0.961674 : 0.961723 0.961496 0.961801
500.000000 0.961121 0.961121 : 0.961176 0.960938 0.961247
510.000000 0.960555 0.960555 : 0.960617 0.960368 0.960680
520.000000 0.959994 0.959994 : 0.960063 0.959802 0.960117
530.000000 0.959462 0.959462 : 0.959537 0.959266 0.959582
540.000000 0.958891 0.958892 : 0.958974 0.958691 0.959009
550.000000 0.958353 0.958353 : 0.958442 0.958148 0.958468
560.000000 0.957812 0.957813 : 0.957909 0.957604 0.957925
570.000000 0.957301 0.957301 : 0.957404 0.957088 0.957410
580.000000 0.956759 0.956759 : 0.956870 0.956542 0.956865
590.000000 0.956249 0.956249 : 0.956367 0.956027 0.956352
600.000000 0.955737 0.955738 : 0.955862 0.955512 0.955837
610.000000 0.955209 0.955209 : 0.955341 0.954980 0.955305
620.000000 0.954716 0.954716 : 0.954854 0.954484 0.954809
630.000000 0.954203 0.954204 : 0.954348 0.953969 0.954293
640.000000 0.953709 0.953709 : 0.953860 0.953471 0.953795
650.000000 0.953202 0.953202 : 0.953360 0.952962 0.953285
660.000000 0.952723 0.952723 : 0.952887 0.952480 0.952802
670.000000 0.952227 0.952227 : 0.952397 0.951981 0.952302
680.000000 0.951729 0.951729 : 0.951905 0.951481 0.951801
690.000000 0.951250 0.951250 : 0.951432 0.950999 0.951318
700.000000 0.950763 0.950763 : 0.950951 0.950510 0.950827
710.000000 0.950288 0.950288 : 0.950482 0.950032 0.950349
720.000000 0.949806 0.949806 : 0.950006 0.949548 0.949864
730.000000 0.949339 0.949339 : 0.949545 0.949079 0.949392
740.000000 0.948864 0.948864 : 0.949076 0.948602 0.948914
750.000000 0.948394 0.948394 : 0.948611 0.948131 0.948440
760.000000 0.947933 0.947933 : 0.948156 0.947668 0.947975
770.000000 0.947472 0.947472 : 0.947700 0.947205 0.947510
780.000000 0.947009 0.947010 : 0.947243 0.946742 0.947044
790.000000 0.946548 0.946549 : 0.946787 0.946280 0.946578
800.000000 0.946108 0.946108 : 0.946352 0.945838 0.946133
810.000000 0.945653 0.945653 : 0.945902 0.945382 0.945674
820.000000 0.945196 0.945196 : 0.945450 0.944925 0.945212
830.000000 0.944751 0.944751 : 0.945010 0.944480 0.944763
840.000000 0.944312 0.944313 : 0.944577 0.944041 0.944320
850.000000 0.943871 0.943871 : 0.944140 0.943598 0.943874
860.000000 0.943426 0.943426 : 0.943700 0.943152 0.943424
870.000000 0.942996 0.942996 : 0.943276 0.942722 0.942990
880.000000 0.942562 0.942562 : 0.942847 0.942287 0.942552
890.000000 0.942135 0.942136 : 0.942426 0.941859 0.942121
900.000000 0.941707 0.941707 : 0.942002 0.941429 0.941689
910.000000 0.941278 0.941279 : 0.941579 0.940999 0.941257
920.000000 0.940860 0.940860 : 0.941166 0.940579 0.940834
930.000000 0.940444 0.940444 : 0.940755 0.940161 0.940415
940.000000 0.940030 0.940030 : 0.940346 0.939746 0.939997
950.000000 0.939609 0.939610 : 0.939931 0.939324 0.939572
960.000000 0.939201 0.939202 : 0.939528 0.938915 0.939160
970.000000 0.938796 0.938796 : 0.939128 0.938508 0.938751
980.000000 0.938386 0.938387 : 0.938723 0.938099 0.938337
990.000000 0.937980 0.937980 : 0.938321 0.937691 0.937927
1000.000000 0.937579 0.937580 : 0.937924 0.937290 0.937522
1010.000000 0.937182 0.937183 : 0.937532 0.936893 0.937121
1020.000000 0.936781 0.936782 : 0.937135 0.936492 0.936716
1030.000000 0.936388 0.936389 : 0.936747 0.936100 0.936319
1040.000000 0.935996 0.935997 : 0.936358 0.935707 0.935922
1050.000000 0.935603 0.935604 : 0.935970 0.935315 0.935525
1060.000000 0.935217 0.935218 : 0.935588 0.934929 0.935135
1070.000000 0.934833 0.934834 : 0.935207 0.934545 0.934746
1080.000000 0.934448 0.934449 : 0.934826 0.934160 0.934357
1090.000000 0.934066 0.934067 : 0.934448 0.933778 0.933971
1100.000000 0.933690 0.933692 : 0.934077 0.933403 0.933592
1110.000000 0.933313 0.933314 : 0.933703 0.933025 0.933211
1120.000000 0.932939 0.932941 : 0.933333 0.932651 0.932834
1130.000000 0.932570 0.932571 : 0.932966 0.932282 0.932462
1140.000000 0.932199 0.932200 : 0.932598 0.931910 0.932088
1150.000000 0.931832 0.931834 : 0.932235 0.931543 0.931719
1160.000000 0.931469 0.931470 : 0.931875 0.931179 0.931352
1170.000000 0.931106 0.931107 : 0.931516 0.930815 0.930986
1180.000000 0.930743 0.930745 : 0.931157 0.930452 0.930622
1190.000000 0.930387 0.930389 : 0.930804 0.930095 0.930262
1200.000000 0.930031 0.930032 : 0.930451 0.929738 0.929904
1210.000000 0.929675 0.929677 : 0.930099 0.929382 0.929546
1220.000000 0.929323 0.929324 : 0.929749 0.929028 0.929190
1230.000000 0.928971 0.928972 : 0.929400 0.928676 0.928836
1240.000000 0.928622 0.928623 : 0.929055 0.928327 0.928484
1250.000000 0.928275 0.928276 : 0.928711 0.927979 0.928135
1260.000000 0.927929 0.927930 : 0.928367 0.927633 0.927786
1270.000000 0.927584 0.927585 : 0.928025 0.927288 0.927439
1280.000000 0.927243 0.927244 : 0.927686 0.926947 0.927095
1290.000000 0.926902 0.926904 : 0.927348 0.926606 0.926753
1300.000000 0.926563 0.926565 : 0.927011 0.926267 0.926412
1310.000000 0.926227 0.926228 : 0.926678 0.925931 0.926073
1320.000000 0.925891 0.925892 : 0.926344 0.925593 0.925735
1330.000000 0.925559 0.925560 : 0.926015 0.925261 0.925401
1340.000000 0.925229 0.925230 : 0.925688 0.924929 0.925070
1350.000000 0.924897 0.924898 : 0.925359 0.924596 0.924736
1360.000000 0.924569 0.924570 : 0.925033 0.924267 0.924407
1370.000000 0.924245 0.924247 : 0.924713 0.923941 0.924082
1380.000000 0.923920 0.923922 : 0.924391 0.923615 0.923756
1390.000000 0.923595 0.923596 : 0.924068 0.923288 0.923430
1400.000000 0.923276 0.923277 : 0.923751 0.922967 0.923109
1410.000000 0.922956 0.922957 : 0.923434 0.922647 0.922788
1420.000000 0.922636 0.922637 : 0.923116 0.922325 0.922466
1430.000000 0.922320 0.922321 : 0.922802 0.922008 0.922149
1440.000000 0.922004 0.922005 : 0.922489 0.921691 0.921831
1450.000000 0.921688 0.921689 : 0.922176 0.921374 0.921513
1460.000000 0.921374 0.921376 : 0.921866 0.921059 0.921198
1470.000000 0.921063 0.921065 : 0.921558 0.920746 0.920885
1480.000000 0.920751 0.920752 : 0.921249 0.920432 0.920571
1490.000000 0.920441 0.920443 : 0.920943 0.920121 0.920259
1500.000000 0.920133 0.920135 : 0.920638 0.919811 0.919950
1510.000000 0.919826 0.919828 : 0.920334 0.919502 0.919641
1520.000000 0.919520 0.919522 : 0.920032 0.919194 0.919333
1530.000000 0.919215 0.919217 : 0.919731 0.918888 0.919027
1540.000000 0.918911 0.918914 : 0.919431 0.918582 0.918722
1550.000000 0.918610 0.918612 : 0.919132 0.918278 0.918418
1560.000000 0.918310 0.918312 : 0.918836 0.917976 0.918117
1570.000000 0.918009 0.918012 : 0.918539 0.917674 0.917815
1580.000000 0.917711 0.917713 : 0.918244 0.917374 0.917515
1590.000000 0.917415 0.917417 : 0.917951 0.917076 0.917217
1600.000000 0.917119 0.917121 : 0.917659 0.916779 0.916919
1610.000000 0.916824 0.916827 : 0.917368 0.916482 0.916623
1620.000000 0.916531 0.916533 : 0.917078 0.916187 0.916328
1630.000000 0.916239 0.916242 : 0.916790 0.915894 0.916034
1640.000000 0.915949 0.915951 : 0.916503 0.915601 0.915742
1650.000000 0.915658 0.915661 : 0.916217 0.915309 0.915450
1660.000000 0.915369 0.915372 : 0.915931 0.915018 0.915159
1670.000000 0.915081 0.915084 : 0.915646 0.914727 0.914869
1680.000000 0.914794 0.914797 : 0.915363 0.914438 0.914580
1690.000000 0.914508 0.914511 : 0.915081 0.914149 0.914293
1700.000000 0.914223 0.914226 : 0.914799 0.913862 0.914007
1710.000000 0.913938 0.913941 : 0.914517 0.913575 0.913721
1720.000000 0.913654 0.913657 : 0.914236 0.913289 0.913437
1730.000000 0.913372 0.913375 : 0.913957 0.913005 0.913154
1740.000000 0.913091 0.913094 : 0.913678 0.912722 0.912873
1750.000000 0.912810 0.912813 : 0.913399 0.912439 0.912591
1760.000000 0.912531 0.912534 : 0.913122 0.912158 0.912312
1770.000000 0.912254 0.912257 : 0.912847 0.911879 0.912035
1780.000000 0.911977 0.911979 : 0.912572 0.911600 0.911758
1790.000000 0.911700 0.911703 : 0.912297 0.911322 0.911481
1800.000000 0.911426 0.911428 : 0.912024 0.911046 0.911207
1810.000000 0.911152 0.911155 : 0.911753 0.910771 0.910933
1820.000000 0.910879 0.910882 : 0.911482 0.910496 0.910661
1830.000000 0.910608 0.910611 : 0.911213 0.910222 0.910389
1840.000000 0.910338 0.910341 : 0.910945 0.909950 0.910119
1850.000000 0.910068 0.910071 : 0.910677 0.909678 0.909850
1860.000000 0.909800 0.909803 : 0.910411 0.909408 0.909582
1870.000000 0.909533 0.909536 : 0.910146 0.909138 0.909315
1880.000000 0.909267 0.909269 : 0.909882 0.908870 0.909050
1890.000000 0.909002 0.909004 : 0.909619 0.908602 0.908785
1900.000000 0.908738 0.908740 : 0.909358 0.908336 0.908522
1910.000000 0.908475 0.908477 : 0.909097 0.908070 0.908259
1920.000000 0.908213 0.908214 : 0.908836 0.907805 0.907997
1930.000000 0.907951 0.907953 : 0.908576 0.907541 0.907736
1940.000000 0.907691 0.907692 : 0.908318 0.907278 0.907476
1950.000000 0.907431 0.907432 : 0.908060 0.907016 0.907217
1960.000000 0.907171 0.907173 : 0.907802 0.906755 0.906957
1970.000000 0.906913 0.906914 : 0.907546 0.906494 0.906700
1980.000000 0.906656 0.906657 : 0.907290 0.906235 0.906443
1990.000000 0.906400 0.906401 : 0.907036 0.905976 0.906188
2000.000000 0.906145 0.906145 : 0.906782 0.905718 0.905934
5000.000000 0.853809 0.853804 : 0.853809 0.853786 0.853832
10000.000000 0.799980 0.799974 : 0.800014 0.799784 0.800142
15000.000000 0.759889 0.759883 : 0.759934 0.759627 0.760107
20000.000000 0.726175 0.726169 : 0.726120 0.725932 0.726471
25000.000000 0.696387 0.696378 : 0.696292 0.696198 0.696672
30000.000000 0.669644 0.669637 : 0.669620 0.669409 0.669902
35000.000000 0.645198 0.645183 : 0.645287 0.644979 0.645327
40000.000000 0.622551 0.622540 : 0.622661 0.622312 0.622678
45000.000000 0.601533 0.601535 : 0.601760 0.601115 0.601724
50000.000000 0.581777 0.581780 : 0.582116 0.581263 0.581952
55000.000000 0.563227 0.563235 : 0.563605 0.562802 0.563275
60000.000000 0.545704 0.545737 : 0.546165 0.545188 0.545758
65000.000000 0.529057 0.529086 : 0.529668 0.528487 0.529016
70000.000000 0.513183 0.513225 : 0.513922 0.512684 0.512942
75000.000000 0.498194 0.498234 : 0.499063 0.497752 0.497767
80000.000000 0.483962 0.484014 : 0.485039 0.483521 0.483326
85000.000000 0.470334 0.470436 : 0.471515 0.469930 0.469557
90000.000000 0.457295 0.457424 : 0.458465 0.456948 0.456472
95000.000000 0.444800 0.444934 : 0.446094 0.444523 0.443783
100000.000000 0.432866 0.433002 : 0.434219 0.432595 0.431786
105000.000000 0.421367 0.421505 : 0.422723 0.421175 0.420204
110000.000000 0.410260 0.410415 : 0.411627 0.410146 0.409008
115000.000000 0.399583 0.399769 : 0.401063 0.399462 0.398226
120000.000000 0.389402 0.389590 : 0.390823 0.389425 0.387957
125000.000000 0.379613 0.379808 : 0.380920 0.379791 0.378127
130000.000000 0.370119 0.370330 : 0.371385 0.370476 0.368497
135000.000000 0.360966 0.361209 : 0.362255 0.361405 0.359239
140000.000000 0.352153 0.352388 : 0.353516 0.352552 0.350390
145000.000000 0.343723 0.343947 : 0.345127 0.344083 0.341960
150000.000000 0.335584 0.335826 : 0.337092 0.335902 0.333758
155000.000000 0.327772 0.327995 : 0.329347 0.328127 0.325841
160000.000000 0.320167 0.320373 : 0.321663 0.320572 0.318267
165000.000000 0.312859 0.313018 : 0.314354 0.313337 0.310886
170000.000000 0.305712 0.305861 : 0.307211 0.306232 0.303693
175000.000000 0.298836 0.298968 : 0.300259 0.299370 0.296880
180000.000000 0.292152 0.292271 : 0.293547 0.292727 0.290182
185000.000000 0.285634 0.285753 : 0.287032 0.286278 0.283592
190000.000000 0.279367 0.279441 : 0.280778 0.280099 0.277224
195000.000000 0.273290 0.273321 : 0.274683 0.274060 0.271128
200000.000000 0.267355 0.267355 : 0.268633 0.268169 0.265262
205000.000000 0.261602 0.261566 : 0.262799 0.262461 0.259545
210000.000000 0.255973 0.255924 : 0.257064 0.256891 0.253963
215000.000000 0.250533 0.250449 : 0.251523 0.251452 0.248626
220000.000000 0.245171 0.245075 : 0.246085 0.246110 0.243317
225000.000000 0.240005 0.239890 : 0.240880 0.241032 0.238103
230000.000000 0.234997 0.234856 : 0.235838 0.236095 0.233059
235000.000000 0.230145 0.229981 : 0.230939 0.231323 0.228173
240000.000000 0.225369 0.225203 : 0.226068 0.226606 0.223434
245000.000000 0.220768 0.220584 : 0.221429 0.222037 0.218836
250000.000000 0.216258 0.216075 : 0.216862 0.217561 0.214351
255000.000000 0.211863 0.211717 : 0.212415 0.213156 0.210017
260000.000000 0.207571 0.207404 : 0.208033 0.208930 0.205748
265000.000000 0.203401 0.203217 : 0.203877 0.204751 0.201574
270000.000000 0.199310 0.199121 : 0.199794 0.200667 0.197470
275000.000000 0.195384 0.195176 : 0.195863 0.196774 0.193515
280000.000000 0.191532 0.191308 : 0.192048 0.192856 0.189693
285000.000000 0.187805 0.187576 : 0.188339 0.189135 0.185942
290000.000000 0.184190 0.183934 : 0.184717 0.185574 0.182280
295000.000000 0.180662 0.180393 : 0.181123 0.182103 0.178760
300000.000000 0.177219 0.176946 : 0.177524 0.178816 0.175317
305000.000000 0.173859 0.173543 : 0.174113 0.175575 0.171888
310000.000000 0.170517 0.170201 : 0.170647 0.172346 0.168559
315000.000000 0.167237 0.166902 : 0.167239 0.169170 0.165304
320000.000000 0.164074 0.163700 : 0.163931 0.166136 0.162156
325000.000000 0.160954 0.160602 : 0.160644 0.163062 0.159157
330000.000000 0.157945 0.157588 : 0.157451 0.160158 0.156225
335000.000000 0.154999 0.154656 : 0.154321 0.157288 0.153388
340000.000000 0.152098 0.151750 : 0.151233 0.154456 0.150604
345000.000000 0.149237 0.148911 : 0.148271 0.151674 0.147767
350000.000000 0.146437 0.146129 : 0.145407 0.148950 0.144955
355000.000000 0.143723 0.143446 : 0.142592 0.146288 0.142288
360000.000000 0.141056 0.140812 : 0.139846 0.143655 0.139667
365000.000000 0.138463 0.138253 : 0.137193 0.141061 0.137135
370000.000000 0.135940 0.135762 : 0.134621 0.138560 0.134639
375000.000000 0.133455 0.133290 : 0.132118 0.136085 0.132161
380000.000000 0.131005 0.130872 : 0.129597 0.133686 0.129731
385000.000000 0.128641 0.128538 : 0.127181 0.131360 0.127382
390000.000000 0.126319 0.126269 : 0.124882 0.129048 0.125027
395000.000000 0.124061 0.124036 : 0.122592 0.126879 0.122711
400000.000000 0.121889 0.121863 : 0.120390 0.124722 0.120557
405000.000000 0.119737 0.119731 : 0.118166 0.122682 0.118364
410000.000000 0.117610 0.117650 : 0.116000 0.120583 0.116248
415000.000000 0.115548 0.115618 : 0.113863 0.118549 0.114233
420000.000000 0.113532 0.113592 : 0.111733 0.116628 0.112233
425000.000000 0.111610 0.111662 : 0.109702 0.114831 0.110296
430000.000000 0.109711 0.109774 : 0.107727 0.113002 0.108404
435000.000000 0.107872 0.107893 : 0.105809 0.111161 0.106646
440000.000000 0.106059 0.106079 : 0.103890 0.109293 0.104994
445000.000000 0.104253 0.104292 : 0.101993 0.107433 0.103333
450000.000000 0.102475 0.102512 : 0.100183 0.105617 0.101626
455000.000000 0.100745 0.100763 : 0.098455 0.103834 0.099946
460000.000000 0.098997 0.099032 : 0.096656 0.102041 0.098295
465000.000000 0.097288 0.097354 : 0.094867 0.100317 0.096679
470000.000000 0.095678 0.095749 : 0.093168 0.098697 0.095169
475000.000000 0.094096 0.094192 : 0.091480 0.097142 0.093667
480000.000000 0.092590 0.092664 : 0.089827 0.095633 0.092310
485000.000000 0.091097 0.091172 : 0.088252 0.094109 0.090930
490000.000000 0.089633 0.089707 : 0.086737 0.092614 0.089547
495000.000000 0.088189 0.088260 : 0.085175 0.091147 0.088245
500000.000000 0.086805 0.086827 : 0.083690 0.089741 0.086983
505000.000000 0.085400 0.085427 : 0.082212 0.088254 0.085733
510000.000000 0.084026 0.084047 : 0.080804 0.086798 0.084477
515000.000000 0.082690 0.082696 : 0.079386 0.085432 0.083250
520000.000000 0.081350 0.081366 : 0.078029 0.084070 0.081950
525000.000000 0.080058 0.080060 : 0.076796 0.082694 0.080682
530000.000000 0.078805 0.078776 : 0.075459 0.081405 0.079552
535000.000000 0.077562 0.077517 : 0.074197 0.080168 0.078322
540000.000000 0.076356 0.076294 : 0.072926 0.078979 0.077162
545000.000000 0.075182 0.075094 : 0.071741 0.077841 0.075962
550000.000000 0.073992 0.073902 : 0.070525 0.076699 0.074754
555000.000000 0.072863 0.072768 : 0.069302 0.075651 0.073637
560000.000000 0.071750 0.071647 : 0.068164 0.074598 0.072489
565000.000000 0.070643 0.070554 : 0.067122 0.073468 0.071338
570000.000000 0.069558 0.069495 : 0.066016 0.072418 0.070241
575000.000000 0.068463 0.068464 : 0.064848 0.071374 0.069166
580000.000000 0.067422 0.067435 : 0.063811 0.070279 0.068175
585000.000000 0.066391 0.066395 : 0.062742 0.069262 0.067168
590000.000000 0.065382 0.065376 : 0.061685 0.068319 0.066141
595000.000000 0.064405 0.064422 : 0.060695 0.067345 0.065176
600000.000000 0.063391 0.063442 : 0.059683 0.066327 0.064165
605000.000000 0.062462 0.062517 : 0.058754 0.065359 0.063273
610000.000000 0.061511 0.061576 : 0.057772 0.064450 0.062312
615000.000000 0.060581 0.060656 : 0.056797 0.063560 0.061386
620000.000000 0.059715 0.059771 : 0.055904 0.062727 0.060514
625000.000000 0.058791 0.058864 : 0.054946 0.061800 0.059626
630000.000000 0.057885 0.057966 : 0.053975 0.060948 0.058732
635000.000000 0.057029 0.057102 : 0.053049 0.060060 0.057978
640000.000000 0.056149 0.056236 : 0.052047 0.059259 0.057141
645000.000000 0.055322 0.055396 : 0.051133 0.058473 0.056360
650000.000000 0.054516 0.054579 : 0.050316 0.057678 0.055554
655000.000000 0.053772 0.053805 : 0.049586 0.056930 0.054798
660000.000000 0.053006 0.053034 : 0.048843 0.056124 0.054052
665000.000000 0.052292 0.052289 : 0.048109 0.055442 0.053327
670000.000000 0.051603 0.051541 : 0.047475 0.054760 0.052575
675000.000000 0.050898 0.050808 : 0.046781 0.054083 0.051831
680000.000000 0.050236 0.050119 : 0.046087 0.053428 0.051192
685000.000000 0.049532 0.049384 : 0.045301 0.052781 0.050515
690000.000000 0.048842 0.048676 : 0.044534 0.052186 0.049806
695000.000000 0.048214 0.048026 : 0.043853 0.051599 0.049189
700000.000000 0.047593 0.047370 : 0.043252 0.050995 0.048532
705000.000000 0.047018 0.046740 : 0.042644 0.050425 0.047984
710000.000000 0.046420 0.046102 : 0.042132 0.049784 0.047345
715000.000000 0.045825 0.045483 : 0.041548 0.049181 0.046745
720000.000000 0.045252 0.044866 : 0.040967 0.048591 0.046197
725000.000000 0.044664 0.044251 : 0.040438 0.047988 0.045566
730000.000000 0.044069 0.043624 : 0.039861 0.047355 0.044992
735000.000000 0.043534 0.043046 : 0.039408 0.046848 0.044348
740000.000000 0.042968 0.042468 : 0.038904 0.046250 0.043749
745000.000000 0.042373 0.041878 : 0.038434 0.045564 0.043121
750000.000000 0.041862 0.041316 : 0.037962 0.044946 0.042677
755000.000000 0.041332 0.040751 : 0.037525 0.044408 0.042062
760000.000000 0.040763 0.040187 : 0.037009 0.043822 0.041458
765000.000000 0.040247 0.039635 : 0.036443 0.043327 0.040972
770000.000000 0.039746 0.039092 : 0.035994 0.042847 0.040396
775000.000000 0.039227 0.038561 : 0.035497 0.042348 0.039835
780000.000000 0.038678 0.038039 : 0.034983 0.041830 0.039220
785000.000000 0.038140 0.037490 : 0.034512 0.041321 0.038586
790000.000000 0.037600 0.036957 : 0.034006 0.040870 0.037925
795000.000000 0.037052 0.036436 : 0.033451 0.040394 0.037312
800000.000000 0.036521 0.035929 : 0.032918 0.039924 0.036721
805000.000000 0.036012 0.035432 : 0.032492 0.039424 0.036121
810000.000000 0.035489 0.034947 : 0.032013 0.038930 0.035524
815000.000000 0.035001 0.034481 : 0.031523 0.038463 0.035017
820000.000000 0.034541 0.034025 : 0.031014 0.038033 0.034576
825000.000000 0.034121 0.033558 : 0.030543 0.037665 0.034155
830000.000000 0.033658 0.033100 : 0.030019 0.037276 0.033678
835000.000000 0.033211 0.032661 : 0.029576 0.036896 0.033162
840000.000000 0.032804 0.032216 : 0.029104 0.036640 0.032668
845000.000000 0.032324 0.031738 : 0.028626 0.036211 0.032134
850000.000000 0.031875 0.031262 : 0.028139 0.035785 0.031700
855000.000000 0.031436 0.030774 : 0.027662 0.035403 0.031243
860000.000000 0.031000 0.030298 : 0.027235 0.035016 0.030750
865000.000000 0.030563 0.029840 : 0.026915 0.034526 0.030247
870000.000000 0.030172 0.029420 : 0.026547 0.034192 0.029778
875000.000000 0.029773 0.029004 : 0.026164 0.033864 0.029291
880000.000000 0.029374 0.028599 : 0.025808 0.033527 0.028787
885000.000000 0.028960 0.028191 : 0.025420 0.033044 0.028415
890000.000000 0.028534 0.027777 : 0.025004 0.032665 0.027933
895000.000000 0.028136 0.027379 : 0.024662 0.032264 0.027483
900000.000000 0.027731 0.026992 : 0.024319 0.031837 0.027037
905000.000000 0.027302 0.026573 : 0.023933 0.031498 0.026474
910000.000000 0.026898 0.026153 : 0.023594 0.031115 0.025985
915000.000000 0.026454 0.025750 : 0.023169 0.030724 0.025470
920000.000000 0.026047 0.025371 : 0.022822 0.030364 0.024953
925000.000000 0.025652 0.024983 : 0.022423 0.030053 0.024479
930000.000000 0.025267 0.024610 : 0.022074 0.029659 0.024069
935000.000000 0.024886 0.024217 : 0.021759 0.029281 0.023619
940000.000000 0.024469 0.023838 : 0.021375 0.028982 0.023049
945000.000000 0.024076 0.023471 : 0.021091 0.028542 0.022596
950000.000000 0.023679 0.023109 : 0.020668 0.028138 0.022232
955000.000000 0.023265 0.022746 : 0.020254 0.027716 0.021824
960000.000000 0.022857 0.022390 : 0.019877 0.027255 0.021440
965000.000000 0.022502 0.022061 : 0.019595 0.026848 0.021063
970000.000000 0.022158 0.021756 : 0.019370 0.026398 0.020707
975000.000000 0.021863 0.021440 : 0.019121 0.025947 0.020519
980000.000000 0.021546 0.021156 : 0.018878 0.025568 0.020190
985000.000000 0.021245 0.020890 : 0.018636 0.025199 0.019899
990000.000000 0.020949 0.020606 : 0.018371 0.024915 0.019560
995000.000000 0.020635 0.020328 : 0.018103 0.024593 0.019209
1000000.000000 0.020317 0.020045 : 0.017860 0.024307 0.018783
