0.000000 1.000000 1.000000 : 1.000000 1.000000 1.000000
10.000000 0.996373 0.996373 : 0.996375 0.996376 0.996368
20.000000 0.994004 0.994004 : 0.993998 0.994005 0.994008
30.000000 0.990472 0.990472 : 0.990448 0.990482 0.990485
40.000000 0.986297 0.986297 : 0.986252 0.986317 0.986322
50.000000 0.981868 0.981868 : 0.981804 0.981889 0.981911
60.000000 0.977495 0.977495 : 0.977407 0.977524 0.977555
70.000000 0.974366 0.974366 : 0.974254 0.974395 0.974448
80.000000 0.969713 0.969713 : 0.969584 0.969741 0.969816
90.000000 0.966431 0.966431 : 0.966280 0.966458 0.966554
100.000000 0.962686 0.962686 : 0.962522 0.962704 0.962831
110.000000 0.959381 0.959381 : 0.959202 0.959394 0.959547
120.000000 0.956757 0.956756 : 0.956562 0.956762 0.956946
130.000000 0.953930 0.953929 : 0.953725 0.953924 0.954140
140.000000 0.950936 0.950935 : 0.950719 0.950918 0.951171
150.000000 0.947790 0.947789 : 0.947565 0.947757 0.948049
160.000000 0.944788 0.944787 : 0.944555 0.944742 0.945068
170.000000 0.941338 0.941337 : 0.941098 0.941274 0.941642
180.000000 0.938264 0.938263 : 0.938019 0.938184 0.938590
190.000000 0.934717 0.934715 : 0.934468 0.934621 0.935061
200.000000 0.931436 0.931434 : 0.931187 0.931324 0.931795
210.000000 0.928427 0.928425 : 0.928176 0.928301 0.928804
220.000000 0.925080 0.925078 : 0.924831 0.924939 0.925471
230.000000 0.921944 0.921942 : 0.921700 0.921787 0.922345
240.000000 0.918591 0.918589 : 0.918350 0.918420 0.919004
250.000000 0.915746 0.915744 : 0.915509 0.915559 0.916169
260.000000 0.912636 0.912634 : 0.912407 0.912432 0.913070
270.000000 0.909853 0.909851 : 0.909634 0.909633 0.910292
280.000000 0.907171 0.907169 : 0.906962 0.906935 0.907617
290.000000 0.904493 0.904492 : 0.904296 0.904237 0.904946
300.000000 0.901980 0.901979 : 0.901797 0.901707 0.902437
310.000000 0.899187 0.899186 : 0.899020 0.898895 0.899645
320.000000 0.896664 0.896663 : 0.896514 0.896352 0.897125
330.000000 0.894054 0.894054 : 0.893919 0.893723 0.894521
340.000000 0.891596 0.891596 : 0.891477 0.891245 0.892065
350.000000 0.889015 0.889015 : 0.888915 0.888646 0.889483
360.000000 0.886770 0.886770 : 0.886688 0.886381 0.887239
370.000000 0.884428 0.884429 : 0.884365 0.884022 0.884898
380.000000 0.881914 0.881914 : 0.881869 0.881488 0.882384
390.000000 0.879735 0.879736 : 0.879711 0.879289 0.880205
400.000000 0.877439 0.877439 : 0.877434 0.876975 0.877908
410.000000 0.875334 0.875334 : 0.875348 0.874849 0.875804
420.000000 0.873045 0.873045 : 0.873080 0.872541 0.873514
430.000000 0.871075 0.871075 : 0.871130 0.870553 0.871542
440.000000 0.869102 0.869102 : 0.869180 0.868561 0.869566
450.000000 0.866990 0.866990 : 0.867090 0.866430 0.867450
460.000000 0.865057 0.865057 : 0.865176 0.864479 0.865515
470.000000 0.863004 0.863004 : 0.863144 0.862408 0.863460
480.000000 0.861121 0.861122 : 0.861282 0.860508 0.861572
490.000000 0.859130 0.859132 : 0.859313 0.858503 0.859575
500.000000 0.857253 0.857254 : 0.857454 0.856610 0.857693
510.000000 0.855334 0.855336 : 0.855557 0.854677 0.855768
520.000000 0.853437 0.853439 : 0.853682 0.852766 0.853861
530.000000 0.851640 0.851644 : 0.851906 0.850958 0.852057
540.000000 0.849714 0.849718 : 0.850002 0.849018 0.850121
550.000000 0.847899 0.847903 : 0.848209 0.847191 0.848298
560.000000 0.846085 0.846090 : 0.846418 0.845365 0.846474
570.000000 0.844372 0.844377 : 0.844728 0.843639 0.844750
580.000000 0.842557 0.842561 : 0.842935 0.841810 0.842925
590.000000 0.840857 0.840861 : 0.841258 0.840097 0.841215
600.000000 0.839152 0.839156 : 0.839575 0.838381 0.839499
610.000000 0.837390 0.837395 : 0.837837 0.836609 0.837724
620.000000 0.835755 0.835760 : 0.836222 0.834964 0.836079
630.000000 0.834055 0.834059 : 0.834542 0.833255 0.834368
640.000000 0.832418 0.832422 : 0.832926 0.831610 0.832718
650.000000 0.830742 0.830746 : 0.831268 0.829927 0.831031
660.000000 0.829165 0.829168 : 0.829711 0.828343 0.829441
670.000000 0.827529 0.827533 : 0.828094 0.826701 0.827793
680.000000 0.825892 0.825895 : 0.826474 0.825057 0.826143
690.000000 0.824320 0.824324 : 0.824920 0.823481 0.824560
700.000000 0.822722 0.822726 : 0.823338 0.821878 0.822950
710.000000 0.821169 0.821173 : 0.821804 0.820320 0.821385
720.000000 0.819596 0.819600 : 0.820246 0.818742 0.819799
730.000000 0.818072 0.818077 : 0.818740 0.817215 0.818262
740.000000 0.816526 0.816530 : 0.817208 0.815666 0.816703
750.000000 0.814999 0.815004 : 0.815697 0.814136 0.815163
760.000000 0.813504 0.813510 : 0.814218 0.812640 0.813655
770.000000 0.812010 0.812016 : 0.812737 0.811146 0.812148
780.000000 0.810514 0.810519 : 0.811254 0.809648 0.810638
790.000000 0.809024 0.809030 : 0.809780 0.808160 0.809133
800.000000 0.807608 0.807614 : 0.808378 0.806744 0.807702
810.000000 0.806143 0.806149 : 0.806928 0.805280 0.806221
820.000000 0.804673 0.804679 : 0.805471 0.803813 0.804733
830.000000 0.803247 0.803254 : 0.804059 0.802391 0.803292
840.000000 0.801846 0.801853 : 0.802671 0.800994 0.801873
850.000000 0.800434 0.800441 : 0.801272 0.799583 0.800446
860.000000 0.799011 0.799019 : 0.799863 0.798164 0.799007
870.000000 0.797643 0.797650 : 0.798507 0.796797 0.797623
880.000000 0.796264 0.796272 : 0.797142 0.795419 0.796230
890.000000 0.794910 0.794918 : 0.795802 0.794067 0.794861
900.000000 0.793550 0.793559 : 0.794455 0.792708 0.793488
910.000000 0.792194 0.792203 : 0.793110 0.791354 0.792118
920.000000 0.790871 0.790880 : 0.791801 0.790030 0.790782
930.000000 0.789560 0.789570 : 0.790503 0.788719 0.789458
940.000000 0.788256 0.788266 : 0.789213 0.787415 0.788140
950.000000 0.786930 0.786941 : 0.787901 0.786089 0.786801
960.000000 0.785651 0.785662 : 0.786634 0.784811 0.785508
970.000000 0.784381 0.784392 : 0.785377 0.783541 0.784223
980.000000 0.783099 0.783111 : 0.784107 0.782262 0.782928
990.000000 0.781826 0.781838 : 0.782846 0.780991 0.781641
1000.000000 0.780576 0.780589 : 0.781607 0.779744 0.780377
1010.000000 0.779339 0.779352 : 0.780382 0.778510 0.779126
1020.000000 0.778089 0.778102 : 0.779143 0.777263 0.777862
1030.000000 0.776870 0.776883 : 0.777934 0.776048 0.776628
1040.000000 0.775651 0.775664 : 0.776725 0.774833 0.775396
1050.000000 0.774434 0.774447 : 0.775518 0.773620 0.774163
1060.000000 0.773240 0.773253 : 0.774333 0.772431 0.772955
1070.000000 0.772051 0.772065 : 0.773154 0.771248 0.771752
1080.000000 0.770863 0.770877 : 0.771975 0.770065 0.770549
1090.000000 0.769686 0.769700 : 0.770805 0.768894 0.769359
1100.000000 0.768532 0.768547 : 0.769659 0.767744 0.768193
1110.000000 0.767372 0.767388 : 0.768506 0.766588 0.767023
1120.000000 0.766226 0.766242 : 0.767367 0.765446 0.765865
1130.000000 0.765095 0.765111 : 0.766243 0.764318 0.764725
1140.000000 0.763960 0.763976 : 0.765114 0.763186 0.763581
1150.000000 0.762842 0.762858 : 0.764003 0.762071 0.762454
1160.000000 0.761735 0.761751 : 0.762902 0.760966 0.761337
1170.000000 0.760630 0.760645 : 0.761804 0.759862 0.760224
1180.000000 0.759528 0.759544 : 0.760708 0.758762 0.759115
1190.000000 0.758448 0.758463 : 0.759634 0.757684 0.758026
1200.000000 0.757368 0.757383 : 0.758560 0.756607 0.756938
1210.000000 0.756292 0.756307 : 0.757490 0.755533 0.755854
1220.000000 0.755226 0.755239 : 0.756428 0.754470 0.754778
1230.000000 0.754162 0.754175 : 0.755369 0.753410 0.753705
1240.000000 0.753111 0.753124 : 0.754324 0.752363 0.752646
1250.000000 0.752065 0.752078 : 0.753282 0.751322 0.751591
1260.000000 0.751022 0.751035 : 0.752243 0.750285 0.750539
1270.000000 0.749986 0.749998 : 0.751209 0.749253 0.749494
1280.000000 0.748963 0.748975 : 0.750190 0.748237 0.748462
1290.000000 0.747942 0.747954 : 0.749172 0.747222 0.747433
1300.000000 0.746927 0.746938 : 0.748159 0.746212 0.746410
1310.000000 0.745922 0.745932 : 0.747157 0.745211 0.745397
1320.000000 0.744917 0.744927 : 0.746156 0.744209 0.744386
1330.000000 0.743927 0.743937 : 0.745170 0.743222 0.743390
1340.000000 0.742945 0.742954 : 0.744191 0.742241 0.742402
1350.000000 0.741956 0.741965 : 0.743207 0.741253 0.741407
1360.000000 0.740980 0.740989 : 0.742235 0.740278 0.740428
1370.000000 0.740020 0.740029 : 0.741279 0.739318 0.739463
1380.000000 0.739056 0.739064 : 0.740319 0.738354 0.738494
1390.000000 0.738091 0.738099 : 0.739358 0.737390 0.737525
1400.000000 0.737145 0.737153 : 0.738416 0.736446 0.736574
1410.000000 0.736200 0.736209 : 0.737474 0.735503 0.735624
1420.000000 0.735253 0.735262 : 0.736531 0.734558 0.734671
1430.000000 0.734320 0.734329 : 0.735599 0.733628 0.733733
1440.000000 0.733388 0.733397 : 0.734671 0.732698 0.732795
1450.000000 0.732456 0.732467 : 0.733743 0.731768 0.731858
1460.000000 0.731535 0.731546 : 0.732825 0.730848 0.730931
1470.000000 0.730619 0.730631 : 0.731915 0.729932 0.730009
1480.000000 0.729701 0.729713 : 0.731002 0.729016 0.729085
1490.000000 0.728793 0.728806 : 0.730101 0.728107 0.728170
1500.000000 0.727891 0.727904 : 0.729204 0.727205 0.727264
1510.000000 0.726992 0.727005 : 0.728310 0.726306 0.726359
1520.000000 0.726098 0.726111 : 0.727423 0.725410 0.725461
1530.000000 0.725208 0.725222 : 0.726538 0.724521 0.724566
1540.000000 0.724322 0.724336 : 0.725657 0.723634 0.723675
1550.000000 0.723443 0.723457 : 0.724783 0.722755 0.722791
1560.000000 0.722570 0.722584 : 0.723915 0.721882 0.721913
1570.000000 0.721697 0.721711 : 0.723047 0.721009 0.721035
1580.000000 0.720830 0.720845 : 0.722184 0.720143 0.720162
1590.000000 0.719970 0.719986 : 0.721328 0.719284 0.719298
1600.000000 0.719113 0.719129 : 0.720475 0.718429 0.718434
1610.000000 0.718259 0.718276 : 0.719626 0.717576 0.717576
1620.000000 0.717411 0.717428 : 0.718782 0.716730 0.716722
1630.000000 0.716569 0.716587 : 0.717943 0.715890 0.715874
1640.000000 0.715730 0.715749 : 0.717109 0.715053 0.715030
1650.000000 0.714893 0.714913 : 0.716277 0.714216 0.714187
1660.000000 0.714061 0.714081 : 0.715448 0.713384 0.713351
1670.000000 0.713231 0.713251 : 0.714622 0.712554 0.712516
1680.000000 0.712406 0.712427 : 0.713802 0.711728 0.711686
1690.000000 0.711584 0.711606 : 0.712985 0.710907 0.710861
1700.000000 0.710767 0.710789 : 0.712171 0.710089 0.710041
1710.000000 0.709950 0.709972 : 0.711356 0.709272 0.709221
1720.000000 0.709137 0.709159 : 0.710546 0.708459 0.708406
1730.000000 0.708330 0.708352 : 0.709740 0.707652 0.707598
1740.000000 0.707526 0.707547 : 0.708938 0.706848 0.706793
1750.000000 0.706724 0.706745 : 0.708136 0.706044 0.705991
1760.000000 0.705928 0.705949 : 0.707340 0.705249 0.705195
1770.000000 0.705139 0.705160 : 0.706551 0.704460 0.704407
1780.000000 0.704350 0.704370 : 0.705761 0.703671 0.703619
1790.000000 0.703564 0.703584 : 0.704974 0.702884 0.702834
1800.000000 0.702785 0.702804 : 0.704192 0.702105 0.702057
1810.000000 0.702009 0.702027 : 0.703416 0.701330 0.701282
1820.000000 0.701236 0.701254 : 0.702642 0.700556 0.700511
1830.000000 0.700468 0.700485 : 0.701872 0.699788 0.699743
1840.000000 0.699704 0.699721 : 0.701108 0.699024 0.698981
1850.000000 0.698942 0.698958 : 0.700345 0.698261 0.698220
1860.000000 0.698185 0.698200 : 0.699588 0.697503 0.697465
1870.000000 0.697433 0.697446 : 0.698835 0.696749 0.696715
1880.000000 0.696684 0.696696 : 0.698085 0.695998 0.695968
1890.000000 0.695937 0.695948 : 0.697338 0.695249 0.695224
1900.000000 0.695197 0.695206 : 0.696598 0.694507 0.694485
1910.000000 0.694459 0.694466 : 0.695860 0.693766 0.693750
1920.000000 0.693721 0.693727 : 0.695122 0.693027 0.693014
1930.000000 0.692987 0.692992 : 0.694387 0.692292 0.692282
1940.000000 0.692256 0.692260 : 0.693656 0.691559 0.691554
1950.000000 0.691528 0.691531 : 0.692927 0.690830 0.690828
1960.000000 0.690802 0.690804 : 0.692199 0.690104 0.690104
1970.000000 0.690080 0.690080 : 0.691475 0.689380 0.689383
1980.000000 0.689361 0.689360 : 0.690754 0.688659 0.688669
1990.000000 0.688645 0.688643 : 0.690036 0.687942 0.687956
2000.000000 0.687932 0.687930 : 0.689321 0.687226 0.687249
5000.000000 0.554538 0.554508 : 0.554530 0.554455 0.554627
10000.000000 0.441418 0.441363 : 0.441513 0.440926 0.441816
15000.000000 0.369808 0.369755 : 0.369862 0.369240 0.370321
20000.000000 0.316874 0.316814 : 0.316904 0.316363 0.317354
25000.000000 0.274970 0.274923 : 0.274916 0.274526 0.275466
30000.000000 0.241038 0.241034 : 0.240948 0.240610 0.241557
35000.000000 0.212950 0.212841 : 0.213010 0.212542 0.213299
40000.000000 0.188964 0.188872 : 0.189006 0.188478 0.189407
45000.000000 0.168619 0.168571 : 0.168832 0.167844 0.169180
50000.000000 0.150871 0.150852 : 0.151271 0.149988 0.151354
55000.000000 0.135615 0.135542 : 0.136120 0.134856 0.135869
60000.000000 0.122072 0.122100 : 0.122646 0.121182 0.122388
65000.000000 0.110229 0.110208 : 0.111011 0.109240 0.110435
70000.000000 0.099683 0.099678 : 0.100638 0.098855 0.099556
75000.000000 0.090356 0.090397 : 0.091393 0.089545 0.090131
80000.000000 0.082029 0.082114 : 0.083202 0.081360 0.081525
85000.000000 0.074524 0.074743 : 0.075618 0.073968 0.073986
90000.000000 0.067852 0.068191 : 0.068819 0.067177 0.067560
95000.000000 0.061952 0.062291 : 0.062980 0.061197 0.061679
100000.000000 0.056515 0.056897 : 0.057637 0.055590 0.056319
105000.000000 0.051674 0.052059 : 0.052800 0.050973 0.051249
110000.000000 0.047288 0.047700 : 0.048428 0.046732 0.046704
115000.000000 0.043272 0.043660 : 0.044378 0.042635 0.042802
120000.000000 0.039818 0.040194 : 0.040758 0.039336 0.039360
125000.000000 0.036659 0.037031 : 0.037518 0.036363 0.036097
130000.000000 0.033711 0.034038 : 0.034431 0.033565 0.033138
135000.000000 0.031010 0.031337 : 0.031582 0.031026 0.030421
140000.000000 0.028601 0.028930 : 0.029276 0.028517 0.028011
145000.000000 0.026379 0.026709 : 0.026969 0.026365 0.025804
150000.000000 0.024394 0.024695 : 0.024964 0.024343 0.023876
155000.000000 0.022484 0.022786 : 0.023031 0.022364 0.022056
160000.000000 0.020832 0.021124 : 0.021249 0.020690 0.020559
165000.000000 0.019294 0.019501 : 0.019594 0.019170 0.019118
170000.000000 0.017881 0.018039 : 0.017962 0.017816 0.017863
175000.000000 0.016590 0.016774 : 0.016370 0.016681 0.016719
180000.000000 0.015362 0.015508 : 0.015092 0.015543 0.015453
185000.000000 0.014265 0.014369 : 0.013843 0.014704 0.014247
190000.000000 0.013287 0.013303 : 0.012840 0.013893 0.013127
195000.000000 0.012414 0.012371 : 0.011977 0.013041 0.012222
200000.000000 0.011619 0.011532 : 0.010946 0.012176 0.011734
205000.000000 0.010825 0.010684 : 0.010264 0.011282 0.010929
210000.000000 0.010089 0.009953 : 0.009455 0.010637 0.010175
215000.000000 0.009425 0.009299 : 0.008707 0.010060 0.009507
220000.000000 0.008737 0.008663 : 0.007989 0.009349 0.008874
225000.000000 0.008114 0.008106 : 0.007408 0.008728 0.008204
230000.000000 0.007511 0.007541 : 0.006835 0.008133 0.007564
235000.000000 0.007021 0.007067 : 0.006403 0.007750 0.006910
240000.000000 0.006644 0.006631 : 0.006047 0.007372 0.006512
245000.000000 0.006184 0.006210 : 0.005571 0.006924 0.006056
250000.000000 0.005742 0.005812 : 0.005065 0.006499 0.005661
255000.000000 0.005205 0.005440 : 0.004658 0.005811 0.005147
260000.000000 0.004845 0.005072 : 0.004379 0.005517 0.004638
265000.000000 0.004536 0.004730 : 0.004229 0.004965 0.004413
270000.000000 0.004257 0.004434 : 0.003787 0.004785 0.004199
275000.000000 0.004114 0.004243 : 0.003515 0.004766 0.004061
280000.000000 0.003847 0.003941 : 0.003313 0.004589 0.003638
285000.000000 0.003598 0.003690 : 0.003076 0.004317 0.003401
290000.000000 0.003285 0.003402 : 0.002818 0.004012 0.003025
295000.000000 0.003137 0.003167 : 0.002714 0.003824 0.002872
300000.000000 0.002868 0.002916 : 0.002506 0.003491 0.002607
305000.000000 0.002711 0.002733 : 0.002305 0.003338 0.002490
310000.000000 0.002554 0.002549 : 0.002146 0.003169 0.002347
315000.000000 0.002398 0.002345 : 0.001885 0.002988 0.002321
320000.000000 0.002344 0.002169 : 0.001657 0.003062 0.002314
325000.000000 0.002121 0.001989 : 0.001378 0.002979 0.002005
330000.000000 0.001932 0.001816 : 0.001151 0.002715 0.001930
335000.000000 0.001868 0.001756 : 0.001032 0.002647 0.001924
340000.000000 0.001790 0.001649 : 0.000938 0.002578 0.001855
345000.000000 0.001677 0.001563 : 0.000726 0.002505 0.001799
350000.000000 0.001658 0.001481 : 0.000793 0.002415 0.001766
355000.000000 0.001572 0.001421 : 0.000719 0.002310 0.001687
360000.000000 0.001512 0.001340 : 0.000809 0.002071 0.001655
365000.000000 0.001458 0.001289 : 0.000872 0.001961 0.001541
370000.000000 0.001391 0.001260 : 0.000963 0.001804 0.001407
375000.000000 0.001327 0.001182 : 0.000814 0.001764 0.001402
380000.000000 0.001232 0.001135 : 0.000861 0.001651 0.001186
385000.000000 0.001139 0.001076 : 0.000751 0.001564 0.001103
390000.000000 0.001016 0.001036 : 0.000683 0.001392 0.000974
395000.000000 0.000971 0.000992 : 0.000612 0.001401 0.000902
400000.000000 0.000993 0.000945 : 0.000696 0.001454 0.000827
405000.000000 0.001024 0.000965 : 0.000776 0.001531 0.000767
410000.000000 0.000924 0.000944 : 0.000658 0.001478 0.000636
415000.000000 0.000847 0.000908 : 0.000580 0.001246 0.000715
420000.000000 0.000750 0.000884 : 0.000567 0.001067 0.000617
425000.000000 0.000773 0.000828 : 0.000541 0.001129 0.000649
430000.000000 0.000781 0.000800 : 0.000595 0.001049 0.000699
435000.000000 0.000760 0.000727 : 0.000490 0.001105 0.000687
440000.000000 0.000790 0.000705 : 0.000538 0.001069 0.000763
445000.000000 0.000701 0.000670 : 0.000429 0.000882 0.000791
450000.000000 0.000637 0.000653 : 0.000387 0.000743 0.000782
455000.000000 0.000571 0.000633 : 0.000484 0.000440 0.000788
460000.000000 0.000532 0.000553 : 0.000458 0.000295 0.000843
465000.000000 0.000460 0.000509 : 0.000339 0.000221 0.000819
470000.000000 0.000520 0.000491 : 0.000442 0.000365 0.000754
475000.000000 0.000424 0.000466 : 0.000449 0.000397 0.000424
480000.000000 0.000404 0.000439 : 0.000390 0.000402 0.000418
485000.000000 0.000379 0.000420 : 0.000434 0.000335 0.000367
490000.000000 0.000328 0.000401 : 0.000317 0.000259 0.000409
495000.000000 0.000286 0.000397 : 0.000348 0.000156 0.000356
500000.000000 0.000251 0.000396 : 0.000356 0.000149 0.000247
505000.000000 0.000229 0.000397 : 0.000291 0.000078 0.000317
510000.000000 0.000096 0.000374 : 0.000153 -0.000054 0.000190
515000.000000 0.000122 0.000376 : 0.000135 -0.000138 0.000367
520000.000000 0.000076 0.000402 : -0.000001 -0.000185 0.000414
525000.000000 0.000149 0.000419 : 0.000166 -0.000193 0.000472
530000.000000 0.000121 0.000400 : 0.000117 -0.000306 0.000552
535000.000000 0.000119 0.000378 : 0.000176 -0.000244 0.000424
540000.000000 0.000189 0.000376 : 0.000263 -0.000111 0.000413
545000.000000 0.000236 0.000342 : 0.000380 -0.000037 0.000366
550000.000000 0.000102 0.000315 : 0.000335 -0.000194 0.000165
555000.000000 0.000072 0.000325 : 0.000335 -0.000204 0.000085
560000.000000 0.000127 0.000291 : 0.000372 -0.000080 0.000090
565000.000000 0.000153 0.000282 : 0.000395 0.000032 0.000032
570000.000000 0.000235 0.000275 : 0.000397 0.000196 0.000113
575000.000000 0.000125 0.000232 : 0.000206 0.000233 -0.000065
580000.000000 0.000156 0.000221 : 0.000127 0.000317 0.000024
585000.000000 0.000190 0.000226 : 0.000050 0.000350 0.000169
590000.000000 0.000259 0.000194 : 0.000167 0.000369 0.000242
595000.000000 0.000258 0.000203 : 0.000122 0.000384 0.000267
600000.000000 0.000362 0.000189 : 0.000106 0.000382 0.000597
605000.000000 0.000284 0.000188 : 0.000096 0.000123 0.000633
610000.000000 0.000257 0.000164 : 0.000066 0.000028 0.000678
615000.000000 0.000341 0.000180 : 0.000174 0.000219 0.000629
620000.000000 0.000318 0.000146 : 0.000001 0.000292 0.000660
625000.000000 0.000234 0.000126 : 0.000089 0.000091 0.000523
630000.000000 0.000304 0.000128 : 0.000238 0.000101 0.000572
635000.000000 0.000334 0.000124 : 0.000253 0.000060 0.000688
640000.000000 0.000318 0.000088 : 0.000155 0.000030 0.000769
645000.000000 0.000287 0.000098 : 0.000197 -0.000097 0.000762
650000.000000 0.000251 0.000090 : 0.000099 -0.000071 0.000726
655000.000000 0.000188 0.000102 : 0.000064 -0.000280 0.000780
660000.000000 0.000070 0.000104 : 0.000058 -0.000551 0.000705
665000.000000 0.000023 0.000118 : 0.000020 -0.000460 0.000509
670000.000000 -0.000016 0.000099 : 0.000108 -0.000622 0.000464
675000.000000 -0.000044 0.000084 : 0.000001 -0.000521 0.000388
680000.000000 -0.000017 0.000085 : 0.000053 -0.000392 0.000287
685000.000000 -0.000097 0.000057 : 0.000102 -0.000548 0.000155
690000.000000 -0.000160 0.000058 : 0.000024 -0.000507 0.000003
695000.000000 -0.000184 0.000053 : -0.000045 -0.000529 0.000021
700000.000000 -0.000185 0.000048 : -0.000013 -0.000547 0.000004
705000.000000 -0.000215 0.000050 : -0.000022 -0.000578 -0.000044
710000.000000 -0.000194 0.000054 : -0.000110 -0.000344 -0.000129
715000.000000 -0.000306 0.000088 : -0.000033 -0.000517 -0.000369
720000.000000 -0.000353 0.000077 : -0.000111 -0.000527 -0.000421
725000.000000 -0.000338 0.000091 : -0.000113 -0.000544 -0.000358
730000.000000 -0.000317 0.000082 : -0.000122 -0.000546 -0.000282
735000.000000 -0.000262 0.000068 : 0.000051 -0.000503 -0.000332
740000.000000 -0.000319 0.000094 : -0.000000 -0.000613 -0.000344
745000.000000 -0.000278 0.000114 : 0.000020 -0.000634 -0.000220
750000.000000 -0.000322 0.000094 : -0.000029 -0.000686 -0.000252
755000.000000 -0.000379 0.000066 : -0.000150 -0.000751 -0.000238
760000.000000 -0.000423 0.000042 : -0.000134 -0.000744 -0.000390
765000.000000 -0.000382 0.000050 : -0.000041 -0.000776 -0.000329
770000.000000 -0.000374 0.000069 : 0.000007 -0.000644 -0.000484
775000.000000 -0.000307 0.000055 : 0.000236 -0.000490 -0.000668
780000.000000 -0.000237 0.000032 : 0.000440 -0.000515 -0.000636
785000.000000 -0.000245 0.000009 : 0.000461 -0.000531 -0.000666
790000.000000 -0.000143 -0.000002 : 0.000617 -0.000369 -0.000678
795000.000000 -0.000148 -0.000011 : 0.000535 -0.000278 -0.000703
800000.000000 -0.000229 -0.000038 : 0.000459 -0.000305 -0.000842
805000.000000 -0.000208 -0.000059 : 0.000356 -0.000271 -0.000710
810000.000000 -0.000165 -0.000078 : 0.000424 -0.000117 -0.000802
815000.000000 -0.000197 -0.000074 : 0.000348 -0.000028 -0.000911
820000.000000 -0.000197 -0.000066 : 0.000479 -0.000100 -0.000970
825000.000000 -0.000125 -0.000086 : 0.000617 -0.000050 -0.000943
830000.000000 -0.000111 -0.000087 : 0.000641 -0.000062 -0.000912
835000.000000 -0.000176 -0.000120 : 0.000590 -0.000022 -0.001097
840000.000000 -0.000132 -0.000115 : 0.000577 0.000126 -0.001100
845000.000000 -0.000095 -0.000097 : 0.000555 0.000293 -0.001133
850000.000000 -0.000130 -0.000117 : 0.000513 0.000262 -0.001166
855000.000000 -0.000083 -0.000090 : 0.000532 0.000322 -0.001102
860000.000000 -0.000113 -0.000126 : 0.000622 0.000276 -0.001238
865000.000000 -0.000072 -0.000098 : 0.000646 0.000357 -0.001220
870000.000000 -0.000008 -0.000103 : 0.000689 0.000355 -0.001066
875000.000000 0.000090 -0.000077 : 0.000626 0.000513 -0.000869
880000.000000 0.000096 -0.000058 : 0.000535 0.000538 -0.000785
885000.000000 0.000174 -0.000051 : 0.000663 0.000515 -0.000656
890000.000000 0.000191 -0.000035 : 0.000549 0.000564 -0.000539
895000.000000 0.000202 -0.000017 : 0.000634 0.000546 -0.000575
900000.000000 0.000213 -0.000038 : 0.000718 0.000517 -0.000597
905000.000000 0.000276 -0.000043 : 0.000608 0.000601 -0.000381
910000.000000 0.000249 -0.000025 : 0.000629 0.000644 -0.000527
915000.000000 0.000257 -0.000024 : 0.000676 0.000548 -0.000454
920000.000000 0.000240 -0.000053 : 0.000709 0.000485 -0.000474
925000.000000 0.000313 -0.000051 : 0.000745 0.000583 -0.000390
930000.000000 0.000334 -0.000060 : 0.000706 0.000560 -0.000265
935000.000000 0.000322 -0.000077 : 0.000702 0.000506 -0.000242
940000.000000 0.000352 -0.000066 : 0.000680 0.000453 -0.000077
945000.000000 0.000397 -0.000076 : 0.000617 0.000488 0.000088
950000.000000 0.000288 -0.000080 : 0.000408 0.000516 -0.000061
955000.000000 0.000295 -0.000070 : 0.000389 0.000610 -0.000114
960000.000000 0.000383 -0.000032 : 0.000519 0.000673 -0.000042
965000.000000 0.000293 -0.000054 : 0.000452 0.000494 -0.000066
970000.000000 0.000231 -0.000036 : 0.000341 0.000288 0.000064
975000.000000 0.000249 -0.000024 : 0.000508 0.000098 0.000142
980000.000000 0.000216 -0.000030 : 0.000524 -0.000082 0.000206
985000.000000 0.000220 0.000005 : 0.000648 -0.000181 0.000193
990000.000000 0.000257 0.000040 : 0.000613 -0.000052 0.000210
995000.000000 0.000205 0.000033 : 0.000529 -0.000201 0.000286
1000000.000000 0.000127 0.000003 : 0.000483 -0.000388 0.000285
