0.000000 1.000000 1.000000 : 1.000000 1.000000 1.000000
10.000000 0.980433 0.980433 : 0.980442 0.980449 0.980408
20.000000 0.967890 0.967890 : 0.967861 0.967896 0.967912
30.000000 0.949624 0.949624 : 0.949504 0.949676 0.949690
40.000000 0.928662 0.928662 : 0.928444 0.928758 0.928784
50.000000 0.907202 0.907203 : 0.906908 0.907292 0.907406
60.000000 0.886701 0.886701 : 0.886313 0.886818 0.886973
70.000000 0.872943 0.872943 : 0.872471 0.873050 0.873309
80.000000 0.852323 0.852321 : 0.851804 0.852404 0.852760
90.000000 0.838400 0.838396 : 0.837816 0.838469 0.838915
100.000000 0.822756 0.822750 : 0.822152 0.822766 0.823349
110.000000 0.809098 0.809091 : 0.808460 0.809074 0.809759
120.000000 0.798841 0.798832 : 0.798168 0.798774 0.799582
130.000000 0.787524 0.787512 : 0.786835 0.787401 0.788335
140.000000 0.775400 0.775386 : 0.774689 0.775222 0.776290
150.000000 0.763015 0.762999 : 0.762301 0.762766 0.763979
160.000000 0.751294 0.751274 : 0.750573 0.750993 0.752316
170.000000 0.738076 0.738053 : 0.737353 0.737703 0.739171
180.000000 0.726601 0.726576 : 0.725888 0.726164 0.727751
190.000000 0.713440 0.713413 : 0.712741 0.712946 0.714634
200.000000 0.701720 0.701690 : 0.701050 0.701167 0.702943
210.000000 0.691342 0.691311 : 0.690686 0.690735 0.692605
220.000000 0.679892 0.679860 : 0.679268 0.679233 0.681176
230.000000 0.669378 0.669345 : 0.668793 0.668667 0.670674
240.000000 0.658338 0.658304 : 0.657781 0.657585 0.659647
250.000000 0.649365 0.649333 : 0.648839 0.648564 0.650693
260.000000 0.639483 0.639453 : 0.638997 0.638626 0.640825
270.000000 0.630845 0.630818 : 0.630410 0.629947 0.632177
280.000000 0.622770 0.622747 : 0.622388 0.621827 0.624095
290.000000 0.614847 0.614829 : 0.614520 0.613849 0.616171
300.000000 0.607438 0.607426 : 0.607171 0.606396 0.608747
310.000000 0.599265 0.599260 : 0.599070 0.598183 0.600544
320.000000 0.592002 0.592003 : 0.591875 0.590875 0.593257
330.000000 0.584640 0.584645 : 0.584567 0.583470 0.585881
340.000000 0.577731 0.577739 : 0.577717 0.576525 0.578951
350.000000 0.570496 0.570509 : 0.570551 0.569257 0.571682
360.000000 0.564533 0.564548 : 0.564643 0.563258 0.565698
370.000000 0.558150 0.558167 : 0.558310 0.556842 0.559297
380.000000 0.551353 0.551372 : 0.551561 0.550012 0.552487
390.000000 0.545598 0.545618 : 0.545856 0.544222 0.546717
400.000000 0.539545 0.539566 : 0.539844 0.538144 0.540649
410.000000 0.534119 0.534140 : 0.534455 0.532686 0.535216
420.000000 0.528069 0.528090 : 0.528446 0.526609 0.529152
430.000000 0.523113 0.523134 : 0.523523 0.521632 0.524182
440.000000 0.518162 0.518186 : 0.518619 0.516654 0.519213
450.000000 0.512828 0.512855 : 0.513323 0.511303 0.513858
460.000000 0.508005 0.508035 : 0.508529 0.506465 0.509022
470.000000 0.502888 0.502922 : 0.503444 0.501335 0.503885
480.000000 0.498307 0.498346 : 0.498901 0.496745 0.499275
490.000000 0.493420 0.493463 : 0.494051 0.491855 0.494354
500.000000 0.488869 0.488917 : 0.489527 0.487303 0.489777
510.000000 0.484249 0.484304 : 0.484940 0.482679 0.485127
520.000000 0.479748 0.479810 : 0.480477 0.478182 0.480587
530.000000 0.475515 0.475581 : 0.476273 0.473949 0.476322
540.000000 0.470967 0.471039 : 0.471759 0.469402 0.471741
550.000000 0.466710 0.466785 : 0.467532 0.465146 0.467453
560.000000 0.462527 0.462604 : 0.463385 0.460958 0.463237
570.000000 0.458613 0.458693 : 0.459509 0.457040 0.459291
580.000000 0.454436 0.454517 : 0.455369 0.452851 0.455088
590.000000 0.450637 0.450720 : 0.451610 0.449042 0.451260
600.000000 0.446785 0.446869 : 0.447793 0.445182 0.447380
610.000000 0.442840 0.442925 : 0.443890 0.441230 0.443401
620.000000 0.439242 0.439327 : 0.440322 0.437625 0.439778
630.000000 0.435490 0.435574 : 0.436602 0.433869 0.435999
640.000000 0.431905 0.431990 : 0.433047 0.430285 0.432384
650.000000 0.428256 0.428340 : 0.429419 0.426639 0.428709
660.000000 0.424893 0.424978 : 0.426080 0.423283 0.425317
670.000000 0.421375 0.421461 : 0.422577 0.419780 0.421768
680.000000 0.417887 0.417974 : 0.419101 0.416309 0.418252
690.000000 0.414579 0.414668 : 0.415796 0.413020 0.414919
700.000000 0.411218 0.411309 : 0.412437 0.409685 0.411531
710.000000 0.407988 0.408081 : 0.409214 0.406470 0.408279
720.000000 0.404739 0.404837 : 0.405965 0.403244 0.405008
730.000000 0.401609 0.401711 : 0.402837 0.400134 0.401857
740.000000 0.398440 0.398548 : 0.399669 0.396982 0.398668
750.000000 0.395352 0.395464 : 0.396584 0.393911 0.395562
760.000000 0.392356 0.392469 : 0.393592 0.390930 0.392545
770.000000 0.389380 0.389493 : 0.390617 0.387973 0.389549
780.000000 0.386383 0.386495 : 0.387627 0.384989 0.386532
790.000000 0.383448 0.383559 : 0.384699 0.382075 0.383571
800.000000 0.380714 0.380820 : 0.381972 0.379359 0.380810
810.000000 0.377861 0.377964 : 0.379131 0.376519 0.377933
820.000000 0.375005 0.375105 : 0.376281 0.373688 0.375046
830.000000 0.372277 0.372373 : 0.373558 0.370985 0.372288
840.000000 0.369641 0.369736 : 0.370928 0.368374 0.369620
850.000000 0.366966 0.367059 : 0.368260 0.365719 0.366919
860.000000 0.364280 0.364371 : 0.365577 0.363061 0.364201
870.000000 0.361732 0.361823 : 0.363033 0.360537 0.361625
880.000000 0.359188 0.359279 : 0.360496 0.358013 0.359055
890.000000 0.356711 0.356798 : 0.358022 0.355559 0.356552
900.000000 0.354213 0.354297 : 0.355527 0.353083 0.354028
910.000000 0.351745 0.351824 : 0.353060 0.350641 0.351535
920.000000 0.349372 0.349444 : 0.350693 0.348284 0.349140
930.000000 0.347041 0.347104 : 0.348365 0.345972 0.346786
940.000000 0.344718 0.344774 : 0.346047 0.343666 0.344443
950.000000 0.342368 0.342414 : 0.343703 0.341327 0.342073
960.000000 0.340132 0.340169 : 0.341471 0.339102 0.339823
970.000000 0.337923 0.337952 : 0.339273 0.336900 0.337597
980.000000 0.335698 0.335718 : 0.337058 0.334680 0.335356
990.000000 0.333493 0.333504 : 0.334867 0.332477 0.333135
1000.000000 0.331355 0.331356 : 0.332742 0.330339 0.330983
1010.000000 0.329249 0.329242 : 0.330645 0.328242 0.328861
1020.000000 0.327119 0.327104 : 0.328525 0.326115 0.326718
1030.000000 0.325059 0.325039 : 0.326468 0.324066 0.324643
1040.000000 0.323007 0.322981 : 0.324418 0.322028 0.322577
1050.000000 0.320968 0.320936 : 0.322379 0.320004 0.320520
1060.000000 0.318982 0.318945 : 0.320393 0.318035 0.318517
1070.000000 0.317017 0.316974 : 0.318425 0.316093 0.316532
1080.000000 0.315060 0.315014 : 0.316461 0.314164 0.314556
1090.000000 0.313131 0.313080 : 0.314521 0.312264 0.312607
1100.000000 0.311256 0.311200 : 0.312636 0.310419 0.310715
1110.000000 0.309381 0.309320 : 0.310746 0.308572 0.308823
1120.000000 0.307540 0.307474 : 0.308893 0.306761 0.306967
1130.000000 0.305736 0.305662 : 0.307076 0.304980 0.305152
1140.000000 0.303931 0.303848 : 0.305260 0.303195 0.303338
1150.000000 0.302176 0.302085 : 0.303491 0.301462 0.301575
1160.000000 0.300447 0.300350 : 0.301751 0.299756 0.299835
1170.000000 0.298724 0.298618 : 0.300013 0.298049 0.298109
1180.000000 0.297019 0.296907 : 0.298291 0.296364 0.296401
1190.000000 0.295360 0.295244 : 0.296616 0.294728 0.294734
1200.000000 0.293705 0.293584 : 0.294946 0.293095 0.293075
1210.000000 0.292063 0.291940 : 0.293294 0.291477 0.291420
1220.000000 0.290438 0.290311 : 0.291654 0.289880 0.289779
1230.000000 0.288821 0.288691 : 0.290030 0.288293 0.288140
1240.000000 0.287238 0.287108 : 0.288440 0.286742 0.286532
1250.000000 0.285665 0.285533 : 0.286858 0.285203 0.284934
1260.000000 0.284098 0.283963 : 0.285280 0.283674 0.283341
1270.000000 0.282550 0.282412 : 0.283721 0.282160 0.281770
1280.000000 0.281039 0.280896 : 0.282199 0.280688 0.280228
1290.000000 0.279532 0.279384 : 0.280683 0.279214 0.278699
1300.000000 0.278041 0.277886 : 0.279178 0.277759 0.277187
1310.000000 0.276572 0.276411 : 0.277697 0.276326 0.275695
1320.000000 0.275107 0.274941 : 0.276222 0.274885 0.274214
1330.000000 0.273676 0.273504 : 0.274783 0.273481 0.272765
1340.000000 0.272259 0.272083 : 0.273359 0.272087 0.271331
1350.000000 0.270829 0.270648 : 0.271929 0.270674 0.269885
1360.000000 0.269436 0.269250 : 0.270539 0.269295 0.268475
1370.000000 0.268076 0.267884 : 0.269189 0.267945 0.267092
1380.000000 0.266706 0.266511 : 0.267830 0.266591 0.265699
1390.000000 0.265341 0.265143 : 0.266474 0.265235 0.264314
1400.000000 0.264015 0.263815 : 0.265159 0.263920 0.262967
1410.000000 0.262692 0.262490 : 0.263838 0.262613 0.261626
1420.000000 0.261366 0.261167 : 0.262516 0.261297 0.260285
1430.000000 0.260069 0.259871 : 0.261211 0.260013 0.258982
1440.000000 0.258773 0.258579 : 0.259913 0.258726 0.257680
1450.000000 0.257484 0.257294 : 0.258623 0.257447 0.256381
1460.000000 0.256214 0.256030 : 0.257348 0.256189 0.255106
1470.000000 0.254959 0.254780 : 0.256094 0.254940 0.253844
1480.000000 0.253704 0.253530 : 0.254836 0.253694 0.252582
1490.000000 0.252473 0.252301 : 0.253609 0.252470 0.251340
1500.000000 0.251257 0.251086 : 0.252395 0.251253 0.250122
1510.000000 0.250053 0.249881 : 0.251190 0.250055 0.248913
1520.000000 0.248861 0.248690 : 0.250000 0.248864 0.247717
1530.000000 0.247677 0.247504 : 0.248810 0.247689 0.246531
1540.000000 0.246504 0.246331 : 0.247631 0.246523 0.245359
1550.000000 0.245348 0.245175 : 0.246463 0.245378 0.244203
1560.000000 0.244201 0.244033 : 0.245301 0.244246 0.243057
1570.000000 0.243054 0.242891 : 0.244136 0.243113 0.241915
1580.000000 0.241927 0.241768 : 0.242979 0.242008 0.240793
1590.000000 0.240812 0.240661 : 0.241842 0.240914 0.239680
1600.000000 0.239703 0.239561 : 0.240708 0.239832 0.238570
1610.000000 0.238603 0.238469 : 0.239583 0.238756 0.237469
1620.000000 0.237516 0.237390 : 0.238471 0.237697 0.236379
1630.000000 0.236440 0.236324 : 0.237374 0.236646 0.235298
1640.000000 0.235373 0.235267 : 0.236286 0.235604 0.234230
1650.000000 0.234308 0.234212 : 0.235204 0.234557 0.233164
1660.000000 0.233253 0.233167 : 0.234131 0.233520 0.232107
1670.000000 0.232205 0.232129 : 0.233069 0.232489 0.231056
1680.000000 0.231166 0.231099 : 0.232021 0.231462 0.230014
1690.000000 0.230135 0.230078 : 0.230977 0.230446 0.228982
1700.000000 0.229109 0.229062 : 0.229938 0.229433 0.227957
1710.000000 0.228086 0.228046 : 0.228900 0.228424 0.226934
1720.000000 0.227073 0.227040 : 0.227881 0.227417 0.225921
1730.000000 0.226070 0.226044 : 0.226866 0.226423 0.224922
1740.000000 0.225077 0.225054 : 0.225864 0.225437 0.223929
1750.000000 0.224087 0.224067 : 0.224869 0.224451 0.222942
1760.000000 0.223115 0.223096 : 0.223887 0.223478 0.221979
1770.000000 0.222152 0.222135 : 0.222918 0.222513 0.221024
1780.000000 0.221192 0.221174 : 0.221947 0.221551 0.220076
1790.000000 0.220240 0.220220 : 0.220985 0.220597 0.219137
1800.000000 0.219303 0.219281 : 0.220036 0.219662 0.218211
1810.000000 0.218373 0.218348 : 0.219091 0.218739 0.217290
1820.000000 0.217449 0.217421 : 0.218149 0.217824 0.216374
1830.000000 0.216530 0.216499 : 0.217207 0.216923 0.215460
1840.000000 0.215622 0.215588 : 0.216279 0.216033 0.214553
1850.000000 0.214716 0.214679 : 0.215354 0.215142 0.213651
1860.000000 0.213818 0.213778 : 0.214437 0.214263 0.212755
1870.000000 0.212935 0.212890 : 0.213535 0.213395 0.211874
1880.000000 0.212057 0.212004 : 0.212640 0.212527 0.211003
1890.000000 0.211187 0.211127 : 0.211755 0.211667 0.210140
1900.000000 0.210330 0.210260 : 0.210883 0.210819 0.209287
1910.000000 0.209479 0.209397 : 0.210012 0.209978 0.208446
1920.000000 0.208628 0.208536 : 0.209144 0.209137 0.207602
1930.000000 0.207784 0.207681 : 0.208286 0.208301 0.206765
1940.000000 0.206949 0.206835 : 0.207432 0.207474 0.205941
1950.000000 0.206120 0.205996 : 0.206586 0.206654 0.205118
1960.000000 0.205295 0.205163 : 0.205741 0.205845 0.204301
1970.000000 0.204479 0.204337 : 0.204905 0.205041 0.203492
1980.000000 0.203672 0.203520 : 0.204079 0.204244 0.202694
1990.000000 0.202870 0.202709 : 0.203261 0.203457 0.201891
2000.000000 0.202071 0.201904 : 0.202444 0.202666 0.201104
5000.000000 0.090863 0.090790 : 0.090711 0.090950 0.090928
10000.000000 0.040712 0.040723 : 0.040648 0.040490 0.040997
15000.000000 0.021929 0.021911 : 0.021800 0.021735 0.022252
20000.000000 0.012810 0.012827 : 0.012930 0.012684 0.012817
25000.000000 0.007800 0.007856 : 0.007800 0.007850 0.007750
30000.000000 0.004910 0.004953 : 0.004860 0.004956 0.004914
35000.000000 0.003358 0.003306 : 0.003358 0.003229 0.003487
40000.000000 0.002235 0.002147 : 0.002199 0.002166 0.002339
45000.000000 0.001524 0.001449 : 0.001309 0.001572 0.001691
50000.000000 0.001100 0.001021 : 0.001023 0.001091 0.001186
55000.000000 0.000825 0.000683 : 0.000890 0.000743 0.000842
60000.000000 0.000546 0.000472 : 0.000514 0.000484 0.000641
65000.000000 0.000317 0.000304 : 0.000396 0.000125 0.000429
70000.000000 0.000234 0.000228 : 0.000246 0.000098 0.000358
75000.000000 0.000188 0.000154 : 0.000234 0.000030 0.000301
80000.000000 0.000153 0.000126 : 0.000113 0.000158 0.000189
85000.000000 0.000140 0.000087 : 0.000200 0.000184 0.000038
90000.000000 0.000022 0.000042 : 0.000107 -0.000186 0.000144
95000.000000 0.000057 0.000031 : 0.000193 0.000054 -0.000075
100000.000000 0.000055 0.000021 : 0.000046 -0.000006 0.000125
105000.000000 0.000111 0.000018 : 0.000197 0.000131 0.000006
110000.000000 0.000065 0.000003 : 0.000056 0.000064 0.000075
115000.000000 -0.000026 -0.000010 : 0.000049 -0.000002 -0.000124
120000.000000 0.000032 0.000032 : 0.000102 -0.000051 0.000045
125000.000000 0.000105 0.000021 : 0.000224 -0.000021 0.000112
130000.000000 -0.000000 0.000022 : 0.000001 -0.000100 0.000098
135000.000000 -0.000057 0.000010 : -0.000062 -0.000032 -0.000079
140000.000000 0.000027 0.000011 : 0.000136 -0.000047 -0.000007
145000.000000 -0.000049 0.000003 : -0.000045 -0.000168 0.000066
150000.000000 0.000033 0.000008 : -0.000008 0.000055 0.000050
155000.000000 -0.000032 0.000007 : 0.000017 0.000022 -0.000134
160000.000000 -0.000026 0.000012 : -0.000156 0.000059 0.000018
165000.000000 -0.000053 -0.000008 : -0.000200 0.000065 -0.000024
170000.000000 0.000046 -0.000006 : 0.000159 0.000028 -0.000049
175000.000000 0.000036 -0.000002 : -0.000061 0.000148 0.000021
180000.000000 0.000061 0.000000 : 0.000058 0.000015 0.000110
185000.000000 0.000059 -0.000011 : 0.000155 0.000022 -0.000001
190000.000000 -0.000098 -0.000017 : -0.000048 -0.000190 -0.000056
195000.000000 -0.000031 -0.000007 : 0.000035 -0.000155 0.000026
200000.000000 -0.000013 0.000005 : 0.000039 -0.000055 -0.000023
205000.000000 0.000004 -0.000018 : 0.000113 -0.000092 -0.000009
210000.000000 0.000033 -0.000010 : 0.000141 -0.000096 0.000052
215000.000000 0.000045 -0.000001 : 0.000011 0.000002 0.000121
220000.000000 -0.000022 0.000013 : -0.000041 0.000124 -0.000149
225000.000000 -0.000039 0.000000 : -0.000027 -0.000074 -0.000017
230000.000000 -0.000146 0.000006 : -0.000062 -0.000070 -0.000307
235000.000000 -0.000008 0.000003 : 0.000087 -0.000071 -0.000039
240000.000000 0.000075 0.000008 : 0.000154 0.000059 0.000012
245000.000000 0.000011 -0.000008 : -0.000017 0.000088 -0.000039
250000.000000 0.000033 -0.000008 : 0.000090 -0.000012 0.000021
255000.000000 -0.000022 0.000001 : 0.000086 -0.000092 -0.000059
260000.000000 -0.000017 -0.000001 : 0.000005 0.000029 -0.000085
265000.000000 -0.000095 -0.000007 : -0.000143 -0.000042 -0.000099
270000.000000 -0.000091 -0.000018 : -0.000050 -0.000095 -0.000128
275000.000000 0.000025 -0.000005 : -0.000022 0.000030 0.000067
280000.000000 0.000038 0.000016 : -0.000069 0.000012 0.000170
285000.000000 -0.000050 0.000005 : -0.000060 -0.000089 -0.000000
290000.000000 0.000042 0.000016 : 0.000013 0.000117 -0.000005
295000.000000 0.000005 -0.000003 : 0.000003 0.000156 -0.000145
300000.000000 -0.000023 -0.000017 : -0.000011 0.000036 -0.000092
305000.000000 -0.000041 0.000006 : -0.000067 -0.000115 0.000058
310000.000000 -0.000035 -0.000004 : 0.000009 -0.000123 0.000008
315000.000000 -0.000027 0.000005 : 0.000013 -0.000035 -0.000060
320000.000000 0.000036 -0.000008 : 0.000074 -0.000009 0.000044
325000.000000 0.000042 0.000001 : 0.000105 0.000085 -0.000064
330000.000000 0.000038 -0.000000 : -0.000027 0.000117 0.000023
335000.000000 0.000052 0.000015 : 0.000059 0.000115 -0.000019
340000.000000 0.000001 0.000007 : 0.000075 -0.000013 -0.000058
345000.000000 -0.000041 0.000012 : -0.000014 -0.000045 -0.000065
350000.000000 -0.000057 -0.000003 : -0.000103 -0.000049 -0.000018
355000.000000 0.000025 -0.000003 : -0.000002 0.000092 -0.000015
360000.000000 -0.000003 -0.000000 : 0.000014 -0.000019 -0.000004
365000.000000 0.000002 0.000008 : -0.000015 -0.000048 0.000070
370000.000000 -0.000008 -0.000003 : 0.000051 -0.000144 0.000069
375000.000000 0.000064 -0.000012 : -0.000032 0.000081 0.000142
380000.000000 -0.000063 -0.000011 : -0.000068 -0.000035 -0.000085
385000.000000 0.000039 -0.000017 : 0.000160 -0.000060 0.000017
390000.000000 -0.000016 -0.000004 : -0.000039 -0.000102 0.000094
395000.000000 -0.000025 0.000005 : -0.000071 0.000001 -0.000005
400000.000000 -0.000017 0.000007 : 0.000062 0.000135 -0.000249
405000.000000 -0.000018 -0.000004 : -0.000041 -0.000017 0.000003
410000.000000 -0.000004 -0.000002 : 0.000004 0.000105 -0.000120
415000.000000 -0.000034 0.000002 : -0.000048 -0.000033 -0.000021
420000.000000 -0.000026 -0.000004 : -0.000036 -0.000018 -0.000023
425000.000000 0.000001 0.000007 : 0.000159 -0.000025 -0.000133
430000.000000 0.000017 -0.000002 : 0.000058 -0.000009 0.000002
435000.000000 0.000000 -0.000001 : 0.000117 -0.000004 -0.000113
440000.000000 -0.000023 0.000006 : -0.000095 -0.000078 0.000106
445000.000000 -0.000024 0.000002 : -0.000030 0.000002 -0.000044
450000.000000 -0.000034 -0.000015 : -0.000042 -0.000041 -0.000018
455000.000000 -0.000102 -0.000002 : 0.000028 -0.000241 -0.000092
460000.000000 0.000011 0.000007 : 0.000104 -0.000140 0.000068
465000.000000 0.000025 0.000014 : 0.000110 0.000036 -0.000070
470000.000000 0.000013 0.000011 : 0.000023 0.000047 -0.000031
475000.000000 0.000037 0.000014 : 0.000094 0.000127 -0.000110
480000.000000 0.000016 -0.000007 : -0.000006 0.000075 -0.000020
485000.000000 0.000043 0.000002 : 0.000057 -0.000045 0.000117
490000.000000 -0.000058 -0.000019 : 0.000003 -0.000173 -0.000005
495000.000000 0.000041 -0.000003 : -0.000003 0.000100 0.000026
500000.000000 -0.000000 0.000004 : 0.000128 -0.000076 -0.000053
505000.000000 0.000024 0.000016 : 0.000032 0.000084 -0.000043
510000.000000 -0.000157 -0.000002 : -0.000141 -0.000063 -0.000267
515000.000000 -0.000088 -0.000017 : -0.000150 -0.000032 -0.000082
520000.000000 0.000102 0.000012 : 0.000246 -0.000013 0.000073
525000.000000 0.000064 -0.000002 : 0.000083 0.000109 0.000001
530000.000000 -0.000025 0.000005 : -0.000074 0.000146 -0.000148
535000.000000 -0.000032 0.000003 : -0.000041 0.000002 -0.000058
540000.000000 -0.000052 -0.000010 : 0.000063 -0.000080 -0.000137
545000.000000 0.000056 -0.000007 : 0.000097 0.000164 -0.000093
550000.000000 -0.000013 0.000002 : 0.000003 -0.000026 -0.000016
555000.000000 -0.000053 0.000007 : -0.000075 -0.000180 0.000095
560000.000000 0.000031 0.000000 : 0.000062 0.000077 -0.000045
565000.000000 -0.000034 -0.000013 : -0.000002 0.000040 -0.000140
570000.000000 -0.000098 -0.000018 : -0.000129 -0.000027 -0.000140
575000.000000 -0.000053 0.000001 : -0.000106 0.000126 -0.000178
580000.000000 0.000029 0.000009 : 0.000075 -0.000010 0.000022
585000.000000 -0.000028 -0.000012 : -0.000008 -0.000037 -0.000039
590000.000000 0.000028 -0.000003 : 0.000116 0.000004 -0.000038
595000.000000 -0.000036 0.000005 : -0.000057 0.000059 -0.000109
600000.000000 0.000008 -0.000005 : -0.000075 0.000052 0.000048
605000.000000 -0.000002 0.000001 : -0.000217 0.000108 0.000102
610000.000000 0.000022 0.000000 : 0.000011 0.000118 -0.000064
615000.000000 -0.000034 -0.000004 : -0.000099 -0.000044 0.000041
620000.000000 0.000056 -0.000001 : -0.000090 0.000108 0.000151
625000.000000 0.000014 -0.000007 : -0.000059 0.000005 0.000098
630000.000000 -0.000020 0.000003 : -0.000066 -0.000113 0.000120
635000.000000 -0.000006 -0.000003 : -0.000238 0.000162 0.000058
640000.000000 -0.000067 0.000006 : -0.000046 0.000021 -0.000175
645000.000000 -0.000016 0.000017 : -0.000062 -0.000051 0.000067
650000.000000 -0.000004 -0.000005 : 0.000097 -0.000171 0.000062
655000.000000 -0.000034 0.000001 : -0.000023 -0.000081 0.000002
660000.000000 -0.000011 0.000003 : 0.000033 0.000054 -0.000121
665000.000000 -0.000058 -0.000011 : -0.000049 0.000010 -0.000135
670000.000000 0.000042 -0.000008 : 0.000044 0.000085 -0.000003
675000.000000 -0.000009 -0.000006 : 0.000027 -0.000189 0.000135
680000.000000 -0.000049 -0.000009 : -0.000096 -0.000177 0.000127
685000.000000 -0.000007 0.000003 : 0.000061 -0.000107 0.000024
690000.000000 0.000014 0.000009 : 0.000052 -0.000016 0.000006
695000.000000 -0.000033 0.000003 : -0.000000 -0.000056 -0.000044
700000.000000 -0.000059 -0.000001 : -0.000103 0.000012 -0.000086
705000.000000 0.000019 0.000002 : 0.000077 0.000043 -0.000062
710000.000000 0.000083 0.000004 : 0.000001 0.000176 0.000071
715000.000000 0.000068 0.000006 : 0.000256 0.000026 -0.000078
720000.000000 -0.000033 -0.000004 : 0.000015 -0.000044 -0.000071
725000.000000 0.000039 0.000005 : 0.000050 0.000053 0.000015
730000.000000 -0.000009 0.000008 : 0.000056 -0.000184 0.000103
735000.000000 -0.000013 0.000004 : 0.000022 -0.000105 0.000043
740000.000000 -0.000082 -0.000002 : -0.000069 -0.000216 0.000038
745000.000000 -0.000002 -0.000010 : -0.000075 -0.000047 0.000115
750000.000000 -0.000045 -0.000008 : -0.000040 0.000048 -0.000144
755000.000000 -0.000100 -0.000006 : 0.000033 -0.000132 -0.000202
760000.000000 -0.000042 0.000005 : 0.000105 -0.000032 -0.000200
765000.000000 -0.000016 -0.000003 : -0.000023 0.000076 -0.000102
770000.000000 -0.000103 -0.000004 : -0.000112 -0.000144 -0.000053
775000.000000 0.000004 -0.000001 : -0.000123 0.000076 0.000059
780000.000000 0.000080 -0.000006 : -0.000070 0.000211 0.000101
785000.000000 0.000130 -0.000008 : 0.000128 0.000251 0.000011
790000.000000 -0.000056 0.000006 : -0.000124 0.000012 -0.000056
795000.000000 -0.000055 0.000003 : -0.000094 -0.000023 -0.000049
800000.000000 -0.000029 -0.000007 : -0.000138 0.000011 0.000038
805000.000000 0.000057 -0.000000 : 0.000046 0.000144 -0.000018
810000.000000 0.000009 -0.000010 : -0.000024 0.000018 0.000034
815000.000000 -0.000015 -0.000004 : -0.000005 0.000071 -0.000112
820000.000000 0.000042 0.000002 : 0.000016 0.000139 -0.000029
825000.000000 0.000011 0.000005 : 0.000076 -0.000028 -0.000014
830000.000000 0.000007 0.000005 : -0.000013 0.000082 -0.000047
835000.000000 0.000043 -0.000002 : 0.000193 -0.000060 -0.000003
840000.000000 0.000040 0.000000 : 0.000079 0.000070 -0.000030
845000.000000 -0.000078 -0.000003 : -0.000011 -0.000086 -0.000136
850000.000000 0.000036 0.000010 : 0.000155 0.000045 -0.000090
855000.000000 0.000040 0.000008 : -0.000042 0.000173 -0.000010
860000.000000 -0.000032 -0.000000 : 0.000005 -0.000010 -0.000091
865000.000000 0.000074 0.000009 : 0.000209 -0.000078 0.000090
870000.000000 -0.000023 0.000014 : 0.000072 -0.000016 -0.000124
875000.000000 0.000086 0.000012 : 0.000096 0.000019 0.000143
880000.000000 -0.000013 0.000005 : 0.000142 -0.000182 -0.000001
885000.000000 0.000065 0.000012 : -0.000006 0.000143 0.000058
890000.000000 0.000099 -0.000009 : 0.000184 -0.000057 0.000169
895000.000000 -0.000033 -0.000002 : -0.000064 0.000040 -0.000075
900000.000000 -0.000156 -0.000009 : -0.000248 -0.000117 -0.000101
905000.000000 0.000085 -0.000004 : -0.000118 0.000291 0.000081
910000.000000 -0.000007 -0.000010 : -0.000025 0.000042 -0.000036
915000.000000 -0.000022 -0.000007 : -0.000058 0.000121 -0.000131
920000.000000 0.000073 -0.000010 : -0.000018 0.000156 0.000082
925000.000000 0.000059 -0.000008 : 0.000019 0.000029 0.000130
930000.000000 0.000099 0.000008 : 0.000184 -0.000074 0.000187
935000.000000 0.000041 -0.000002 : 0.000117 -0.000031 0.000038
940000.000000 0.000039 -0.000001 : 0.000008 0.000064 0.000046
945000.000000 0.000006 0.000009 : 0.000114 -0.000071 -0.000025
950000.000000 0.000019 0.000008 : -0.000002 0.000129 -0.000071
955000.000000 0.000066 -0.000008 : 0.000046 0.000118 0.000034
960000.000000 -0.000011 0.000002 : -0.000079 0.000055 -0.000010
965000.000000 0.000029 -0.000003 : -0.000019 0.000068 0.000040
970000.000000 0.000091 -0.000003 : 0.000054 0.000096 0.000124
975000.000000 -0.000017 -0.000000 : -0.000016 0.000083 -0.000118
980000.000000 0.000048 0.000004 : -0.000021 0.000069 0.000097
985000.000000 -0.000046 -0.000003 : -0.000012 -0.000019 -0.000106
990000.000000 -0.000055 -0.000010 : -0.000060 -0.000075 -0.000030
995000.000000 -0.000038 0.000000 : -0.000048 -0.000087 0.000020
1000000.000000 0.000039 -0.000006 : 0.000077 0.000053 -0.000012
