0.000000 1.000000 1.000000 : 1.000000 1.000000 1.000000
10.000000 0.999596 0.999596 : 0.999596 0.999597 0.999596
20.000000 0.999332 0.999332 : 0.999331 0.999332 0.999332
30.000000 0.998935 0.998935 : 0.998932 0.998936 0.998936
40.000000 0.998464 0.998464 : 0.998458 0.998466 0.998466
50.000000 0.997960 0.997960 : 0.997952 0.997962 0.997965
60.000000 0.997459 0.997459 : 0.997448 0.997462 0.997465
70.000000 0.997095 0.997095 : 0.997082 0.997099 0.997105
80.000000 0.996556 0.996556 : 0.996541 0.996559 0.996568
90.000000 0.996172 0.996172 : 0.996154 0.996175 0.996186
100.000000 0.995732 0.995732 : 0.995712 0.995734 0.995749
110.000000 0.995342 0.995342 : 0.995320 0.995344 0.995362
120.000000 0.995029 0.995029 : 0.995006 0.995030 0.995052
130.000000 0.994694 0.994694 : 0.994669 0.994694 0.994719
140.000000 0.994339 0.994339 : 0.994312 0.994337 0.994367
150.000000 0.993964 0.993964 : 0.993936 0.993961 0.993995
160.000000 0.993606 0.993606 : 0.993577 0.993601 0.993639
170.000000 0.993192 0.993192 : 0.993162 0.993186 0.993229
180.000000 0.992822 0.992822 : 0.992791 0.992813 0.992861
190.000000 0.992394 0.992394 : 0.992362 0.992383 0.992436
200.000000 0.991995 0.991994 : 0.991963 0.991982 0.992039
210.000000 0.991626 0.991626 : 0.991593 0.991612 0.991672
220.000000 0.991214 0.991214 : 0.991182 0.991199 0.991263
230.000000 0.990827 0.990827 : 0.990795 0.990809 0.990877
240.000000 0.990411 0.990411 : 0.990379 0.990392 0.990462
250.000000 0.990055 0.990055 : 0.990024 0.990034 0.990108
260.000000 0.989666 0.989666 : 0.989635 0.989642 0.989720
270.000000 0.989315 0.989315 : 0.989286 0.989290 0.989370
280.000000 0.988976 0.988976 : 0.988947 0.988948 0.989032
290.000000 0.988635 0.988635 : 0.988608 0.988605 0.988692
300.000000 0.988314 0.988314 : 0.988289 0.988282 0.988372
310.000000 0.987957 0.987957 : 0.987934 0.987923 0.988016
320.000000 0.987634 0.987634 : 0.987612 0.987596 0.987692
330.000000 0.987297 0.987297 : 0.987277 0.987257 0.987357
340.000000 0.986980 0.986980 : 0.986962 0.986937 0.987040
350.000000 0.986646 0.986646 : 0.986630 0.986601 0.986706
360.000000 0.986352 0.986352 : 0.986339 0.986304 0.986413
370.000000 0.986047 0.986047 : 0.986036 0.985997 0.986107
380.000000 0.985718 0.985718 : 0.985710 0.985666 0.985779
390.000000 0.985432 0.985432 : 0.985426 0.985377 0.985493
400.000000 0.985130 0.985130 : 0.985126 0.985072 0.985191
410.000000 0.984851 0.984851 : 0.984850 0.984791 0.984912
420.000000 0.984550 0.984550 : 0.984552 0.984487 0.984611
430.000000 0.984287 0.984287 : 0.984292 0.984221 0.984348
440.000000 0.984024 0.984024 : 0.984032 0.983956 0.984084
450.000000 0.983742 0.983742 : 0.983753 0.983671 0.983802
460.000000 0.983484 0.983484 : 0.983497 0.983410 0.983543
470.000000 0.983209 0.983209 : 0.983225 0.983133 0.983268
480.000000 0.982955 0.982955 : 0.982975 0.982877 0.983014
490.000000 0.982688 0.982688 : 0.982710 0.982607 0.982746
500.000000 0.982434 0.982434 : 0.982459 0.982351 0.982492
510.000000 0.982175 0.982175 : 0.982203 0.982090 0.982232
520.000000 0.981917 0.981917 : 0.981949 0.981830 0.981973
530.000000 0.981673 0.981673 : 0.981707 0.981584 0.981728
540.000000 0.981411 0.981411 : 0.981449 0.981320 0.981465
550.000000 0.981164 0.981164 : 0.981204 0.981070 0.981216
560.000000 0.980915 0.980915 : 0.980960 0.980820 0.980966
570.000000 0.980680 0.980680 : 0.980727 0.980583 0.980730
580.000000 0.980431 0.980431 : 0.980482 0.980332 0.980479
590.000000 0.980196 0.980196 : 0.980250 0.980095 0.980243
600.000000 0.979961 0.979961 : 0.980018 0.979858 0.980006
610.000000 0.979718 0.979718 : 0.979778 0.979613 0.979761
620.000000 0.979490 0.979490 : 0.979554 0.979384 0.979533
630.000000 0.979254 0.979254 : 0.979321 0.979147 0.979295
640.000000 0.979026 0.979026 : 0.979096 0.978918 0.979066
650.000000 0.978793 0.978793 : 0.978865 0.978683 0.978831
660.000000 0.978572 0.978572 : 0.978647 0.978460 0.978608
670.000000 0.978343 0.978343 : 0.978421 0.978230 0.978377
680.000000 0.978113 0.978113 : 0.978195 0.977999 0.978146
690.000000 0.977892 0.977892 : 0.977976 0.977777 0.977923
700.000000 0.977667 0.977667 : 0.977754 0.977551 0.977696
710.000000 0.977448 0.977448 : 0.977537 0.977330 0.977475
720.000000 0.977225 0.977225 : 0.977318 0.977107 0.977251
730.000000 0.977009 0.977009 : 0.977104 0.976890 0.977033
740.000000 0.976790 0.976790 : 0.976888 0.976669 0.976812
750.000000 0.976572 0.976572 : 0.976673 0.976451 0.976593
760.000000 0.976359 0.976359 : 0.976462 0.976237 0.976378
770.000000 0.976145 0.976145 : 0.976251 0.976022 0.976162
780.000000 0.975931 0.975931 : 0.976040 0.975808 0.975947
790.000000 0.975718 0.975718 : 0.975829 0.975594 0.975731
800.000000 0.975513 0.975514 : 0.975627 0.975389 0.975525
810.000000 0.975303 0.975303 : 0.975418 0.975177 0.975312
820.000000 0.975091 0.975091 : 0.975209 0.974965 0.975098
830.000000 0.974885 0.974885 : 0.975005 0.974759 0.974890
840.000000 0.974681 0.974681 : 0.974804 0.974555 0.974684
850.000000 0.974476 0.974476 : 0.974602 0.974349 0.974477
860.000000 0.974269 0.974269 : 0.974397 0.974142 0.974269
870.000000 0.974070 0.974070 : 0.974200 0.973942 0.974067
880.000000 0.973868 0.973868 : 0.974001 0.973740 0.973864
890.000000 0.973670 0.973670 : 0.973806 0.973541 0.973664
900.000000 0.973471 0.973471 : 0.973609 0.973341 0.973463
910.000000 0.973272 0.973272 : 0.973412 0.973141 0.973262
920.000000 0.973077 0.973077 : 0.973220 0.972945 0.973065
930.000000 0.972883 0.972883 : 0.973029 0.972751 0.972870
940.000000 0.972690 0.972691 : 0.972839 0.972557 0.972676
950.000000 0.972495 0.972495 : 0.972646 0.972360 0.972478
960.000000 0.972305 0.972305 : 0.972458 0.972170 0.972286
970.000000 0.972116 0.972116 : 0.972271 0.971980 0.972095
980.000000 0.971925 0.971925 : 0.972083 0.971789 0.971903
990.000000 0.971735 0.971736 : 0.971896 0.971599 0.971712
1000.000000 0.971549 0.971549 : 0.971711 0.971412 0.971523
1010.000000 0.971363 0.971364 : 0.971528 0.971227 0.971336
1020.000000 0.971176 0.971177 : 0.971343 0.971039 0.971147
1030.000000 0.970993 0.970993 : 0.971162 0.970856 0.970962
1040.000000 0.970810 0.970810 : 0.970980 0.970673 0.970776
1050.000000 0.970626 0.970627 : 0.970799 0.970489 0.970591
1060.000000 0.970446 0.970446 : 0.970621 0.970309 0.970409
1070.000000 0.970266 0.970267 : 0.970443 0.970129 0.970227
1080.000000 0.970087 0.970087 : 0.970265 0.969949 0.970045
1090.000000 0.969908 0.969908 : 0.970088 0.969771 0.969865
1100.000000 0.969732 0.969733 : 0.969915 0.969595 0.969688
1110.000000 0.969556 0.969556 : 0.969740 0.969418 0.969510
1120.000000 0.969381 0.969381 : 0.969567 0.969243 0.969333
1130.000000 0.969208 0.969208 : 0.969395 0.969070 0.969159
1140.000000 0.969034 0.969035 : 0.969223 0.968896 0.968984
1150.000000 0.968863 0.968863 : 0.969053 0.968724 0.968811
1160.000000 0.968692 0.968693 : 0.968885 0.968553 0.968639
1170.000000 0.968522 0.968522 : 0.968716 0.968382 0.968468
1180.000000 0.968352 0.968353 : 0.968548 0.968212 0.968297
1190.000000 0.968185 0.968185 : 0.968383 0.968044 0.968129
1200.000000 0.968018 0.968018 : 0.968217 0.967876 0.967960
1210.000000 0.967851 0.967852 : 0.968052 0.967709 0.967792
1220.000000 0.967686 0.967686 : 0.967888 0.967543 0.967626
1230.000000 0.967520 0.967521 : 0.967724 0.967378 0.967459
1240.000000 0.967357 0.967357 : 0.967562 0.967213 0.967294
1250.000000 0.967194 0.967194 : 0.967401 0.967050 0.967130
1260.000000 0.967031 0.967031 : 0.967240 0.966887 0.966966
1270.000000 0.966869 0.966869 : 0.967079 0.966725 0.966803
1280.000000 0.966709 0.966709 : 0.966920 0.966564 0.966642
1290.000000 0.966549 0.966549 : 0.966761 0.966404 0.966481
1300.000000 0.966389 0.966390 : 0.966603 0.966244 0.966321
1310.000000 0.966231 0.966231 : 0.966446 0.966086 0.966161
1320.000000 0.966073 0.966073 : 0.966289 0.965927 0.966002
1330.000000 0.965917 0.965917 : 0.966135 0.965770 0.965845
1340.000000 0.965761 0.965762 : 0.965981 0.965614 0.965689
1350.000000 0.965605 0.965605 : 0.965826 0.965457 0.965532
1360.000000 0.965451 0.965451 : 0.965673 0.965301 0.965377
1370.000000 0.965298 0.965298 : 0.965522 0.965148 0.965224
1380.000000 0.965145 0.965145 : 0.965370 0.964994 0.965071
1390.000000 0.964992 0.964992 : 0.965218 0.964840 0.964917
1400.000000 0.964841 0.964841 : 0.965069 0.964688 0.964766
1410.000000 0.964690 0.964691 : 0.964920 0.964537 0.964615
1420.000000 0.964539 0.964540 : 0.964770 0.964385 0.964463
1430.000000 0.964390 0.964391 : 0.964622 0.964235 0.964313
1440.000000 0.964241 0.964242 : 0.964475 0.964086 0.964164
1450.000000 0.964092 0.964093 : 0.964327 0.963936 0.964014
1460.000000 0.963944 0.963945 : 0.964181 0.963787 0.963865
1470.000000 0.963797 0.963798 : 0.964036 0.963639 0.963717
1480.000000 0.963650 0.963650 : 0.963890 0.963491 0.963569
1490.000000 0.963504 0.963504 : 0.963746 0.963344 0.963422
1500.000000 0.963358 0.963359 : 0.963602 0.963197 0.963276
1510.000000 0.963213 0.963213 : 0.963458 0.963051 0.963130
1520.000000 0.963068 0.963069 : 0.963316 0.962905 0.962985
1530.000000 0.962924 0.962925 : 0.963173 0.962760 0.962840
1540.000000 0.962781 0.962781 : 0.963032 0.962615 0.962696
1550.000000 0.962638 0.962639 : 0.962891 0.962471 0.962552
1560.000000 0.962496 0.962497 : 0.962751 0.962328 0.962410
1570.000000 0.962354 0.962355 : 0.962611 0.962185 0.962267
1580.000000 0.962213 0.962214 : 0.962471 0.962043 0.962125
1590.000000 0.962073 0.962073 : 0.962333 0.961902 0.961984
1600.000000 0.961933 0.961933 : 0.962194 0.961761 0.961843
1610.000000 0.961793 0.961794 : 0.962057 0.961620 0.961703
1620.000000 0.961654 0.961655 : 0.961920 0.961480 0.961563
1630.000000 0.961516 0.961517 : 0.961784 0.961341 0.961424
1640.000000 0.961379 0.961379 : 0.961648 0.961202 0.961286
1650.000000 0.961241 0.961242 : 0.961512 0.961063 0.961147
1660.000000 0.961104 0.961105 : 0.961377 0.960925 0.961010
1670.000000 0.960967 0.960968 : 0.961242 0.960787 0.960872
1680.000000 0.960831 0.960832 : 0.961108 0.960650 0.960735
1690.000000 0.960695 0.960696 : 0.960975 0.960513 0.960599
1700.000000 0.960560 0.960561 : 0.960841 0.960376 0.960464
1710.000000 0.960425 0.960426 : 0.960708 0.960240 0.960328
1720.000000 0.960290 0.960291 : 0.960575 0.960104 0.960193
1730.000000 0.960157 0.960157 : 0.960442 0.959969 0.960059
1740.000000 0.960023 0.960024 : 0.960310 0.959834 0.959925
1750.000000 0.959890 0.959890 : 0.960178 0.959699 0.959792
1760.000000 0.959757 0.959758 : 0.960046 0.959566 0.959659
1770.000000 0.959626 0.959626 : 0.959916 0.959433 0.959528
1780.000000 0.959494 0.959495 : 0.959785 0.959300 0.959396
1790.000000 0.959363 0.959363 : 0.959655 0.959168 0.959264
1800.000000 0.959232 0.959233 : 0.959526 0.959036 0.959134
1810.000000 0.959102 0.959103 : 0.959397 0.958905 0.959004
1820.000000 0.958972 0.958973 : 0.959268 0.958774 0.958874
1830.000000 0.958843 0.958844 : 0.959140 0.958644 0.958745
1840.000000 0.958715 0.958715 : 0.959013 0.958514 0.958617
1850.000000 0.958586 0.958587 : 0.958886 0.958385 0.958488
1860.000000 0.958459 0.958459 : 0.958760 0.958256 0.958361
1870.000000 0.958332 0.958332 : 0.958634 0.958127 0.958234
1880.000000 0.958205 0.958206 : 0.958508 0.957999 0.958107
1890.000000 0.958079 0.958079 : 0.958383 0.957871 0.957981
1900.000000 0.957953 0.957953 : 0.958259 0.957744 0.957856
1910.000000 0.957828 0.957828 : 0.958135 0.957618 0.957731
1920.000000 0.957703 0.957703 : 0.958011 0.957491 0.957606
1930.000000 0.957578 0.957578 : 0.957887 0.957365 0.957481
1940.000000 0.957454 0.957454 : 0.957764 0.957240 0.957357
1950.000000 0.957330 0.957330 : 0.957642 0.957115 0.957234
1960.000000 0.957206 0.957207 : 0.957519 0.956990 0.957110
1970.000000 0.957083 0.957083 : 0.957397 0.956865 0.956987
1980.000000 0.956961 0.956961 : 0.957276 0.956741 0.956865
1990.000000 0.956838 0.956839 : 0.957154 0.956618 0.956743
2000.000000 0.956717 0.956717 : 0.957034 0.956495 0.956621
5000.000000 0.931261 0.931260 : 0.931260 0.931252 0.931271
10000.000000 0.903977 0.903975 : 0.903991 0.903883 0.904055
15000.000000 0.882921 0.882920 : 0.882942 0.882792 0.883029
20000.000000 0.864704 0.864703 : 0.864666 0.864584 0.864861
25000.000000 0.848204 0.848202 : 0.848146 0.848114 0.848353
30000.000000 0.833045 0.833043 : 0.833033 0.832931 0.833171
35000.000000 0.818889 0.818886 : 0.818944 0.818780 0.818943
40000.000000 0.805518 0.805516 : 0.805591 0.805403 0.805560
45000.000000 0.792859 0.792861 : 0.792998 0.792652 0.792927
50000.000000 0.780749 0.780752 : 0.780953 0.780500 0.780795
55000.000000 0.769170 0.769176 : 0.769383 0.768982 0.769144
60000.000000 0.758049 0.758063 : 0.758314 0.757816 0.758018
65000.000000 0.747300 0.747315 : 0.747650 0.747051 0.747199
70000.000000 0.736883 0.736902 : 0.737305 0.736669 0.736675
75000.000000 0.726884 0.726900 : 0.727387 0.726708 0.726556
80000.000000 0.717247 0.717267 : 0.717888 0.717076 0.716776
85000.000000 0.707892 0.707925 : 0.708621 0.707752 0.707302
90000.000000 0.698792 0.698832 : 0.699534 0.698703 0.698139
95000.000000 0.689922 0.689966 : 0.690755 0.689869 0.689141
100000.000000 0.681346 0.681390 : 0.682238 0.681309 0.680492
105000.000000 0.672965 0.673009 : 0.673872 0.672989 0.672035
110000.000000 0.664750 0.664799 : 0.665691 0.664817 0.663742
115000.000000 0.656761 0.656820 : 0.657800 0.656815 0.655668
120000.000000 0.648998 0.649057 : 0.650050 0.649125 0.647821
125000.000000 0.641438 0.641499 : 0.642419 0.641666 0.640228
130000.000000 0.634018 0.634085 : 0.634998 0.634358 0.632699
135000.000000 0.626775 0.626851 : 0.627805 0.627164 0.625357
140000.000000 0.619689 0.619760 : 0.620794 0.620068 0.618207
145000.000000 0.612817 0.612881 : 0.613981 0.613167 0.611302
150000.000000 0.606110 0.606180 : 0.607366 0.606440 0.604522
155000.000000 0.599576 0.599642 : 0.600896 0.599957 0.597875
160000.000000 0.593137 0.593195 : 0.594441 0.593572 0.591397
165000.000000 0.586860 0.586904 : 0.588188 0.587386 0.585007
170000.000000 0.580667 0.580705 : 0.582044 0.581238 0.578719
175000.000000 0.574622 0.574650 : 0.575989 0.575209 0.572668
180000.000000 0.568679 0.568700 : 0.570056 0.569277 0.566703
185000.000000 0.562831 0.562851 : 0.564246 0.563455 0.560792
190000.000000 0.557109 0.557117 : 0.558554 0.557768 0.555006
195000.000000 0.551492 0.551485 : 0.552956 0.552158 0.549361
200000.000000 0.545958 0.545938 : 0.547390 0.546649 0.543835
205000.000000 0.540528 0.540498 : 0.541938 0.541223 0.538423
210000.000000 0.535155 0.535120 : 0.536527 0.535854 0.533083
215000.000000 0.529899 0.529852 : 0.531246 0.530561 0.527889
220000.000000 0.524682 0.524630 : 0.526009 0.525322 0.522713
225000.000000 0.519575 0.519513 : 0.520900 0.520255 0.517570
230000.000000 0.514559 0.514486 : 0.515878 0.515275 0.512525
235000.000000 0.509642 0.509556 : 0.510949 0.510399 0.507579
240000.000000 0.504753 0.504665 : 0.506015 0.505544 0.502701
245000.000000 0.499985 0.499887 : 0.501238 0.500835 0.497882
250000.000000 0.495285 0.495184 : 0.496534 0.496154 0.493167
255000.000000 0.490670 0.490573 : 0.491890 0.491563 0.488558
260000.000000 0.486088 0.485985 : 0.487260 0.487028 0.483977
265000.000000 0.481568 0.481456 : 0.482742 0.482511 0.479452
270000.000000 0.477115 0.476997 : 0.478311 0.478071 0.474962
275000.000000 0.472752 0.472628 : 0.473954 0.473748 0.470554
280000.000000 0.468445 0.468317 : 0.469648 0.469441 0.466246
285000.000000 0.464241 0.464112 : 0.465454 0.465249 0.462019
290000.000000 0.460093 0.459959 : 0.461298 0.461157 0.457824
295000.000000 0.456011 0.455872 : 0.457176 0.457111 0.453745
300000.000000 0.451985 0.451844 : 0.453064 0.453190 0.449701
305000.000000 0.447995 0.447840 : 0.449048 0.449276 0.445661
310000.000000 0.444033 0.443880 : 0.445011 0.445398 0.441690
315000.000000 0.440119 0.439966 : 0.441011 0.441538 0.437807
320000.000000 0.436247 0.436088 : 0.437040 0.437733 0.433968
325000.000000 0.432427 0.432284 : 0.433084 0.433940 0.430259
330000.000000 0.428678 0.428543 : 0.429224 0.430241 0.426571
335000.000000 0.424999 0.424876 : 0.425410 0.426622 0.422965
340000.000000 0.421338 0.421221 : 0.421583 0.423027 0.419404
345000.000000 0.417692 0.417596 : 0.417814 0.419462 0.415800
350000.000000 0.414092 0.414014 : 0.414128 0.415931 0.412216
355000.000000 0.410567 0.410511 : 0.410470 0.412459 0.408772
360000.000000 0.407066 0.407034 : 0.406828 0.409021 0.405349
365000.000000 0.403630 0.403618 : 0.403283 0.405603 0.402003
370000.000000 0.400249 0.400256 : 0.399846 0.402216 0.398686
375000.000000 0.396892 0.396904 : 0.396437 0.398851 0.395388
380000.000000 0.393557 0.393588 : 0.393066 0.395520 0.392085
385000.000000 0.390295 0.390339 : 0.389758 0.392284 0.388843
390000.000000 0.387054 0.387123 : 0.386516 0.389044 0.385603
395000.000000 0.383859 0.383942 : 0.383287 0.385869 0.382422
400000.000000 0.380747 0.380838 : 0.380129 0.382779 0.379333
405000.000000 0.377639 0.377752 : 0.376973 0.379711 0.376234
410000.000000 0.374557 0.374694 : 0.373852 0.376651 0.373169
415000.000000 0.371529 0.371688 : 0.370768 0.373629 0.370191
420000.000000 0.368527 0.368692 : 0.367706 0.370669 0.367206
425000.000000 0.365571 0.365743 : 0.364672 0.367763 0.364277
430000.000000 0.362633 0.362813 : 0.361676 0.364883 0.361338
435000.000000 0.359741 0.359900 : 0.358685 0.362013 0.358525
440000.000000 0.356870 0.357042 : 0.355692 0.359147 0.355773
445000.000000 0.354049 0.354228 : 0.352789 0.356319 0.353040
450000.000000 0.351237 0.351421 : 0.349913 0.353513 0.350286
455000.000000 0.348461 0.348649 : 0.347103 0.350746 0.347535
460000.000000 0.345719 0.345918 : 0.344304 0.348010 0.344843
465000.000000 0.343005 0.343218 : 0.341548 0.345306 0.342160
470000.000000 0.340358 0.340574 : 0.338856 0.342682 0.339535
475000.000000 0.337745 0.337958 : 0.336191 0.340114 0.336930
480000.000000 0.335170 0.335373 : 0.333538 0.337570 0.334402
485000.000000 0.332628 0.332828 : 0.330961 0.335032 0.331892
490000.000000 0.330109 0.330306 : 0.328378 0.332542 0.329407
495000.000000 0.327612 0.327804 : 0.325790 0.330084 0.326962
500000.000000 0.325139 0.325312 : 0.323221 0.327656 0.324540
505000.000000 0.322667 0.322842 : 0.320685 0.325170 0.322147
510000.000000 0.320222 0.320404 : 0.318183 0.322711 0.319772
515000.000000 0.317805 0.317989 : 0.315675 0.320299 0.317440
520000.000000 0.315391 0.315585 : 0.313241 0.317860 0.315073
525000.000000 0.313022 0.313208 : 0.310844 0.315458 0.312763
530000.000000 0.310673 0.310856 : 0.308413 0.313106 0.310501
535000.000000 0.308341 0.308527 : 0.306020 0.310761 0.308240
540000.000000 0.306044 0.306232 : 0.303697 0.308466 0.305969
545000.000000 0.303776 0.303955 : 0.301381 0.306204 0.303741
550000.000000 0.301501 0.301682 : 0.299051 0.303964 0.301488
555000.000000 0.299281 0.299468 : 0.296730 0.301809 0.299305
560000.000000 0.297099 0.297284 : 0.294491 0.299660 0.297147
565000.000000 0.294944 0.295134 : 0.292301 0.297506 0.295025
570000.000000 0.292803 0.292998 : 0.290090 0.295402 0.292918
575000.000000 0.290670 0.290896 : 0.287880 0.293313 0.290817
580000.000000 0.288568 0.288794 : 0.285731 0.291199 0.288773
585000.000000 0.286469 0.286692 : 0.283559 0.289117 0.286729
590000.000000 0.284393 0.284611 : 0.281425 0.287071 0.284682
595000.000000 0.282338 0.282570 : 0.279330 0.284999 0.282687
600000.000000 0.280283 0.280533 : 0.277258 0.282926 0.280666
605000.000000 0.278274 0.278530 : 0.275216 0.280905 0.278702
610000.000000 0.276271 0.276541 : 0.273162 0.278912 0.276739
615000.000000 0.274276 0.274559 : 0.271111 0.276949 0.274767
620000.000000 0.272330 0.272610 : 0.269144 0.275040 0.272807
625000.000000 0.270372 0.270657 : 0.267131 0.273139 0.270845
630000.000000 0.268415 0.268705 : 0.265098 0.271245 0.268902
635000.000000 0.266493 0.266774 : 0.263091 0.269354 0.267035
640000.000000 0.264566 0.264857 : 0.261050 0.267526 0.265121
645000.000000 0.262685 0.262971 : 0.259077 0.265728 0.263251
650000.000000 0.260822 0.261108 : 0.257145 0.263908 0.261413
655000.000000 0.258999 0.259277 : 0.255300 0.262124 0.259571
660000.000000 0.257190 0.257457 : 0.253450 0.260356 0.257765
665000.000000 0.255395 0.255654 : 0.251606 0.258613 0.255965
670000.000000 0.253599 0.253845 : 0.249772 0.256880 0.254145
675000.000000 0.251808 0.252050 : 0.247918 0.255160 0.252346
680000.000000 0.250059 0.250308 : 0.246067 0.253485 0.250625
685000.000000 0.248292 0.248542 : 0.244192 0.251775 0.248908
690000.000000 0.246561 0.246810 : 0.242375 0.250096 0.247210
695000.000000 0.244852 0.245092 : 0.240585 0.248440 0.245532
700000.000000 0.243142 0.243378 : 0.238787 0.246780 0.243859
705000.000000 0.241490 0.241716 : 0.237051 0.245179 0.242240
710000.000000 0.239832 0.240042 : 0.235351 0.243566 0.240579
715000.000000 0.238182 0.238391 : 0.233662 0.241954 0.238931
720000.000000 0.236564 0.236758 : 0.231993 0.240377 0.237323
725000.000000 0.234920 0.235105 : 0.230311 0.238782 0.235668
730000.000000 0.233281 0.233465 : 0.228659 0.237137 0.234046
735000.000000 0.231693 0.231867 : 0.227069 0.235584 0.232425
740000.000000 0.230101 0.230276 : 0.225467 0.233994 0.230841
745000.000000 0.228503 0.228688 : 0.223856 0.232379 0.229276
750000.000000 0.226950 0.227119 : 0.222259 0.230816 0.227775
755000.000000 0.225380 0.225545 : 0.220665 0.229265 0.226209
760000.000000 0.223807 0.223982 : 0.219068 0.227674 0.224680
765000.000000 0.222270 0.222443 : 0.217463 0.226181 0.223167
770000.000000 0.220751 0.220914 : 0.215920 0.224689 0.221645
775000.000000 0.219248 0.219417 : 0.214393 0.223184 0.220165
780000.000000 0.217758 0.217935 : 0.212869 0.221715 0.218690
785000.000000 0.216259 0.216445 : 0.211376 0.220218 0.217182
790000.000000 0.214770 0.214971 : 0.209908 0.218735 0.215666
795000.000000 0.213307 0.213513 : 0.208420 0.217296 0.214204
800000.000000 0.211867 0.212079 : 0.206963 0.215863 0.212773
805000.000000 0.210438 0.210655 : 0.205518 0.214458 0.211337
810000.000000 0.209042 0.209265 : 0.204099 0.213060 0.209969
815000.000000 0.207644 0.207875 : 0.202666 0.211676 0.208592
820000.000000 0.206271 0.206505 : 0.201231 0.210296 0.207286
825000.000000 0.204923 0.205131 : 0.199807 0.208978 0.205984
830000.000000 0.203575 0.203768 : 0.198393 0.207653 0.204678
835000.000000 0.202236 0.202437 : 0.196990 0.206356 0.203361
840000.000000 0.200924 0.201107 : 0.195580 0.205133 0.202060
845000.000000 0.199567 0.199758 : 0.194170 0.203784 0.200747
850000.000000 0.198231 0.198418 : 0.192779 0.202442 0.199473
855000.000000 0.196915 0.197079 : 0.191406 0.201142 0.198198
860000.000000 0.195594 0.195745 : 0.190034 0.199866 0.196883
865000.000000 0.194271 0.194426 : 0.188723 0.198554 0.195537
870000.000000 0.192992 0.193140 : 0.187391 0.197309 0.194274
875000.000000 0.191730 0.191855 : 0.186093 0.196101 0.192997
880000.000000 0.190475 0.190592 : 0.184804 0.194901 0.191721
885000.000000 0.189237 0.189339 : 0.183507 0.193652 0.190552
890000.000000 0.187968 0.188078 : 0.182181 0.192432 0.189289
895000.000000 0.186727 0.186844 : 0.180904 0.191229 0.188048
900000.000000 0.185505 0.185630 : 0.179653 0.190032 0.186829
905000.000000 0.184275 0.184409 : 0.178388 0.188884 0.185554
910000.000000 0.183082 0.183205 : 0.177174 0.187722 0.184351
915000.000000 0.181856 0.182001 : 0.175884 0.186556 0.183128
920000.000000 0.180669 0.180828 : 0.174701 0.185395 0.181912
925000.000000 0.179472 0.179638 : 0.173459 0.184261 0.180696
930000.000000 0.178285 0.178462 : 0.172276 0.183052 0.179526
935000.000000 0.177074 0.177253 : 0.171069 0.181811 0.178342
940000.000000 0.175895 0.176089 : 0.169898 0.180660 0.177127
945000.000000 0.174734 0.174935 : 0.168739 0.179477 0.175984
950000.000000 0.173565 0.173778 : 0.167560 0.178292 0.174842
955000.000000 0.172405 0.172641 : 0.166417 0.177092 0.173707
960000.000000 0.171262 0.171512 : 0.165289 0.175921 0.172574
965000.000000 0.170119 0.170379 : 0.164187 0.174738 0.171431
970000.000000 0.169006 0.169282 : 0.163147 0.173581 0.170291
975000.000000 0.167924 0.168191 : 0.162100 0.172410 0.169263
980000.000000 0.166846 0.167120 : 0.161033 0.171312 0.168192
985000.000000 0.165768 0.166057 : 0.159982 0.170209 0.167113
990000.000000 0.164706 0.164992 : 0.158930 0.169108 0.166080
995000.000000 0.163637 0.163932 : 0.157890 0.168040 0.164981
1000000.000000 0.162579 0.162884 : 0.156867 0.166967 0.163904
