0.000000 1.000000 1.000000 : 1.000000 1.000000 1.000000
10.000000 0.999899 0.999899 : 0.999899 0.999899 0.999899
20.000000 0.999833 0.999833 : 0.999833 0.999833 0.999833
30.000000 0.999734 0.999734 : 0.999733 0.999734 0.999734
40.000000 0.999616 0.999616 : 0.999614 0.999616 0.999616
50.000000 0.999489 0.999489 : 0.999487 0.999490 0.999491
60.000000 0.999364 0.999364 : 0.999361 0.999365 0.999365
70.000000 0.999272 0.999272 : 0.999269 0.999273 0.999275
80.000000 0.999137 0.999137 : 0.999133 0.999138 0.999140
90.000000 0.999041 0.999041 : 0.999036 0.999041 0.999044
100.000000 0.998930 0.998930 : 0.998925 0.998931 0.998934
110.000000 0.998832 0.998832 : 0.998827 0.998833 0.998837
120.000000 0.998753 0.998753 : 0.998747 0.998754 0.998759
130.000000 0.998669 0.998669 : 0.998663 0.998669 0.998675
140.000000 0.998580 0.998580 : 0.998573 0.998579 0.998587
150.000000 0.998485 0.998485 : 0.998478 0.998485 0.998493
160.000000 0.998395 0.998395 : 0.998388 0.998394 0.998404
170.000000 0.998291 0.998291 : 0.998283 0.998289 0.998300
180.000000 0.998198 0.998198 : 0.998190 0.998196 0.998208
190.000000 0.998090 0.998090 : 0.998082 0.998087 0.998100
200.000000 0.997989 0.997989 : 0.997981 0.997986 0.998000
210.000000 0.997896 0.997896 : 0.997888 0.997893 0.997908
220.000000 0.997792 0.997792 : 0.997784 0.997788 0.997804
230.000000 0.997694 0.997694 : 0.997686 0.997690 0.997707
240.000000 0.997589 0.997589 : 0.997581 0.997585 0.997602
250.000000 0.997499 0.997499 : 0.997491 0.997494 0.997513
260.000000 0.997401 0.997401 : 0.997393 0.997395 0.997415
270.000000 0.997312 0.997312 : 0.997305 0.997306 0.997326
280.000000 0.997226 0.997226 : 0.997219 0.997219 0.997240
290.000000 0.997140 0.997140 : 0.997133 0.997132 0.997154
300.000000 0.997059 0.997059 : 0.997052 0.997051 0.997073
310.000000 0.996968 0.996968 : 0.996962 0.996960 0.996983
320.000000 0.996886 0.996886 : 0.996881 0.996877 0.996901
330.000000 0.996801 0.996801 : 0.996796 0.996791 0.996816
340.000000 0.996720 0.996720 : 0.996716 0.996710 0.996736
350.000000 0.996636 0.996636 : 0.996632 0.996624 0.996651
360.000000 0.996561 0.996561 : 0.996558 0.996549 0.996576
370.000000 0.996484 0.996484 : 0.996481 0.996471 0.996499
380.000000 0.996400 0.996400 : 0.996398 0.996387 0.996416
390.000000 0.996327 0.996327 : 0.996326 0.996313 0.996343
400.000000 0.996251 0.996251 : 0.996250 0.996236 0.996266
410.000000 0.996180 0.996180 : 0.996180 0.996165 0.996195
420.000000 0.996103 0.996103 : 0.996104 0.996087 0.996119
430.000000 0.996036 0.996036 : 0.996038 0.996020 0.996052
440.000000 0.995969 0.995969 : 0.995971 0.995952 0.995985
450.000000 0.995898 0.995898 : 0.995900 0.995880 0.995913
460.000000 0.995832 0.995832 : 0.995835 0.995813 0.995847
470.000000 0.995762 0.995762 : 0.995766 0.995743 0.995777
480.000000 0.995697 0.995697 : 0.995702 0.995678 0.995712
490.000000 0.995629 0.995629 : 0.995635 0.995609 0.995644
500.000000 0.995565 0.995565 : 0.995571 0.995544 0.995579
510.000000 0.995499 0.995499 : 0.995506 0.995477 0.995513
520.000000 0.995433 0.995433 : 0.995441 0.995411 0.995447
530.000000 0.995371 0.995371 : 0.995379 0.995348 0.995385
540.000000 0.995304 0.995304 : 0.995313 0.995281 0.995318
550.000000 0.995241 0.995241 : 0.995251 0.995217 0.995254
560.000000 0.995177 0.995177 : 0.995189 0.995153 0.995190
570.000000 0.995117 0.995117 : 0.995129 0.995093 0.995130
580.000000 0.995054 0.995054 : 0.995067 0.995029 0.995066
590.000000 0.994994 0.994994 : 0.995008 0.994968 0.995006
600.000000 0.994934 0.994934 : 0.994948 0.994908 0.994945
610.000000 0.994872 0.994872 : 0.994887 0.994845 0.994883
620.000000 0.994814 0.994814 : 0.994830 0.994787 0.994824
630.000000 0.994753 0.994753 : 0.994770 0.994726 0.994764
640.000000 0.994695 0.994695 : 0.994713 0.994667 0.994705
650.000000 0.994635 0.994635 : 0.994654 0.994607 0.994645
660.000000 0.994579 0.994579 : 0.994598 0.994551 0.994588
670.000000 0.994520 0.994520 : 0.994540 0.994492 0.994529
680.000000 0.994462 0.994462 : 0.994482 0.994433 0.994470
690.000000 0.994405 0.994405 : 0.994427 0.994376 0.994413
700.000000 0.994347 0.994347 : 0.994370 0.994318 0.994355
710.000000 0.994291 0.994291 : 0.994314 0.994261 0.994298
720.000000 0.994234 0.994234 : 0.994258 0.994204 0.994241
730.000000 0.994179 0.994179 : 0.994203 0.994149 0.994185
740.000000 0.994123 0.994123 : 0.994148 0.994092 0.994129
750.000000 0.994067 0.994067 : 0.994093 0.994036 0.994072
760.000000 0.994013 0.994013 : 0.994039 0.993981 0.994017
770.000000 0.993958 0.993958 : 0.993985 0.993926 0.993962
780.000000 0.993903 0.993903 : 0.993931 0.993871 0.993907
790.000000 0.993848 0.993848 : 0.993877 0.993816 0.993852
800.000000 0.993796 0.993796 : 0.993825 0.993764 0.993799
810.000000 0.993742 0.993742 : 0.993771 0.993710 0.993744
820.000000 0.993687 0.993687 : 0.993718 0.993655 0.993689
830.000000 0.993635 0.993635 : 0.993666 0.993602 0.993636
840.000000 0.993582 0.993582 : 0.993614 0.993550 0.993583
850.000000 0.993530 0.993530 : 0.993562 0.993497 0.993530
860.000000 0.993477 0.993477 : 0.993510 0.993444 0.993476
870.000000 0.993425 0.993425 : 0.993459 0.993392 0.993425
880.000000 0.993374 0.993374 : 0.993408 0.993340 0.993372
890.000000 0.993323 0.993323 : 0.993358 0.993289 0.993321
900.000000 0.993272 0.993272 : 0.993307 0.993238 0.993269
910.000000 0.993220 0.993220 : 0.993257 0.993187 0.993218
920.000000 0.993170 0.993170 : 0.993207 0.993136 0.993167
930.000000 0.993120 0.993120 : 0.993158 0.993086 0.993117
940.000000 0.993071 0.993071 : 0.993109 0.993036 0.993067
950.000000 0.993021 0.993021 : 0.993060 0.992986 0.993016
960.000000 0.992972 0.992972 : 0.993011 0.992937 0.992967
970.000000 0.992923 0.992923 : 0.992963 0.992888 0.992918
980.000000 0.992874 0.992874 : 0.992915 0.992839 0.992868
990.000000 0.992825 0.992825 : 0.992867 0.992790 0.992819
1000.000000 0.992777 0.992777 : 0.992819 0.992742 0.992771
1010.000000 0.992730 0.992730 : 0.992772 0.992694 0.992723
1020.000000 0.992681 0.992681 : 0.992724 0.992646 0.992674
1030.000000 0.992634 0.992634 : 0.992678 0.992599 0.992626
1040.000000 0.992587 0.992587 : 0.992631 0.992551 0.992579
1050.000000 0.992540 0.992540 : 0.992584 0.992504 0.992531
1060.000000 0.992493 0.992493 : 0.992538 0.992458 0.992484
1070.000000 0.992447 0.992447 : 0.992493 0.992411 0.992437
1080.000000 0.992401 0.992401 : 0.992447 0.992365 0.992390
1090.000000 0.992355 0.992355 : 0.992401 0.992319 0.992344
1100.000000 0.992309 0.992309 : 0.992356 0.992273 0.992298
1110.000000 0.992264 0.992264 : 0.992311 0.992228 0.992252
1120.000000 0.992219 0.992219 : 0.992267 0.992183 0.992207
1130.000000 0.992174 0.992174 : 0.992223 0.992138 0.992162
1140.000000 0.992129 0.992129 : 0.992178 0.992093 0.992116
1150.000000 0.992085 0.992085 : 0.992134 0.992048 0.992072
1160.000000 0.992041 0.992041 : 0.992091 0.992004 0.992028
1170.000000 0.991997 0.991997 : 0.992047 0.991960 0.991983
1180.000000 0.991953 0.991953 : 0.992004 0.991916 0.991939
1190.000000 0.991910 0.991910 : 0.991961 0.991873 0.991896
1200.000000 0.991867 0.991867 : 0.991919 0.991830 0.991852
1210.000000 0.991824 0.991824 : 0.991876 0.991786 0.991809
1220.000000 0.991781 0.991781 : 0.991834 0.991743 0.991766
1230.000000 0.991738 0.991738 : 0.991791 0.991700 0.991723
1240.000000 0.991696 0.991696 : 0.991749 0.991658 0.991680
1250.000000 0.991654 0.991654 : 0.991708 0.991616 0.991638
1260.000000 0.991612 0.991612 : 0.991666 0.991574 0.991595
1270.000000 0.991570 0.991570 : 0.991624 0.991532 0.991553
1280.000000 0.991528 0.991528 : 0.991583 0.991490 0.991511
1290.000000 0.991487 0.991487 : 0.991542 0.991448 0.991470
1300.000000 0.991446 0.991446 : 0.991501 0.991407 0.991428
1310.000000 0.991405 0.991405 : 0.991461 0.991366 0.991387
1320.000000 0.991364 0.991364 : 0.991420 0.991325 0.991346
1330.000000 0.991323 0.991323 : 0.991380 0.991284 0.991305
1340.000000 0.991283 0.991283 : 0.991340 0.991244 0.991265
1350.000000 0.991243 0.991243 : 0.991300 0.991203 0.991224
1360.000000 0.991203 0.991203 : 0.991261 0.991163 0.991184
1370.000000 0.991163 0.991163 : 0.991222 0.991123 0.991145
1380.000000 0.991123 0.991123 : 0.991182 0.991083 0.991105
1390.000000 0.991084 0.991084 : 0.991143 0.991043 0.991065
1400.000000 0.991045 0.991045 : 0.991104 0.991004 0.991026
1410.000000 0.991006 0.991006 : 0.991066 0.990965 0.990987
1420.000000 0.990967 0.990967 : 0.991027 0.990925 0.990947
1430.000000 0.990928 0.990928 : 0.990989 0.990886 0.990909
1440.000000 0.990889 0.990889 : 0.990950 0.990848 0.990870
1450.000000 0.990851 0.990851 : 0.990912 0.990809 0.990831
1460.000000 0.990812 0.990812 : 0.990874 0.990770 0.990792
1470.000000 0.990774 0.990774 : 0.990837 0.990732 0.990754
1480.000000 0.990736 0.990736 : 0.990799 0.990693 0.990716
1490.000000 0.990698 0.990698 : 0.990761 0.990655 0.990677
1500.000000 0.990660 0.990660 : 0.990724 0.990617 0.990640
1510.000000 0.990623 0.990623 : 0.990687 0.990579 0.990602
1520.000000 0.990585 0.990585 : 0.990650 0.990541 0.990564
1530.000000 0.990548 0.990548 : 0.990613 0.990503 0.990526
1540.000000 0.990510 0.990510 : 0.990576 0.990466 0.990489
1550.000000 0.990473 0.990473 : 0.990540 0.990428 0.990452
1560.000000 0.990437 0.990437 : 0.990503 0.990391 0.990415
1570.000000 0.990400 0.990400 : 0.990467 0.990354 0.990378
1580.000000 0.990363 0.990363 : 0.990431 0.990317 0.990341
1590.000000 0.990327 0.990327 : 0.990395 0.990280 0.990304
1600.000000 0.990290 0.990290 : 0.990359 0.990244 0.990268
1610.000000 0.990254 0.990254 : 0.990323 0.990207 0.990231
1620.000000 0.990218 0.990218 : 0.990288 0.990171 0.990195
1630.000000 0.990182 0.990182 : 0.990252 0.990134 0.990159
1640.000000 0.990146 0.990146 : 0.990217 0.990098 0.990123
1650.000000 0.990110 0.990110 : 0.990182 0.990062 0.990087
1660.000000 0.990075 0.990075 : 0.990147 0.990026 0.990051
1670.000000 0.990039 0.990039 : 0.990112 0.989990 0.990015
1680.000000 0.990004 0.990004 : 0.990077 0.989955 0.989980
1690.000000 0.989969 0.989969 : 0.990042 0.989919 0.989944
1700.000000 0.989933 0.989933 : 0.990008 0.989883 0.989909
1710.000000 0.989898 0.989898 : 0.989973 0.989848 0.989874
1720.000000 0.989863 0.989863 : 0.989938 0.989812 0.989839
1730.000000 0.989828 0.989828 : 0.989904 0.989777 0.989804
1740.000000 0.989794 0.989794 : 0.989870 0.989742 0.989769
1750.000000 0.989759 0.989759 : 0.989835 0.989707 0.989734
1760.000000 0.989724 0.989724 : 0.989801 0.989672 0.989700
1770.000000 0.989690 0.989690 : 0.989767 0.989638 0.989666
1780.000000 0.989656 0.989656 : 0.989733 0.989603 0.989631
1790.000000 0.989622 0.989622 : 0.989699 0.989569 0.989597
1800.000000 0.989588 0.989588 : 0.989666 0.989534 0.989563
1810.000000 0.989554 0.989554 : 0.989632 0.989500 0.989529
1820.000000 0.989520 0.989520 : 0.989599 0.989466 0.989495
1830.000000 0.989486 0.989486 : 0.989565 0.989432 0.989462
1840.000000 0.989453 0.989453 : 0.989532 0.989398 0.989428
1850.000000 0.989419 0.989419 : 0.989499 0.989364 0.989395
1860.000000 0.989386 0.989386 : 0.989466 0.989331 0.989362
1870.000000 0.989353 0.989353 : 0.989433 0.989297 0.989329
1880.000000 0.989320 0.989320 : 0.989401 0.989264 0.989296
1890.000000 0.989287 0.989287 : 0.989368 0.989230 0.989263
1900.000000 0.989254 0.989254 : 0.989336 0.989197 0.989230
1910.000000 0.989222 0.989222 : 0.989303 0.989164 0.989197
1920.000000 0.989189 0.989189 : 0.989271 0.989131 0.989165
1930.000000 0.989156 0.989157 : 0.989239 0.989098 0.989132
1940.000000 0.989124 0.989124 : 0.989207 0.989065 0.989100
1950.000000 0.989092 0.989092 : 0.989175 0.989033 0.989068
1960.000000 0.989060 0.989060 : 0.989143 0.989000 0.989035
1970.000000 0.989027 0.989027 : 0.989111 0.988968 0.989003
1980.000000 0.988995 0.988995 : 0.989080 0.988935 0.988971
1990.000000 0.988963 0.988963 : 0.989048 0.988903 0.988940
2000.000000 0.988932 0.988932 : 0.989016 0.988871 0.988908
5000.000000 0.982206 0.982206 : 0.982206 0.982204 0.982209
10000.000000 0.974811 0.974811 : 0.974814 0.974787 0.974832
15000.000000 0.968975 0.968975 : 0.968981 0.968941 0.969004
20000.000000 0.963836 0.963836 : 0.963824 0.963804 0.963879
25000.000000 0.959107 0.959107 : 0.959089 0.959084 0.959148
30000.000000 0.954699 0.954699 : 0.954696 0.954669 0.954732
35000.000000 0.950528 0.950527 : 0.950544 0.950499 0.950539
40000.000000 0.946538 0.946538 : 0.946561 0.946509 0.946544
45000.000000 0.942714 0.942715 : 0.942757 0.942660 0.942726
50000.000000 0.939015 0.939016 : 0.939077 0.938951 0.939017
55000.000000 0.935438 0.935439 : 0.935500 0.935395 0.935419
60000.000000 0.931966 0.931967 : 0.932044 0.931911 0.931943
65000.000000 0.928573 0.928574 : 0.928676 0.928517 0.928526
70000.000000 0.925251 0.925253 : 0.925374 0.925205 0.925174
75000.000000 0.922028 0.922029 : 0.922175 0.921994 0.921914
80000.000000 0.918892 0.918894 : 0.919084 0.918863 0.918729
85000.000000 0.915820 0.915823 : 0.916044 0.915803 0.915614
90000.000000 0.912802 0.912805 : 0.913034 0.912803 0.912568
95000.000000 0.909829 0.909833 : 0.910091 0.909839 0.909556
100000.000000 0.906931 0.906935 : 0.907218 0.906948 0.906628
105000.000000 0.904073 0.904076 : 0.904368 0.904112 0.903738
110000.000000 0.901245 0.901249 : 0.901559 0.901297 0.900880
115000.000000 0.898474 0.898479 : 0.898827 0.898518 0.898078
120000.000000 0.895753 0.895758 : 0.896121 0.895813 0.895324
125000.000000 0.893082 0.893087 : 0.893431 0.893173 0.892641
130000.000000 0.890438 0.890443 : 0.890793 0.890564 0.889957
135000.000000 0.887837 0.887843 : 0.888218 0.887976 0.887315
140000.000000 0.885266 0.885271 : 0.885679 0.885406 0.884712
145000.000000 0.882748 0.882753 : 0.883191 0.882879 0.882175
150000.000000 0.880276 0.880281 : 0.880758 0.880401 0.879670
155000.000000 0.877847 0.877852 : 0.878355 0.877994 0.877194
160000.000000 0.875432 0.875436 : 0.875945 0.875601 0.874751
165000.000000 0.873057 0.873060 : 0.873586 0.873262 0.872324
170000.000000 0.870700 0.870702 : 0.871257 0.870923 0.869920
175000.000000 0.868378 0.868379 : 0.868940 0.868609 0.867585
180000.000000 0.866079 0.866079 : 0.866651 0.866313 0.865274
185000.000000 0.863803 0.863803 : 0.864396 0.864044 0.862970
190000.000000 0.861557 0.861556 : 0.862166 0.861804 0.860701
195000.000000 0.859334 0.859331 : 0.859960 0.859579 0.858463
200000.000000 0.857128 0.857124 : 0.857756 0.857378 0.856251
205000.000000 0.854949 0.854943 : 0.855581 0.855190 0.854074
210000.000000 0.852776 0.852770 : 0.853405 0.853009 0.851914
215000.000000 0.850633 0.850627 : 0.851263 0.850845 0.849792
220000.000000 0.848496 0.848489 : 0.849128 0.848690 0.847672
225000.000000 0.846383 0.846375 : 0.847020 0.846582 0.845548
230000.000000 0.844294 0.844285 : 0.844935 0.844500 0.843448
235000.000000 0.842232 0.842221 : 0.842874 0.842448 0.841374
240000.000000 0.840169 0.840158 : 0.840803 0.840393 0.839311
245000.000000 0.838139 0.838126 : 0.838776 0.838386 0.837254
250000.000000 0.836131 0.836118 : 0.836775 0.836383 0.835235
255000.000000 0.834143 0.834130 : 0.834789 0.834405 0.833235
260000.000000 0.832158 0.832145 : 0.832796 0.832435 0.831244
265000.000000 0.830181 0.830167 : 0.830822 0.830458 0.829264
270000.000000 0.828224 0.828209 : 0.828881 0.828507 0.827285
275000.000000 0.826290 0.826274 : 0.826955 0.826588 0.825327
280000.000000 0.824367 0.824351 : 0.825028 0.824677 0.823395
285000.000000 0.822474 0.822458 : 0.823139 0.822791 0.821493
290000.000000 0.820592 0.820575 : 0.821257 0.820931 0.819589
295000.000000 0.818726 0.818709 : 0.819383 0.819081 0.817715
300000.000000 0.816874 0.816857 : 0.817510 0.817265 0.815847
305000.000000 0.815025 0.815007 : 0.815658 0.815441 0.813978
310000.000000 0.813187 0.813169 : 0.813796 0.813633 0.812132
315000.000000 0.811361 0.811343 : 0.811938 0.811825 0.810319
320000.000000 0.809534 0.809517 : 0.810080 0.810016 0.808507
325000.000000 0.807726 0.807711 : 0.808223 0.808220 0.806736
330000.000000 0.805937 0.805922 : 0.806401 0.806442 0.804967
335000.000000 0.804174 0.804162 : 0.804596 0.804702 0.803224
340000.000000 0.802413 0.802402 : 0.802774 0.802968 0.801497
345000.000000 0.800649 0.800640 : 0.800963 0.801237 0.799746
350000.000000 0.798898 0.798892 : 0.799177 0.799514 0.798004
355000.000000 0.797170 0.797167 : 0.797391 0.797810 0.796310
360000.000000 0.795445 0.795444 : 0.795599 0.796124 0.794612
365000.000000 0.793737 0.793739 : 0.793848 0.794426 0.792937
370000.000000 0.792046 0.792050 : 0.792133 0.792732 0.791272
375000.000000 0.790354 0.790359 : 0.790418 0.791031 0.789614
380000.000000 0.788667 0.788674 : 0.788719 0.789341 0.787941
385000.000000 0.787002 0.787010 : 0.787036 0.787687 0.786281
390000.000000 0.785343 0.785354 : 0.785368 0.786019 0.784642
395000.000000 0.783697 0.783710 : 0.783707 0.784371 0.783014
400000.000000 0.782079 0.782093 : 0.782070 0.782758 0.781410
405000.000000 0.780463 0.780480 : 0.780439 0.781141 0.779808
410000.000000 0.778849 0.778869 : 0.778807 0.779530 0.778210
415000.000000 0.777249 0.777272 : 0.777181 0.777932 0.776635
420000.000000 0.775655 0.775679 : 0.775574 0.776342 0.775049
425000.000000 0.774064 0.774090 : 0.773959 0.774755 0.773479
430000.000000 0.772474 0.772499 : 0.772345 0.773182 0.771894
435000.000000 0.770891 0.770914 : 0.770718 0.771613 0.770341
440000.000000 0.769320 0.769345 : 0.769087 0.770048 0.768824
445000.000000 0.767769 0.767795 : 0.767507 0.768496 0.767306
450000.000000 0.766221 0.766248 : 0.765930 0.766955 0.765778
455000.000000 0.764681 0.764709 : 0.764375 0.765418 0.764250
460000.000000 0.763161 0.763190 : 0.762827 0.763905 0.762750
465000.000000 0.761648 0.761679 : 0.761292 0.762405 0.761246
470000.000000 0.760149 0.760181 : 0.759787 0.760920 0.759740
475000.000000 0.758652 0.758683 : 0.758268 0.759450 0.758238
480000.000000 0.757163 0.757193 : 0.756756 0.757975 0.756758
485000.000000 0.755685 0.755715 : 0.755264 0.756499 0.755293
490000.000000 0.754215 0.754245 : 0.753769 0.755047 0.753830
495000.000000 0.752751 0.752782 : 0.752273 0.753608 0.752372
500000.000000 0.751286 0.751316 : 0.750776 0.752164 0.750918
505000.000000 0.749823 0.749854 : 0.749294 0.750694 0.749480
510000.000000 0.748370 0.748403 : 0.747813 0.749243 0.748054
515000.000000 0.746921 0.746955 : 0.746324 0.747800 0.746638
520000.000000 0.745471 0.745508 : 0.744860 0.746341 0.745212
525000.000000 0.744030 0.744066 : 0.743395 0.744889 0.743807
530000.000000 0.742593 0.742630 : 0.741918 0.743455 0.742405
535000.000000 0.741162 0.741202 : 0.740454 0.742019 0.741014
540000.000000 0.739744 0.739785 : 0.739017 0.740596 0.739619
545000.000000 0.738333 0.738375 : 0.737568 0.739184 0.738247
550000.000000 0.736913 0.736957 : 0.736112 0.737768 0.736859
555000.000000 0.735515 0.735562 : 0.734666 0.736384 0.735496
560000.000000 0.734126 0.734174 : 0.733241 0.734991 0.734147
565000.000000 0.732747 0.732796 : 0.731819 0.733612 0.732808
570000.000000 0.731368 0.731418 : 0.730399 0.732238 0.731465
575000.000000 0.729999 0.730055 : 0.728984 0.730877 0.730137
580000.000000 0.728631 0.728688 : 0.727575 0.729509 0.728810
585000.000000 0.727265 0.727323 : 0.726157 0.728146 0.727492
590000.000000 0.725907 0.725965 : 0.724767 0.726790 0.726164
595000.000000 0.724550 0.724613 : 0.723379 0.725413 0.724860
600000.000000 0.723205 0.723270 : 0.722005 0.724057 0.723554
605000.000000 0.721865 0.721932 : 0.720635 0.722706 0.722253
610000.000000 0.720529 0.720600 : 0.719270 0.721342 0.720976
615000.000000 0.719188 0.719263 : 0.717900 0.719997 0.719668
620000.000000 0.717862 0.717937 : 0.716564 0.718665 0.718356
625000.000000 0.716530 0.716608 : 0.715205 0.717343 0.717042
630000.000000 0.715200 0.715281 : 0.713848 0.716013 0.715740
635000.000000 0.713879 0.713960 : 0.712488 0.714693 0.714455
640000.000000 0.712562 0.712647 : 0.711127 0.713398 0.713161
645000.000000 0.711255 0.711341 : 0.709780 0.712106 0.711878
650000.000000 0.709955 0.710045 : 0.708443 0.710803 0.710619
655000.000000 0.708660 0.708751 : 0.707119 0.709524 0.709337
660000.000000 0.707373 0.707464 : 0.705799 0.708245 0.708073
665000.000000 0.706085 0.706179 : 0.704483 0.706965 0.706807
670000.000000 0.704794 0.704889 : 0.703157 0.705691 0.705534
675000.000000 0.703507 0.703604 : 0.701837 0.704425 0.704259
680000.000000 0.702235 0.702334 : 0.700526 0.703178 0.703000
685000.000000 0.700960 0.701062 : 0.699211 0.701917 0.701750
690000.000000 0.699693 0.699797 : 0.697914 0.700644 0.700522
695000.000000 0.698422 0.698527 : 0.696612 0.699373 0.699282
700000.000000 0.697151 0.697257 : 0.695299 0.698105 0.698047
705000.000000 0.695901 0.696010 : 0.694022 0.696866 0.696815
710000.000000 0.694651 0.694760 : 0.692742 0.695629 0.695581
715000.000000 0.693404 0.693516 : 0.691475 0.694393 0.694345
720000.000000 0.692167 0.692280 : 0.690212 0.693164 0.693126
725000.000000 0.690916 0.691031 : 0.688935 0.691924 0.691890
730000.000000 0.689675 0.689792 : 0.687678 0.690680 0.690667
735000.000000 0.688439 0.688559 : 0.686434 0.689447 0.689437
740000.000000 0.687213 0.687336 : 0.685190 0.688212 0.688238
745000.000000 0.685989 0.686114 : 0.683945 0.686974 0.687047
750000.000000 0.684764 0.684889 : 0.682680 0.685746 0.685865
755000.000000 0.683534 0.683661 : 0.681418 0.684509 0.684676
760000.000000 0.682308 0.682435 : 0.680176 0.683254 0.683492
765000.000000 0.681091 0.681219 : 0.678934 0.682020 0.682318
770000.000000 0.679882 0.680010 : 0.677705 0.680791 0.681151
775000.000000 0.678677 0.678807 : 0.676479 0.679567 0.679984
780000.000000 0.677486 0.677618 : 0.675267 0.678356 0.678835
785000.000000 0.676290 0.676424 : 0.674063 0.677133 0.677674
790000.000000 0.675100 0.675238 : 0.672862 0.675909 0.676529
795000.000000 0.673916 0.674056 : 0.671654 0.674701 0.675394
800000.000000 0.672742 0.672883 : 0.670456 0.673502 0.674267
805000.000000 0.671573 0.671717 : 0.669240 0.672318 0.673161
810000.000000 0.670416 0.670562 : 0.668043 0.671131 0.672074
815000.000000 0.669259 0.669407 : 0.666843 0.669950 0.670983
820000.000000 0.668110 0.668258 : 0.665647 0.668774 0.669908
825000.000000 0.666967 0.667112 : 0.664459 0.667623 0.668819
830000.000000 0.665827 0.665970 : 0.663279 0.666470 0.667733
835000.000000 0.664696 0.664840 : 0.662101 0.665331 0.666656
840000.000000 0.663566 0.663708 : 0.660911 0.664211 0.665577
845000.000000 0.662438 0.662581 : 0.659730 0.663071 0.664513
850000.000000 0.661303 0.661445 : 0.658539 0.661924 0.663445
855000.000000 0.660174 0.660314 : 0.657349 0.660792 0.662382
860000.000000 0.659044 0.659182 : 0.656166 0.659659 0.661307
865000.000000 0.657911 0.658051 : 0.654991 0.658519 0.660225
870000.000000 0.656790 0.656930 : 0.653816 0.657388 0.659166
875000.000000 0.655674 0.655811 : 0.652639 0.656275 0.658108
880000.000000 0.654565 0.654701 : 0.651471 0.655175 0.657050
885000.000000 0.653460 0.653593 : 0.650307 0.654055 0.656018
890000.000000 0.652346 0.652481 : 0.649127 0.652948 0.654962
895000.000000 0.651239 0.651377 : 0.647965 0.651841 0.653912
900000.000000 0.650140 0.650279 : 0.646810 0.650746 0.652865
905000.000000 0.649039 0.649181 : 0.645650 0.649660 0.651807
910000.000000 0.647947 0.648090 : 0.644495 0.648578 0.650770
915000.000000 0.646846 0.646991 : 0.643317 0.647488 0.649731
920000.000000 0.645756 0.645905 : 0.642178 0.646396 0.648694
925000.000000 0.644661 0.644811 : 0.641025 0.645307 0.647650
930000.000000 0.643571 0.643724 : 0.639896 0.644196 0.646620
935000.000000 0.642471 0.642627 : 0.638747 0.643084 0.645581
940000.000000 0.641396 0.641554 : 0.637632 0.641993 0.644563
945000.000000 0.640321 0.640481 : 0.636512 0.640900 0.643550
950000.000000 0.639242 0.639402 : 0.635394 0.639802 0.642528
955000.000000 0.638170 0.638333 : 0.634290 0.638690 0.641531
960000.000000 0.637106 0.637269 : 0.633184 0.637610 0.640523
965000.000000 0.636034 0.636197 : 0.632079 0.636512 0.639509
970000.000000 0.634976 0.635141 : 0.630986 0.635439 0.638503
975000.000000 0.633922 0.634086 : 0.629902 0.634347 0.637519
980000.000000 0.632871 0.633035 : 0.628797 0.633281 0.636535
985000.000000 0.631821 0.631986 : 0.627702 0.632221 0.635540
990000.000000 0.630771 0.630936 : 0.626609 0.631152 0.634552
995000.000000 0.629730 0.629897 : 0.625531 0.630105 0.633554
1000000.000000 0.628689 0.628860 : 0.624445 0.629052 0.632572
