0.000000 1.000000 1.000000 : 1.000000 1.000000 1.000000
10.000000 0.991860 0.991860 : 0.991864 0.991867 0.991850
20.000000 0.986572 0.986572 : 0.986559 0.986575 0.986581
30.000000 0.978738 0.978738 : 0.978686 0.978762 0.978768
40.000000 0.969559 0.969559 : 0.969461 0.969603 0.969613
50.000000 0.959918 0.959918 : 0.959781 0.959962 0.960011
60.000000 0.950490 0.950490 : 0.950303 0.950549 0.950617
70.000000 0.943864 0.943864 : 0.943630 0.943924 0.944039
80.000000 0.933999 0.933999 : 0.933732 0.934052 0.934213
90.000000 0.927128 0.927127 : 0.926820 0.927179 0.927384
100.000000 0.919325 0.919324 : 0.918996 0.919354 0.919626
110.000000 0.912466 0.912464 : 0.912109 0.912482 0.912807
120.000000 0.907104 0.907102 : 0.906719 0.907102 0.907491
130.000000 0.901294 0.901291 : 0.900891 0.901267 0.901723
140.000000 0.895122 0.895119 : 0.894700 0.895070 0.895598
150.000000 0.888688 0.888684 : 0.888253 0.888602 0.889210
160.000000 0.882564 0.882559 : 0.882118 0.882450 0.883124
170.000000 0.875562 0.875556 : 0.875105 0.875411 0.876169
180.000000 0.869372 0.869366 : 0.868911 0.869188 0.870018
190.000000 0.862242 0.862235 : 0.861778 0.862026 0.862922
200.000000 0.855720 0.855712 : 0.855262 0.855472 0.856426
210.000000 0.849802 0.849793 : 0.849343 0.849524 0.850539
220.000000 0.843237 0.843228 : 0.842787 0.842929 0.843996
230.000000 0.837126 0.837116 : 0.836689 0.836785 0.837902
240.000000 0.830627 0.830617 : 0.830200 0.830260 0.831422
250.000000 0.825184 0.825174 : 0.824768 0.824786 0.825997
260.000000 0.819227 0.819217 : 0.818828 0.818794 0.820057
270.000000 0.813936 0.813928 : 0.813562 0.813475 0.814773
280.000000 0.808884 0.808877 : 0.808532 0.808392 0.809728
290.000000 0.803867 0.803861 : 0.803541 0.803338 0.804721
300.000000 0.799170 0.799166 : 0.798874 0.798609 0.800028
310.000000 0.793960 0.793957 : 0.793699 0.793366 0.794814
320.000000 0.789281 0.789279 : 0.789054 0.788652 0.790136
330.000000 0.784469 0.784469 : 0.784272 0.783806 0.785330
340.000000 0.779949 0.779950 : 0.779785 0.779253 0.780809
350.000000 0.775207 0.775208 : 0.775082 0.774480 0.776059
360.000000 0.771148 0.771151 : 0.771058 0.770389 0.771998
370.000000 0.766890 0.766893 : 0.766833 0.766100 0.767737
380.000000 0.762325 0.762327 : 0.762302 0.761501 0.763170
390.000000 0.758403 0.758406 : 0.758418 0.757547 0.759246
400.000000 0.754274 0.754276 : 0.754322 0.753387 0.755112
410.000000 0.750515 0.750517 : 0.750596 0.749595 0.751354
420.000000 0.746400 0.746402 : 0.746516 0.745449 0.747235
430.000000 0.742914 0.742916 : 0.743063 0.741933 0.743745
440.000000 0.739427 0.739429 : 0.739615 0.738415 0.740251
450.000000 0.735684 0.735687 : 0.735908 0.734644 0.736500
460.000000 0.732277 0.732280 : 0.732532 0.731210 0.733089
470.000000 0.728658 0.728663 : 0.728946 0.727566 0.729463
480.000000 0.725366 0.725372 : 0.725689 0.724249 0.726159
490.000000 0.721876 0.721884 : 0.722234 0.720740 0.722655
500.000000 0.718601 0.718610 : 0.718988 0.717445 0.719369
510.000000 0.715259 0.715271 : 0.715680 0.714083 0.716014
520.000000 0.711970 0.711984 : 0.712427 0.710779 0.712705
530.000000 0.708867 0.708883 : 0.709356 0.707660 0.709585
540.000000 0.705535 0.705552 : 0.706059 0.704311 0.706234
550.000000 0.702406 0.702424 : 0.702963 0.701166 0.703088
560.000000 0.699294 0.699314 : 0.699887 0.698038 0.699957
570.000000 0.696368 0.696389 : 0.696998 0.695095 0.697012
580.000000 0.693258 0.693279 : 0.693924 0.691966 0.693884
590.000000 0.690375 0.690396 : 0.691076 0.689064 0.690983
600.000000 0.687475 0.687496 : 0.688211 0.686150 0.688064
610.000000 0.684485 0.684506 : 0.685259 0.683147 0.685051
620.000000 0.681729 0.681750 : 0.682532 0.680378 0.682277
630.000000 0.678860 0.678880 : 0.679693 0.677498 0.679387
640.000000 0.676105 0.676125 : 0.676969 0.674736 0.676610
650.000000 0.673290 0.673309 : 0.674180 0.671914 0.673775
660.000000 0.670659 0.670678 : 0.671578 0.669277 0.671123
670.000000 0.667924 0.667943 : 0.668868 0.666539 0.668366
680.000000 0.665193 0.665212 : 0.666160 0.663806 0.665614
690.000000 0.662584 0.662603 : 0.663572 0.661196 0.662985
700.000000 0.659931 0.659952 : 0.660940 0.658544 0.660310
710.000000 0.657364 0.657385 : 0.658395 0.655974 0.657723
720.000000 0.654767 0.654790 : 0.655817 0.653379 0.655105
730.000000 0.652259 0.652284 : 0.653329 0.650874 0.652575
740.000000 0.649715 0.649742 : 0.650803 0.648333 0.650011
750.000000 0.647214 0.647242 : 0.648319 0.645835 0.647488
760.000000 0.644773 0.644803 : 0.645895 0.643399 0.645026
770.000000 0.642339 0.642370 : 0.643475 0.640972 0.642570
780.000000 0.639897 0.639928 : 0.641049 0.638535 0.640106
790.000000 0.637479 0.637511 : 0.638648 0.636126 0.637662
800.000000 0.635194 0.635227 : 0.636380 0.633851 0.635352
810.000000 0.632826 0.632859 : 0.634029 0.631491 0.632957
820.000000 0.630450 0.630484 : 0.631669 0.629129 0.630551
830.000000 0.628159 0.628194 : 0.629393 0.626853 0.628232
840.000000 0.625919 0.625954 : 0.627167 0.624627 0.625961
850.000000 0.623657 0.623693 : 0.624920 0.622377 0.623673
860.000000 0.621381 0.621418 : 0.622658 0.620117 0.621369
870.000000 0.619203 0.619241 : 0.620493 0.617952 0.619164
880.000000 0.617014 0.617053 : 0.618318 0.615773 0.616950
890.000000 0.614871 0.614910 : 0.616187 0.613643 0.614782
900.000000 0.612717 0.612757 : 0.614045 0.611499 0.612606
910.000000 0.610574 0.610615 : 0.611913 0.609369 0.610439
920.000000 0.608493 0.608535 : 0.609846 0.607296 0.608337
930.000000 0.606437 0.606479 : 0.607803 0.605249 0.606260
940.000000 0.604392 0.604435 : 0.605772 0.603213 0.604192
950.000000 0.602315 0.602358 : 0.603710 0.601142 0.602093
960.000000 0.600321 0.600364 : 0.601729 0.599157 0.600078
970.000000 0.598345 0.598388 : 0.599769 0.597188 0.598078
980.000000 0.596352 0.596395 : 0.597789 0.595203 0.596063
990.000000 0.594374 0.594417 : 0.595827 0.593233 0.594063
1000.000000 0.592442 0.592484 : 0.593908 0.591308 0.592109
1010.000000 0.590532 0.590574 : 0.592012 0.589408 0.590177
1020.000000 0.588603 0.588643 : 0.590095 0.587487 0.588227
1030.000000 0.586727 0.586767 : 0.588229 0.585622 0.586329
1040.000000 0.584854 0.584893 : 0.586367 0.583760 0.584436
1050.000000 0.582987 0.583025 : 0.584508 0.581906 0.582546
1060.000000 0.581160 0.581199 : 0.582690 0.580093 0.580698
1070.000000 0.579346 0.579384 : 0.580882 0.578294 0.578862
1080.000000 0.577534 0.577572 : 0.579077 0.576497 0.577029
1090.000000 0.575743 0.575781 : 0.577289 0.574722 0.575217
1100.000000 0.573993 0.574031 : 0.575544 0.572986 0.573449
1110.000000 0.572236 0.572275 : 0.573789 0.571243 0.571676
1120.000000 0.570504 0.570543 : 0.572061 0.569525 0.569927
1130.000000 0.568800 0.568838 : 0.570358 0.567832 0.568209
1140.000000 0.567091 0.567127 : 0.568652 0.566133 0.566487
1150.000000 0.565415 0.565450 : 0.566978 0.564466 0.564799
1160.000000 0.563758 0.563791 : 0.565324 0.562820 0.563130
1170.000000 0.562105 0.562136 : 0.563674 0.561174 0.561467
1180.000000 0.560461 0.560491 : 0.562030 0.559539 0.559816
1190.000000 0.558855 0.558882 : 0.560424 0.557943 0.558198
1200.000000 0.557251 0.557276 : 0.558819 0.556347 0.556585
1210.000000 0.555654 0.555678 : 0.557224 0.554762 0.554977
1220.000000 0.554073 0.554095 : 0.555641 0.553194 0.553384
1230.000000 0.552498 0.552518 : 0.554066 0.551633 0.551795
1240.000000 0.550947 0.550965 : 0.552514 0.550097 0.550229
1250.000000 0.549404 0.549421 : 0.550970 0.548570 0.548672
1260.000000 0.547867 0.547882 : 0.549430 0.547051 0.547119
1270.000000 0.546342 0.546354 : 0.547901 0.545544 0.545580
1280.000000 0.544843 0.544853 : 0.546399 0.544065 0.544065
1290.000000 0.543347 0.543355 : 0.544900 0.542586 0.542555
1300.000000 0.541863 0.541868 : 0.543410 0.541119 0.541059
1310.000000 0.540395 0.540397 : 0.541940 0.539668 0.539578
1320.000000 0.538929 0.538929 : 0.540471 0.538214 0.538103
1330.000000 0.537490 0.537488 : 0.539030 0.536787 0.536654
1340.000000 0.536064 0.536059 : 0.537601 0.535370 0.535220
1350.000000 0.534627 0.534619 : 0.536165 0.533941 0.533774
1360.000000 0.533214 0.533204 : 0.534751 0.532536 0.532355
1370.000000 0.531828 0.531816 : 0.533367 0.531157 0.530961
1380.000000 0.530435 0.530421 : 0.531976 0.529771 0.529558
1390.000000 0.529042 0.529027 : 0.530583 0.528385 0.528159
1400.000000 0.527681 0.527665 : 0.529223 0.527034 0.526787
1410.000000 0.526322 0.526305 : 0.527861 0.525685 0.525420
1420.000000 0.524960 0.524944 : 0.526499 0.524333 0.524048
1430.000000 0.523621 0.523606 : 0.525154 0.523005 0.522704
1440.000000 0.522285 0.522271 : 0.523817 0.521679 0.521360
1450.000000 0.520951 0.520939 : 0.522481 0.520354 0.520018
1460.000000 0.519634 0.519623 : 0.521162 0.519046 0.518695
1470.000000 0.518328 0.518319 : 0.519857 0.517746 0.517381
1480.000000 0.517020 0.517012 : 0.518548 0.516446 0.516065
1490.000000 0.515729 0.515722 : 0.517260 0.515160 0.514767
1500.000000 0.514450 0.514442 : 0.515982 0.513884 0.513483
1510.000000 0.513176 0.513168 : 0.514709 0.512617 0.512203
1520.000000 0.511912 0.511905 : 0.513447 0.511356 0.510935
1530.000000 0.510656 0.510647 : 0.512190 0.510107 0.509672
1540.000000 0.509407 0.509397 : 0.510939 0.508862 0.508419
1550.000000 0.508170 0.508160 : 0.509700 0.507632 0.507177
1560.000000 0.506943 0.506933 : 0.508471 0.506414 0.505946
1570.000000 0.505716 0.505707 : 0.507239 0.505193 0.504716
1580.000000 0.504502 0.504492 : 0.506018 0.503989 0.503497
1590.000000 0.503299 0.503291 : 0.504808 0.502796 0.502292
1600.000000 0.502100 0.502095 : 0.503603 0.501611 0.501087
1610.000000 0.500909 0.500905 : 0.502405 0.500430 0.499891
1620.000000 0.499727 0.499725 : 0.501215 0.499261 0.498704
1630.000000 0.498555 0.498556 : 0.500036 0.498103 0.497526
1640.000000 0.497390 0.497393 : 0.498863 0.496950 0.496356
1650.000000 0.496228 0.496234 : 0.497696 0.495798 0.495189
1660.000000 0.495073 0.495082 : 0.496534 0.494653 0.494032
1670.000000 0.493924 0.493934 : 0.495379 0.493512 0.492879
1680.000000 0.492782 0.492795 : 0.494235 0.492378 0.491734
1690.000000 0.491648 0.491663 : 0.493095 0.491252 0.490597
1700.000000 0.490520 0.490537 : 0.491961 0.490132 0.489469
1710.000000 0.489393 0.489410 : 0.490827 0.489013 0.488341
1720.000000 0.488274 0.488292 : 0.489702 0.487898 0.487222
1730.000000 0.487166 0.487183 : 0.488587 0.486795 0.486115
1740.000000 0.486062 0.486079 : 0.487476 0.485697 0.485012
1750.000000 0.484961 0.484978 : 0.486369 0.484600 0.483914
1760.000000 0.483872 0.483888 : 0.485271 0.483517 0.482829
1770.000000 0.482794 0.482809 : 0.484185 0.482442 0.481755
1780.000000 0.481716 0.481730 : 0.483097 0.481370 0.480682
1790.000000 0.480644 0.480657 : 0.482015 0.480302 0.479616
1800.000000 0.479584 0.479594 : 0.480943 0.479247 0.478562
1810.000000 0.478530 0.478539 : 0.479879 0.478200 0.477511
1820.000000 0.477481 0.477487 : 0.478818 0.477157 0.476467
1830.000000 0.476439 0.476443 : 0.477763 0.476125 0.475427
1840.000000 0.475405 0.475407 : 0.476718 0.475100 0.474397
1850.000000 0.474374 0.474374 : 0.475676 0.474077 0.473368
1860.000000 0.473351 0.473348 : 0.474643 0.473063 0.472349
1870.000000 0.472337 0.472332 : 0.473619 0.472055 0.471339
1880.000000 0.471329 0.471319 : 0.472600 0.471052 0.470334
1890.000000 0.470325 0.470311 : 0.471587 0.470053 0.469334
1900.000000 0.469331 0.469313 : 0.470587 0.469064 0.468343
1910.000000 0.468341 0.468319 : 0.469587 0.468079 0.467358
1920.000000 0.467352 0.467325 : 0.468590 0.467096 0.466371
1930.000000 0.466369 0.466338 : 0.467598 0.466118 0.465390
1940.000000 0.465391 0.465357 : 0.466612 0.465145 0.464416
1950.000000 0.464418 0.464380 : 0.465630 0.464179 0.463446
1960.000000 0.463448 0.463407 : 0.464647 0.463218 0.462479
1970.000000 0.462484 0.462440 : 0.463673 0.462261 0.461518
1980.000000 0.461526 0.461479 : 0.462703 0.461309 0.460567
1990.000000 0.460574 0.460523 : 0.461739 0.460365 0.459618
2000.000000 0.459626 0.459572 : 0.460778 0.459420 0.458680
5000.000000 0.301305 0.301249 : 0.301260 0.301239 0.301417
10000.000000 0.195546 0.195459 : 0.195635 0.195017 0.195986
15000.000000 0.140403 0.140324 : 0.140332 0.139943 0.140935
20000.000000 0.105369 0.105320 : 0.105533 0.104930 0.105644
25000.000000 0.081004 0.081029 : 0.081089 0.080649 0.081274
30000.000000 0.063535 0.063585 : 0.063406 0.063352 0.063849
35000.000000 0.050819 0.050663 : 0.050795 0.050404 0.051259
40000.000000 0.040807 0.040682 : 0.040789 0.040389 0.041243
45000.000000 0.033119 0.033080 : 0.033177 0.032553 0.033626
50000.000000 0.027038 0.027020 : 0.027251 0.026557 0.027306
55000.000000 0.022390 0.022285 : 0.022717 0.021979 0.022475
60000.000000 0.018433 0.018450 : 0.018690 0.018039 0.018570
65000.000000 0.015309 0.015313 : 0.015619 0.014903 0.015403
70000.000000 0.012720 0.012761 : 0.013171 0.012385 0.012603
75000.000000 0.010705 0.010729 : 0.011120 0.010289 0.010706
80000.000000 0.008968 0.009018 : 0.009472 0.008774 0.008658
85000.000000 0.007484 0.007564 : 0.007775 0.007418 0.007258
90000.000000 0.006265 0.006522 : 0.006460 0.006002 0.006333
95000.000000 0.005263 0.005540 : 0.005541 0.004864 0.005385
100000.000000 0.004460 0.004699 : 0.004683 0.003900 0.004798
105000.000000 0.003807 0.004015 : 0.004081 0.003438 0.003902
110000.000000 0.003326 0.003492 : 0.003598 0.003261 0.003120
115000.000000 0.002708 0.002908 : 0.002961 0.002519 0.002645
120000.000000 0.002395 0.002555 : 0.002377 0.002456 0.002353
125000.000000 0.002156 0.002234 : 0.002191 0.002412 0.001863
130000.000000 0.001842 0.001851 : 0.001781 0.002071 0.001675
135000.000000 0.001541 0.001566 : 0.001313 0.001914 0.001395
140000.000000 0.001294 0.001387 : 0.001281 0.001455 0.001146
145000.000000 0.001158 0.001227 : 0.001154 0.001254 0.001067
150000.000000 0.001008 0.001089 : 0.000969 0.001140 0.000914
155000.000000 0.000816 0.000941 : 0.000687 0.000931 0.000831
160000.000000 0.000693 0.000850 : 0.000484 0.000799 0.000798
165000.000000 0.000525 0.000696 : 0.000263 0.000676 0.000637
170000.000000 0.000558 0.000616 : 0.000197 0.000813 0.000664
175000.000000 0.000496 0.000536 : 0.000143 0.000759 0.000587
180000.000000 0.000420 0.000442 : 0.000164 0.000614 0.000483
185000.000000 0.000309 0.000365 : 0.000025 0.000640 0.000262
190000.000000 0.000288 0.000302 : 0.000076 0.000537 0.000250
195000.000000 0.000243 0.000292 : -0.000051 0.000443 0.000336
200000.000000 0.000286 0.000272 : 0.000104 0.000444 0.000311
205000.000000 0.000153 0.000195 : -0.000057 0.000291 0.000224
210000.000000 0.000071 0.000208 : -0.000146 0.000163 0.000197
215000.000000 -0.000010 0.000169 : -0.000362 0.000064 0.000269
220000.000000 -0.000051 0.000156 : -0.000414 0.000163 0.000098
225000.000000 -0.000091 0.000117 : -0.000317 -0.000006 0.000049
230000.000000 0.000017 0.000132 : -0.000141 -0.000009 0.000201
235000.000000 0.000021 0.000109 : -0.000083 0.000044 0.000101
240000.000000 0.000004 0.000097 : -0.000050 0.000011 0.000051
245000.000000 0.000044 0.000131 : 0.000071 -0.000091 0.000151
250000.000000 0.000002 0.000113 : -0.000056 -0.000064 0.000127
255000.000000 -0.000075 0.000123 : -0.000228 -0.000166 0.000168
260000.000000 -0.000013 0.000109 : -0.000093 0.000030 0.000023
265000.000000 -0.000010 0.000094 : 0.000017 -0.000008 -0.000038
270000.000000 0.000032 0.000086 : -0.000044 0.000010 0.000131
275000.000000 0.000130 0.000063 : -0.000067 0.000181 0.000276
280000.000000 0.000050 0.000073 : -0.000076 0.000133 0.000092
285000.000000 0.000102 0.000077 : 0.000072 -0.000078 0.000313
290000.000000 0.000062 0.000043 : -0.000036 -0.000064 0.000287
295000.000000 0.000104 0.000053 : -0.000081 0.000057 0.000337
300000.000000 0.000093 0.000052 : 0.000092 -0.000060 0.000247
305000.000000 -0.000038 0.000015 : 0.000039 -0.000258 0.000104
310000.000000 0.000034 0.000017 : 0.000026 -0.000106 0.000181
315000.000000 -0.000004 0.000015 : -0.000139 -0.000010 0.000138
320000.000000 0.000001 -0.000005 : -0.000068 -0.000090 0.000163
325000.000000 0.000002 -0.000018 : 0.000085 -0.000091 0.000011
330000.000000 -0.000079 -0.000018 : -0.000073 -0.000136 -0.000029
335000.000000 0.000045 0.000033 : 0.000028 0.000070 0.000037
340000.000000 0.000019 0.000027 : 0.000088 0.000075 -0.000106
345000.000000 0.000143 0.000015 : 0.000104 0.000183 0.000143
350000.000000 0.000088 0.000001 : 0.000184 0.000255 -0.000176
355000.000000 0.000196 0.000034 : 0.000155 0.000307 0.000125
360000.000000 0.000065 0.000026 : -0.000024 0.000044 0.000176
365000.000000 0.000119 0.000018 : 0.000018 0.000191 0.000147
370000.000000 0.000066 0.000052 : 0.000163 -0.000063 0.000099
375000.000000 0.000081 0.000051 : 0.000206 0.000121 -0.000083
380000.000000 0.000084 0.000042 : 0.000149 -0.000001 0.000103
385000.000000 -0.000083 0.000020 : -0.000103 -0.000192 0.000047
390000.000000 -0.000048 0.000026 : 0.000065 -0.000226 0.000016
395000.000000 -0.000051 0.000019 : 0.000076 -0.000200 -0.000029
400000.000000 -0.000047 0.000007 : 0.000163 -0.000269 -0.000036
405000.000000 -0.000060 0.000010 : 0.000137 -0.000320 0.000003
410000.000000 -0.000071 -0.000007 : 0.000031 -0.000392 0.000147
415000.000000 -0.000083 -0.000015 : -0.000067 -0.000254 0.000073
420000.000000 -0.000112 -0.000018 : -0.000049 -0.000123 -0.000166
425000.000000 -0.000180 -0.000025 : -0.000081 -0.000313 -0.000147
430000.000000 -0.000037 -0.000028 : 0.000003 -0.000134 0.000019
435000.000000 -0.000006 -0.000027 : 0.000077 -0.000090 -0.000004
440000.000000 0.000005 -0.000043 : 0.000173 -0.000121 -0.000037
445000.000000 -0.000003 -0.000024 : 0.000004 -0.000031 0.000017
450000.000000 0.000016 -0.000039 : -0.000109 0.000098 0.000060
455000.000000 0.000050 -0.000009 : 0.000007 0.000046 0.000098
460000.000000 -0.000007 -0.000011 : -0.000103 -0.000009 0.000090
465000.000000 -0.000024 -0.000029 : -0.000181 -0.000018 0.000127
470000.000000 -0.000005 0.000004 : -0.000191 -0.000021 0.000196
475000.000000 -0.000035 0.000037 : -0.000033 -0.000120 0.000047
480000.000000 -0.000040 0.000043 : -0.000063 -0.000122 0.000067
485000.000000 -0.000014 0.000050 : -0.000016 -0.000198 0.000171
490000.000000 0.000031 0.000038 : -0.000052 -0.000113 0.000257
495000.000000 -0.000084 0.000009 : -0.000190 -0.000164 0.000101
500000.000000 -0.000111 0.000005 : -0.000061 -0.000325 0.000051
505000.000000 -0.000081 0.000013 : -0.000200 -0.000145 0.000103
510000.000000 -0.000085 0.000011 : -0.000259 -0.000225 0.000228
515000.000000 -0.000089 0.000001 : -0.000227 -0.000181 0.000140
520000.000000 -0.000095 0.000027 : -0.000185 -0.000197 0.000098
525000.000000 -0.000013 0.000032 : -0.000081 -0.000018 0.000061
530000.000000 -0.000002 0.000004 : 0.000053 -0.000027 -0.000032
535000.000000 -0.000039 -0.000006 : 0.000025 -0.000115 -0.000027
540000.000000 -0.000096 0.000004 : -0.000113 -0.000121 -0.000053
545000.000000 0.000113 0.000008 : 0.000117 0.000141 0.000081
550000.000000 0.000128 -0.000023 : 0.000168 0.000194 0.000022
555000.000000 0.000047 -0.000018 : 0.000086 0.000111 -0.000055
560000.000000 0.000120 -0.000030 : 0.000117 0.000171 0.000073
565000.000000 0.000014 -0.000045 : -0.000107 0.000009 0.000140
570000.000000 0.000022 -0.000011 : 0.000068 -0.000047 0.000043
575000.000000 -0.000013 -0.000020 : 0.000160 -0.000049 -0.000150
580000.000000 -0.000001 -0.000009 : 0.000155 -0.000065 -0.000093
585000.000000 0.000010 -0.000028 : 0.000102 -0.000071 -0.000000
590000.000000 0.000063 0.000008 : -0.000010 0.000137 0.000060
595000.000000 0.000167 -0.000003 : 0.000192 0.000103 0.000205
600000.000000 0.000100 -0.000003 : 0.000050 0.000142 0.000109
605000.000000 0.000031 0.000029 : -0.000041 0.000084 0.000052
610000.000000 0.000131 0.000029 : -0.000001 0.000262 0.000131
615000.000000 0.000082 0.000027 : 0.000019 0.000242 -0.000016
620000.000000 0.000022 0.000037 : -0.000185 0.000261 -0.000011
625000.000000 0.000030 0.000039 : -0.000085 0.000157 0.000018
630000.000000 -0.000049 0.000027 : -0.000084 -0.000013 -0.000050
635000.000000 0.000044 0.000013 : 0.000036 0.000064 0.000032
640000.000000 0.000021 0.000028 : 0.000093 0.000035 -0.000064
645000.000000 0.000136 0.000022 : 0.000340 0.000212 -0.000144
650000.000000 0.000150 0.000029 : 0.000406 0.000091 -0.000046
655000.000000 0.000109 0.000019 : 0.000211 0.000025 0.000091
660000.000000 0.000121 0.000008 : 0.000255 -0.000031 0.000139
665000.000000 0.000116 -0.000017 : 0.000230 0.000162 -0.000045
670000.000000 0.000176 0.000001 : 0.000200 0.000276 0.000054
675000.000000 0.000192 -0.000012 : 0.000235 0.000297 0.000045
680000.000000 0.000173 -0.000006 : 0.000240 0.000181 0.000097
685000.000000 0.000152 -0.000005 : 0.000310 0.000087 0.000060
690000.000000 0.000120 -0.000010 : 0.000322 0.000104 -0.000066
695000.000000 0.000085 -0.000010 : 0.000053 0.000294 -0.000093
700000.000000 0.000060 0.000004 : 0.000115 0.000051 0.000015
705000.000000 0.000071 -0.000004 : 0.000199 -0.000037 0.000050
710000.000000 0.000058 0.000023 : 0.000160 -0.000023 0.000037
715000.000000 0.000039 0.000023 : 0.000048 0.000024 0.000046
720000.000000 0.000033 0.000035 : 0.000023 0.000033 0.000043
725000.000000 0.000036 0.000030 : -0.000055 0.000000 0.000162
730000.000000 -0.000020 0.000014 : 0.000018 -0.000023 -0.000055
735000.000000 0.000021 -0.000000 : 0.000001 0.000043 0.000019
740000.000000 -0.000014 0.000004 : -0.000079 -0.000010 0.000048
745000.000000 0.000076 0.000026 : -0.000039 0.000021 0.000245
750000.000000 0.000014 0.000000 : 0.000084 -0.000081 0.000039
755000.000000 -0.000017 0.000024 : 0.000006 -0.000128 0.000071
760000.000000 0.000003 -0.000006 : 0.000099 -0.000076 -0.000014
765000.000000 -0.000065 0.000009 : 0.000059 -0.000218 -0.000035
770000.000000 -0.000044 0.000002 : -0.000088 -0.000176 0.000133
775000.000000 0.000048 0.000001 : 0.000164 -0.000075 0.000056
780000.000000 -0.000063 0.000015 : -0.000026 -0.000132 -0.000032
785000.000000 0.000049 0.000016 : 0.000146 0.000007 -0.000005
790000.000000 0.000085 0.000029 : 0.000240 0.000047 -0.000030
795000.000000 0.000166 0.000025 : 0.000357 0.000150 -0.000008
800000.000000 0.000079 0.000001 : 0.000255 -0.000034 0.000014
805000.000000 0.000175 0.000008 : 0.000375 0.000191 -0.000042
810000.000000 0.000116 0.000011 : 0.000180 0.000063 0.000103
815000.000000 0.000131 0.000033 : 0.000152 0.000222 0.000019
820000.000000 0.000155 0.000033 : 0.000261 0.000197 0.000008
825000.000000 0.000071 0.000033 : 0.000138 0.000184 -0.000108
830000.000000 0.000018 0.000013 : 0.000115 0.000092 -0.000154
835000.000000 -0.000098 -0.000015 : -0.000196 -0.000079 -0.000018
840000.000000 0.000043 -0.000011 : -0.000069 0.000206 -0.000009
845000.000000 0.000044 0.000001 : -0.000036 0.000234 -0.000067
850000.000000 -0.000001 0.000004 : -0.000107 0.000292 -0.000188
855000.000000 0.000141 0.000017 : 0.000137 0.000348 -0.000063
860000.000000 0.000191 -0.000005 : 0.000193 0.000525 -0.000147
865000.000000 0.000186 -0.000008 : 0.000141 0.000395 0.000023
870000.000000 0.000121 -0.000034 : 0.000140 0.000331 -0.000107
875000.000000 0.000061 -0.000031 : 0.000077 0.000200 -0.000093
880000.000000 -0.000002 -0.000034 : -0.000058 0.000195 -0.000142
885000.000000 0.000008 -0.000033 : -0.000075 0.000112 -0.000012
890000.000000 0.000037 -0.000027 : -0.000072 0.000050 0.000132
895000.000000 -0.000009 -0.000025 : -0.000081 -0.000012 0.000066
900000.000000 -0.000004 -0.000000 : 0.000016 -0.000010 -0.000018
905000.000000 0.000090 -0.000003 : 0.000163 0.000215 -0.000107
910000.000000 0.000102 0.000009 : 0.000243 0.000035 0.000028
915000.000000 0.000057 -0.000002 : 0.000250 0.000012 -0.000092
920000.000000 0.000105 0.000000 : 0.000266 0.000063 -0.000014
925000.000000 0.000149 0.000015 : 0.000195 0.000100 0.000151
930000.000000 0.000161 0.000012 : 0.000091 0.000187 0.000204
935000.000000 0.000095 0.000019 : -0.000005 0.000170 0.000118
940000.000000 0.000183 0.000033 : 0.000126 0.000178 0.000245
945000.000000 0.000122 0.000019 : 0.000121 0.000091 0.000153
950000.000000 0.000135 0.000033 : 0.000079 0.000264 0.000061
955000.000000 0.000102 0.000025 : 0.000001 0.000146 0.000157
960000.000000 0.000195 0.000023 : 0.000182 0.000298 0.000105
965000.000000 0.000138 0.000015 : 0.000100 0.000217 0.000097
970000.000000 0.000129 0.000027 : 0.000065 0.000096 0.000226
975000.000000 0.000127 0.000027 : 0.000032 0.000101 0.000247
980000.000000 0.000053 0.000018 : -0.000152 0.000006 0.000307
985000.000000 0.000046 0.000027 : -0.000178 0.000023 0.000293
990000.000000 0.000035 0.000041 : -0.000129 0.000001 0.000232
995000.000000 0.000074 0.000036 : -0.000114 -0.000026 0.000363
1000000.000000 0.000177 0.000027 : 0.000146 -0.000010 0.000394
