0.000000 1.000000 1.000000 : 1.000000 1.000000 1.000000
10.000000 0.977575 0.977575 : 0.977586 0.977593 0.977547
20.000000 0.963248 0.963249 : 0.963216 0.963256 0.963274
30.000000 0.942473 0.942474 : 0.942338 0.942533 0.942549
40.000000 0.918756 0.918757 : 0.918511 0.918864 0.918893
50.000000 0.894628 0.894629 : 0.894301 0.894727 0.894857
60.000000 0.871709 0.871709 : 0.871280 0.871836 0.872011
70.000000 0.856504 0.856503 : 0.855985 0.856617 0.856908
80.000000 0.833664 0.833662 : 0.833101 0.833746 0.834145
90.000000 0.818355 0.818351 : 0.817725 0.818421 0.818920
100.000000 0.801195 0.801189 : 0.800549 0.801194 0.801843
110.000000 0.786231 0.786222 : 0.785552 0.786191 0.786950
120.000000 0.775105 0.775094 : 0.774391 0.775015 0.775909
130.000000 0.762765 0.762751 : 0.762039 0.762612 0.763643
140.000000 0.749516 0.749499 : 0.748770 0.749302 0.750476
150.000000 0.736052 0.736033 : 0.735307 0.735761 0.737089
160.000000 0.723326 0.723303 : 0.722578 0.722979 0.724422
170.000000 0.709026 0.709000 : 0.708280 0.708602 0.710197
180.000000 0.696662 0.696633 : 0.695931 0.696168 0.697888
190.000000 0.682498 0.682466 : 0.681785 0.681943 0.683766
200.000000 0.669963 0.669929 : 0.669286 0.669346 0.671257
210.000000 0.658926 0.658889 : 0.658267 0.658252 0.660259
220.000000 0.646761 0.646724 : 0.646140 0.646033 0.648111
230.000000 0.635622 0.635584 : 0.635046 0.634839 0.636981
240.000000 0.623957 0.623919 : 0.623414 0.623132 0.625326
250.000000 0.614543 0.614507 : 0.614034 0.613668 0.615927
260.000000 0.604152 0.604119 : 0.603689 0.603221 0.605547
270.000000 0.595096 0.595066 : 0.594690 0.594124 0.596475
280.000000 0.586674 0.586648 : 0.586326 0.585656 0.588040
290.000000 0.578432 0.578413 : 0.578145 0.577358 0.579792
300.000000 0.570717 0.570705 : 0.570497 0.569600 0.572056
310.000000 0.562223 0.562218 : 0.562080 0.561066 0.563522
320.000000 0.554685 0.554687 : 0.554617 0.553485 0.555954
330.000000 0.547071 0.547079 : 0.547062 0.545831 0.548321
340.000000 0.539921 0.539933 : 0.539973 0.538647 0.541143
350.000000 0.532439 0.532455 : 0.532563 0.531134 0.533619
360.000000 0.526321 0.526341 : 0.526504 0.524983 0.527477
370.000000 0.519737 0.519758 : 0.519970 0.518369 0.520872
380.000000 0.512743 0.512766 : 0.513023 0.511345 0.513861
390.000000 0.506830 0.506856 : 0.507159 0.505401 0.507931
400.000000 0.500615 0.500642 : 0.500982 0.499165 0.501699
410.000000 0.495060 0.495087 : 0.495463 0.493583 0.496135
420.000000 0.488839 0.488867 : 0.489280 0.487341 0.489897
430.000000 0.483778 0.483807 : 0.484250 0.482264 0.484821
440.000000 0.478724 0.478756 : 0.479240 0.477187 0.479745
450.000000 0.473276 0.473311 : 0.473827 0.471728 0.474273
460.000000 0.468353 0.468391 : 0.468929 0.466795 0.469334
470.000000 0.463132 0.463174 : 0.463737 0.461567 0.464091
480.000000 0.458473 0.458521 : 0.459115 0.456904 0.459399
490.000000 0.453496 0.453549 : 0.454172 0.451930 0.454385
500.000000 0.448867 0.448924 : 0.449567 0.447305 0.449727
510.000000 0.444174 0.444240 : 0.444905 0.442614 0.445002
520.000000 0.439613 0.439686 : 0.440379 0.438061 0.440397
530.000000 0.435321 0.435399 : 0.436114 0.433775 0.436073
540.000000 0.430714 0.430798 : 0.431537 0.429174 0.431431
550.000000 0.426401 0.426489 : 0.427251 0.424866 0.427086
560.000000 0.422174 0.422264 : 0.423058 0.420639 0.422825
570.000000 0.418221 0.418314 : 0.419140 0.416685 0.418839
580.000000 0.414001 0.414095 : 0.414955 0.412455 0.414592
590.000000 0.410177 0.410273 : 0.411170 0.408623 0.410738
600.000000 0.406291 0.406387 : 0.407318 0.404730 0.406824
610.000000 0.402319 0.402417 : 0.403387 0.400753 0.402818
620.000000 0.398703 0.398801 : 0.399802 0.397131 0.399176
630.000000 0.394932 0.395028 : 0.396061 0.393356 0.395378
640.000000 0.391331 0.391427 : 0.392489 0.389757 0.391746
650.000000 0.387669 0.387766 : 0.388848 0.386100 0.388060
660.000000 0.384305 0.384401 : 0.385505 0.382743 0.384666
670.000000 0.380780 0.380878 : 0.381992 0.379238 0.381110
680.000000 0.377292 0.377390 : 0.378512 0.375770 0.377594
690.000000 0.373986 0.374088 : 0.375205 0.372489 0.374265
700.000000 0.370630 0.370733 : 0.371844 0.369164 0.370882
710.000000 0.367409 0.367515 : 0.368626 0.365962 0.367640
720.000000 0.364175 0.364285 : 0.365384 0.362753 0.364386
730.000000 0.361058 0.361171 : 0.362264 0.359659 0.361251
740.000000 0.357904 0.358024 : 0.359108 0.356525 0.358079
750.000000 0.354838 0.354961 : 0.356040 0.353477 0.354997
760.000000 0.351866 0.351989 : 0.353069 0.350522 0.352007
770.000000 0.348916 0.349038 : 0.350116 0.347591 0.349040
780.000000 0.345943 0.346061 : 0.347148 0.344632 0.346048
790.000000 0.343040 0.343154 : 0.344249 0.341748 0.343122
800.000000 0.340341 0.340449 : 0.341556 0.339069 0.340398
810.000000 0.337522 0.337624 : 0.338747 0.336261 0.337558
820.000000 0.334701 0.334800 : 0.335929 0.333465 0.334710
830.000000 0.332013 0.332105 : 0.333244 0.330799 0.331994
840.000000 0.329420 0.329510 : 0.330656 0.328231 0.329373
850.000000 0.326787 0.326873 : 0.328029 0.325616 0.326717
860.000000 0.324143 0.324227 : 0.325386 0.323000 0.324044
870.000000 0.321640 0.321723 : 0.322887 0.320518 0.321514
880.000000 0.319145 0.319226 : 0.320398 0.318042 0.318995
890.000000 0.316718 0.316794 : 0.317972 0.315636 0.316544
900.000000 0.314267 0.314339 : 0.315525 0.313208 0.314069
910.000000 0.311851 0.311916 : 0.313109 0.310817 0.311628
920.000000 0.309534 0.309588 : 0.310797 0.308515 0.309290
930.000000 0.307258 0.307300 : 0.308525 0.306257 0.306993
940.000000 0.304991 0.305022 : 0.306260 0.304005 0.304708
950.000000 0.302699 0.302718 : 0.303973 0.301723 0.302401
960.000000 0.300522 0.300529 : 0.301797 0.299553 0.300215
970.000000 0.298372 0.298369 : 0.299658 0.297407 0.298051
980.000000 0.296208 0.296193 : 0.297503 0.295244 0.295876
990.000000 0.294063 0.294036 : 0.295371 0.293097 0.293720
1000.000000 0.291985 0.291948 : 0.293307 0.291016 0.291633
1010.000000 0.289941 0.289893 : 0.291270 0.288978 0.289575
1020.000000 0.287872 0.287816 : 0.289211 0.286909 0.287496
1030.000000 0.285873 0.285811 : 0.287214 0.284919 0.285487
1040.000000 0.283883 0.283814 : 0.285224 0.282942 0.283484
1050.000000 0.281906 0.281831 : 0.283247 0.280980 0.281492
1060.000000 0.279983 0.279902 : 0.281323 0.279072 0.279552
1070.000000 0.278081 0.277993 : 0.279417 0.277195 0.277633
1080.000000 0.276190 0.276096 : 0.277515 0.275332 0.275723
1090.000000 0.274324 0.274226 : 0.275636 0.273497 0.273840
1100.000000 0.272514 0.272409 : 0.273812 0.271718 0.272013
1110.000000 0.270704 0.270593 : 0.271985 0.269939 0.270189
1120.000000 0.268930 0.268812 : 0.270194 0.268195 0.268401
1130.000000 0.267192 0.267065 : 0.268439 0.266483 0.266654
1140.000000 0.265454 0.265318 : 0.266687 0.264765 0.264909
1150.000000 0.263767 0.263622 : 0.264982 0.263102 0.263215
1160.000000 0.262106 0.261954 : 0.263307 0.261467 0.261544
1170.000000 0.260450 0.260291 : 0.261634 0.259831 0.259887
1180.000000 0.258814 0.258648 : 0.259976 0.258218 0.258248
1190.000000 0.257223 0.257054 : 0.258367 0.256653 0.256649
1200.000000 0.255638 0.255464 : 0.256764 0.255091 0.255058
1210.000000 0.254064 0.253890 : 0.255178 0.253544 0.253470
1220.000000 0.252506 0.252329 : 0.253605 0.252017 0.251895
1230.000000 0.250956 0.250779 : 0.252048 0.250501 0.250319
1240.000000 0.249441 0.249265 : 0.250526 0.249021 0.248777
1250.000000 0.247936 0.247759 : 0.249011 0.247553 0.247243
1260.000000 0.246437 0.246258 : 0.247501 0.246093 0.245716
1270.000000 0.244956 0.244776 : 0.246010 0.244648 0.244210
1280.000000 0.243512 0.243330 : 0.244557 0.243247 0.242733
1290.000000 0.242074 0.241887 : 0.243110 0.241843 0.241271
1300.000000 0.240652 0.240458 : 0.241673 0.240458 0.239825
1310.000000 0.239251 0.239052 : 0.240259 0.239096 0.238398
1320.000000 0.237854 0.237652 : 0.238854 0.237725 0.236983
1330.000000 0.236491 0.236284 : 0.237482 0.236391 0.235601
1340.000000 0.235142 0.234931 : 0.236127 0.235067 0.234231
1350.000000 0.233779 0.233565 : 0.234765 0.233723 0.232850
1360.000000 0.232455 0.232237 : 0.233446 0.232414 0.231505
1370.000000 0.231161 0.230940 : 0.232168 0.231131 0.230186
1380.000000 0.229860 0.229636 : 0.230879 0.229846 0.228857
1390.000000 0.228564 0.228338 : 0.229596 0.228558 0.227538
1400.000000 0.227307 0.227079 : 0.228352 0.227311 0.226257
1410.000000 0.226053 0.225825 : 0.227103 0.226072 0.224983
1420.000000 0.224795 0.224571 : 0.225852 0.224823 0.223711
1430.000000 0.223566 0.223345 : 0.224617 0.223605 0.222477
1440.000000 0.222339 0.222123 : 0.223388 0.222384 0.221243
1450.000000 0.221118 0.220908 : 0.222168 0.221172 0.220013
1460.000000 0.219916 0.219713 : 0.220962 0.219980 0.218806
1470.000000 0.218729 0.218533 : 0.219777 0.218797 0.217612
1480.000000 0.217542 0.217352 : 0.218590 0.217618 0.216418
1490.000000 0.216379 0.216192 : 0.217433 0.216462 0.215244
1500.000000 0.215232 0.215047 : 0.216291 0.215310 0.214094
1510.000000 0.214097 0.213912 : 0.215156 0.214180 0.212954
1520.000000 0.212973 0.212791 : 0.214038 0.213055 0.211827
1530.000000 0.211858 0.211674 : 0.212917 0.211946 0.210709
1540.000000 0.210754 0.210571 : 0.211809 0.210848 0.209606
1550.000000 0.209666 0.209486 : 0.210710 0.209770 0.208520
1560.000000 0.208587 0.208413 : 0.209615 0.208706 0.207440
1570.000000 0.207508 0.207341 : 0.208518 0.207642 0.206366
1580.000000 0.206449 0.206288 : 0.207428 0.206606 0.205313
1590.000000 0.205401 0.205252 : 0.206358 0.205580 0.204266
1600.000000 0.204360 0.204221 : 0.205291 0.204567 0.203223
1610.000000 0.203327 0.203198 : 0.204233 0.203560 0.202190
1620.000000 0.202308 0.202189 : 0.203189 0.202569 0.201166
1630.000000 0.201299 0.201192 : 0.202160 0.201586 0.200152
1640.000000 0.200301 0.200204 : 0.201140 0.200612 0.199150
1650.000000 0.199302 0.199218 : 0.200125 0.199632 0.198150
1660.000000 0.198314 0.198241 : 0.199121 0.198661 0.197158
1670.000000 0.197332 0.197271 : 0.198127 0.197697 0.196173
1680.000000 0.196360 0.196310 : 0.197148 0.196737 0.195196
1690.000000 0.195396 0.195358 : 0.196171 0.195788 0.194228
1700.000000 0.194436 0.194409 : 0.195199 0.194841 0.193267
1710.000000 0.193478 0.193460 : 0.194229 0.193898 0.192309
1720.000000 0.192531 0.192523 : 0.193277 0.192956 0.191360
1730.000000 0.191594 0.191593 : 0.192328 0.192027 0.190425
1740.000000 0.190665 0.190670 : 0.191392 0.191107 0.189497
1750.000000 0.189742 0.189750 : 0.190465 0.190185 0.188576
1760.000000 0.188836 0.188846 : 0.189552 0.189276 0.187679
1770.000000 0.187938 0.187950 : 0.188650 0.188374 0.186791
1780.000000 0.187044 0.187056 : 0.187747 0.187474 0.185912
1790.000000 0.186159 0.186168 : 0.186852 0.186584 0.185040
1800.000000 0.185288 0.185295 : 0.185971 0.185711 0.184183
1810.000000 0.184424 0.184428 : 0.185092 0.184852 0.183329
1820.000000 0.183566 0.183566 : 0.184215 0.184002 0.182481
1830.000000 0.182712 0.182708 : 0.183338 0.183164 0.181634
1840.000000 0.181868 0.181862 : 0.182474 0.182337 0.180792
1850.000000 0.181026 0.181017 : 0.181614 0.181510 0.179956
1860.000000 0.180192 0.180179 : 0.180760 0.180693 0.179123
1870.000000 0.179373 0.179355 : 0.179924 0.179889 0.178307
1880.000000 0.178559 0.178532 : 0.179093 0.179083 0.177501
1890.000000 0.177754 0.177719 : 0.178273 0.178286 0.176704
1900.000000 0.176961 0.176915 : 0.177464 0.177502 0.175917
1910.000000 0.176175 0.176115 : 0.176656 0.176725 0.175145
1920.000000 0.175389 0.175317 : 0.175852 0.175947 0.174368
1930.000000 0.174610 0.174526 : 0.175057 0.175175 0.173598
1940.000000 0.173841 0.173744 : 0.174268 0.174412 0.172842
1950.000000 0.173076 0.172968 : 0.173486 0.173656 0.172087
1960.000000 0.172318 0.172199 : 0.172706 0.172910 0.171337
1970.000000 0.171567 0.171437 : 0.171935 0.172170 0.170596
1980.000000 0.170826 0.170684 : 0.171177 0.171436 0.169865
1990.000000 0.170089 0.169937 : 0.170426 0.170712 0.169127
2000.000000 0.169355 0.169196 : 0.169677 0.169983 0.168405
5000.000000 0.070452 0.070379 : 0.070286 0.070560 0.070510
10000.000000 0.029189 0.029220 : 0.029101 0.029043 0.029424
15000.000000 0.014769 0.014770 : 0.014666 0.014600 0.015041
20000.000000 0.008181 0.008203 : 0.008270 0.008089 0.008184
25000.000000 0.004762 0.004785 : 0.004749 0.004837 0.004699
30000.000000 0.002841 0.002865 : 0.002784 0.002895 0.002844
35000.000000 0.001892 0.001862 : 0.001895 0.001800 0.001979
40000.000000 0.001203 0.001128 : 0.001174 0.001125 0.001310
45000.000000 0.000779 0.000724 : 0.000525 0.000892 0.000921
50000.000000 0.000601 0.000516 : 0.000539 0.000649 0.000614
55000.000000 0.000462 0.000316 : 0.000494 0.000413 0.000477
60000.000000 0.000281 0.000208 : 0.000251 0.000243 0.000351
65000.000000 0.000126 0.000110 : 0.000220 -0.000037 0.000195
70000.000000 0.000087 0.000097 : 0.000078 0.000009 0.000174
75000.000000 0.000054 0.000036 : 0.000081 -0.000041 0.000122
80000.000000 0.000057 0.000042 : 0.000019 0.000074 0.000079
85000.000000 0.000071 0.000026 : 0.000157 0.000102 -0.000046
90000.000000 -0.000011 -0.000012 : 0.000103 -0.000180 0.000044
95000.000000 0.000025 -0.000005 : 0.000158 0.000010 -0.000094
100000.000000 0.000043 -0.000008 : 0.000061 -0.000025 0.000091
105000.000000 0.000117 -0.000009 : 0.000241 0.000096 0.000015
110000.000000 0.000032 -0.000014 : 0.000010 0.000006 0.000079
115000.000000 -0.000092 -0.000031 : 0.000002 -0.000048 -0.000231
120000.000000 0.000015 0.000018 : 0.000077 -0.000064 0.000031
125000.000000 0.000095 0.000015 : 0.000235 -0.000054 0.000102
130000.000000 -0.000052 0.000008 : -0.000087 -0.000136 0.000067
135000.000000 -0.000062 0.000004 : -0.000050 -0.000050 -0.000087
140000.000000 0.000014 0.000011 : 0.000143 -0.000032 -0.000069
145000.000000 -0.000025 0.000000 : -0.000008 -0.000141 0.000075
150000.000000 0.000042 0.000002 : -0.000035 0.000083 0.000078
155000.000000 -0.000035 -0.000013 : -0.000018 0.000073 -0.000161
160000.000000 -0.000052 0.000006 : -0.000141 0.000038 -0.000052
165000.000000 -0.000068 -0.000011 : -0.000213 0.000096 -0.000087
170000.000000 0.000029 -0.000007 : 0.000166 0.000011 -0.000088
175000.000000 0.000043 -0.000005 : -0.000039 0.000165 0.000002
180000.000000 0.000064 0.000004 : 0.000030 0.000062 0.000100
185000.000000 0.000076 -0.000009 : 0.000089 0.000098 0.000041
190000.000000 -0.000081 -0.000018 : -0.000057 -0.000221 0.000033
195000.000000 -0.000003 -0.000002 : 0.000067 -0.000114 0.000038
200000.000000 -0.000011 0.000003 : 0.000015 -0.000026 -0.000020
205000.000000 -0.000044 -0.000023 : 0.000047 -0.000077 -0.000101
210000.000000 0.000039 -0.000006 : 0.000169 -0.000073 0.000021
215000.000000 0.000039 -0.000004 : 0.000007 -0.000009 0.000121
220000.000000 -0.000025 0.000011 : 0.000002 0.000077 -0.000153
225000.000000 -0.000030 0.000000 : -0.000002 -0.000135 0.000047
230000.000000 -0.000095 0.000004 : -0.000029 -0.000044 -0.000212
235000.000000 -0.000007 0.000002 : 0.000141 -0.000151 -0.000013
240000.000000 0.000057 0.000000 : 0.000127 0.000025 0.000018
245000.000000 -0.000044 -0.000009 : -0.000166 0.000105 -0.000072
250000.000000 0.000002 -0.000003 : 0.000020 -0.000052 0.000039
255000.000000 0.000006 0.000004 : 0.000084 -0.000039 -0.000027
260000.000000 -0.000024 0.000016 : -0.000051 -0.000011 -0.000011
265000.000000 -0.000094 0.000007 : -0.000152 -0.000118 -0.000011
270000.000000 -0.000041 -0.000019 : -0.000022 -0.000001 -0.000100
275000.000000 0.000052 -0.000004 : 0.000002 0.000080 0.000074
280000.000000 0.000041 0.000018 : -0.000101 0.000025 0.000199
285000.000000 -0.000077 0.000006 : -0.000029 -0.000129 -0.000074
290000.000000 0.000070 0.000018 : 0.000021 0.000098 0.000092
295000.000000 0.000021 -0.000003 : -0.000024 0.000150 -0.000062
300000.000000 -0.000022 -0.000013 : 0.000026 -0.000010 -0.000082
305000.000000 0.000028 0.000012 : 0.000002 -0.000048 0.000129
310000.000000 -0.000053 -0.000006 : -0.000002 -0.000127 -0.000032
315000.000000 -0.000016 0.000008 : -0.000039 0.000041 -0.000050
320000.000000 0.000043 0.000006 : 0.000052 -0.000002 0.000077
325000.000000 0.000009 -0.000001 : 0.000116 0.000035 -0.000125
330000.000000 0.000012 -0.000012 : -0.000047 0.000086 -0.000003
335000.000000 0.000054 0.000011 : 0.000111 0.000086 -0.000035
340000.000000 0.000050 0.000006 : 0.000163 -0.000015 0.000002
345000.000000 -0.000025 0.000015 : 0.000081 -0.000098 -0.000058
350000.000000 -0.000060 -0.000005 : -0.000093 -0.000045 -0.000043
355000.000000 -0.000011 -0.000012 : -0.000083 0.000101 -0.000051
360000.000000 -0.000011 -0.000002 : -0.000003 -0.000062 0.000032
365000.000000 -0.000008 0.000008 : -0.000050 -0.000068 0.000095
370000.000000 0.000018 0.000005 : 0.000034 -0.000049 0.000070
375000.000000 0.000079 -0.000013 : 0.000055 0.000047 0.000136
380000.000000 -0.000031 -0.000002 : -0.000040 -0.000040 -0.000012
385000.000000 0.000057 -0.000020 : 0.000080 0.000059 0.000031
390000.000000 0.000030 0.000002 : -0.000026 -0.000016 0.000133
395000.000000 0.000031 0.000006 : -0.000034 0.000056 0.000072
400000.000000 0.000012 0.000005 : 0.000109 0.000139 -0.000212
405000.000000 0.000021 -0.000001 : 0.000017 0.000100 -0.000055
410000.000000 0.000001 0.000006 : 0.000017 0.000121 -0.000134
415000.000000 -0.000047 0.000001 : -0.000066 -0.000000 -0.000076
420000.000000 -0.000038 0.000008 : -0.000040 -0.000029 -0.000045
425000.000000 0.000015 0.000015 : 0.000156 0.000008 -0.000120
430000.000000 0.000037 -0.000003 : 0.000138 -0.000005 -0.000020
435000.000000 0.000000 -0.000001 : 0.000061 0.000090 -0.000150
440000.000000 0.000001 0.000010 : -0.000148 0.000006 0.000144
445000.000000 -0.000047 0.000005 : -0.000085 -0.000012 -0.000043
450000.000000 0.000012 -0.000008 : -0.000025 0.000024 0.000037
455000.000000 -0.000081 -0.000004 : 0.000043 -0.000226 -0.000060
460000.000000 0.000021 0.000004 : 0.000124 -0.000061 -0.000002
465000.000000 0.000037 0.000009 : 0.000118 0.000009 -0.000016
470000.000000 0.000005 0.000001 : -0.000055 0.000063 0.000008
475000.000000 -0.000056 0.000002 : -0.000045 -0.000008 -0.000116
480000.000000 0.000019 -0.000012 : -0.000026 0.000118 -0.000036
485000.000000 0.000064 -0.000006 : 0.000013 0.000125 0.000054
490000.000000 -0.000031 -0.000020 : 0.000037 -0.000040 -0.000089
495000.000000 0.000029 0.000003 : -0.000085 0.000104 0.000067
500000.000000 -0.000021 -0.000004 : 0.000041 -0.000087 -0.000018
505000.000000 0.000016 0.000016 : -0.000013 0.000014 0.000047
510000.000000 -0.000119 0.000000 : -0.000157 -0.000047 -0.000154
515000.000000 -0.000085 -0.000012 : -0.000166 -0.000013 -0.000075
520000.000000 0.000086 0.000006 : 0.000186 0.000025 0.000047
525000.000000 0.000034 -0.000004 : -0.000046 0.000133 0.000013
530000.000000 -0.000050 -0.000000 : -0.000097 0.000116 -0.000169
535000.000000 -0.000087 -0.000006 : -0.000099 -0.000011 -0.000150
540000.000000 -0.000031 -0.000009 : -0.000036 0.000036 -0.000092
545000.000000 0.000082 -0.000007 : 0.000033 0.000278 -0.000066
550000.000000 0.000016 0.000001 : -0.000006 0.000062 -0.000008
555000.000000 -0.000033 0.000006 : -0.000087 -0.000054 0.000042
560000.000000 -0.000032 -0.000005 : -0.000050 -0.000005 -0.000042
565000.000000 -0.000063 -0.000024 : 0.000014 -0.000058 -0.000145
570000.000000 -0.000076 -0.000019 : -0.000120 0.000012 -0.000121
575000.000000 0.000035 0.000001 : -0.000052 0.000142 0.000014
580000.000000 0.000070 0.000016 : 0.000064 0.000098 0.000048
585000.000000 0.000059 -0.000008 : 0.000039 0.000046 0.000092
590000.000000 0.000023 0.000000 : 0.000095 -0.000004 -0.000021
595000.000000 -0.000046 0.000004 : -0.000091 0.000011 -0.000060
600000.000000 0.000010 -0.000004 : -0.000010 0.000073 -0.000033
605000.000000 0.000030 -0.000004 : -0.000088 0.000083 0.000094
610000.000000 0.000040 -0.000007 : 0.000041 0.000136 -0.000058
615000.000000 -0.000017 -0.000003 : -0.000009 -0.000024 -0.000017
620000.000000 0.000024 -0.000001 : -0.000103 0.000150 0.000025
625000.000000 -0.000005 -0.000006 : -0.000029 -0.000034 0.000047
630000.000000 -0.000038 -0.000001 : 0.000051 -0.000207 0.000043
635000.000000 0.000038 -0.000001 : -0.000120 0.000183 0.000052
640000.000000 -0.000061 0.000008 : -0.000025 0.000000 -0.000159
645000.000000 -0.000073 0.000012 : -0.000113 -0.000102 -0.000003
650000.000000 -0.000035 -0.000015 : 0.000021 -0.000101 -0.000024
655000.000000 -0.000041 -0.000001 : 0.000016 -0.000001 -0.000138
660000.000000 -0.000062 -0.000010 : -0.000066 0.000021 -0.000141
665000.000000 -0.000023 -0.000004 : 0.000014 0.000037 -0.000120
670000.000000 0.000039 -0.000005 : 0.000090 -0.000043 0.000069
675000.000000 0.000017 -0.000006 : 0.000080 -0.000131 0.000103
680000.000000 0.000007 -0.000005 : -0.000002 -0.000122 0.000146
685000.000000 -0.000045 0.000005 : -0.000006 -0.000164 0.000034
690000.000000 -0.000014 0.000014 : -0.000010 -0.000016 -0.000015
695000.000000 -0.000042 0.000001 : -0.000036 -0.000098 0.000006
700000.000000 -0.000019 0.000000 : -0.000074 0.000018 -0.000001
705000.000000 0.000013 0.000000 : 0.000108 0.000054 -0.000123
710000.000000 0.000086 -0.000003 : 0.000013 0.000151 0.000095
715000.000000 0.000091 0.000004 : 0.000285 0.000047 -0.000060
720000.000000 0.000038 -0.000009 : 0.000090 0.000007 0.000017
725000.000000 -0.000008 -0.000001 : 0.000018 0.000028 -0.000070
730000.000000 0.000012 0.000005 : 0.000053 -0.000086 0.000069
735000.000000 -0.000084 0.000001 : -0.000112 -0.000108 -0.000032
740000.000000 -0.000034 -0.000004 : -0.000063 -0.000104 0.000065
745000.000000 -0.000029 -0.000005 : -0.000090 -0.000060 0.000063
750000.000000 -0.000028 -0.000001 : -0.000041 -0.000006 -0.000036
755000.000000 -0.000105 -0.000006 : -0.000113 -0.000121 -0.000081
760000.000000 -0.000079 0.000000 : 0.000002 -0.000061 -0.000177
765000.000000 -0.000001 -0.000002 : 0.000031 0.000094 -0.000126
770000.000000 -0.000060 -0.000012 : -0.000073 -0.000088 -0.000018
775000.000000 -0.000015 0.000011 : 0.000004 -0.000021 -0.000027
780000.000000 0.000058 -0.000006 : -0.000014 0.000197 -0.000010
785000.000000 0.000080 -0.000003 : -0.000005 0.000200 0.000044
790000.000000 -0.000077 -0.000003 : -0.000098 0.000015 -0.000149
795000.000000 -0.000092 0.000004 : -0.000046 -0.000117 -0.000113
800000.000000 -0.000046 -0.000001 : -0.000185 0.000033 0.000015
805000.000000 -0.000003 0.000000 : 0.000014 0.000035 -0.000060
810000.000000 -0.000003 -0.000004 : 0.000045 0.000002 -0.000057
815000.000000 0.000015 -0.000003 : 0.000092 0.000088 -0.000134
820000.000000 0.000027 0.000002 : 0.000098 0.000044 -0.000062
825000.000000 -0.000026 0.000002 : -0.000007 -0.000072 -0.000000
830000.000000 -0.000005 0.000007 : -0.000048 0.000071 -0.000039
835000.000000 -0.000044 0.000001 : 0.000052 -0.000020 -0.000164
840000.000000 0.000045 0.000004 : -0.000009 0.000131 0.000012
845000.000000 -0.000125 -0.000003 : -0.000050 -0.000160 -0.000164
850000.000000 -0.000025 0.000003 : -0.000048 -0.000034 0.000008
855000.000000 0.000001 0.000008 : -0.000037 0.000087 -0.000045
860000.000000 -0.000040 -0.000000 : -0.000053 -0.000012 -0.000055
865000.000000 0.000020 0.000005 : 0.000064 -0.000019 0.000014
870000.000000 -0.000013 0.000006 : 0.000042 0.000031 -0.000111
875000.000000 0.000028 0.000006 : -0.000012 -0.000065 0.000160
880000.000000 -0.000049 0.000001 : 0.000057 -0.000145 -0.000060
885000.000000 0.000005 0.000003 : -0.000051 0.000160 -0.000094
890000.000000 0.000091 -0.000001 : 0.000111 -0.000004 0.000166
895000.000000 0.000027 0.000004 : 0.000081 0.000089 -0.000090
900000.000000 -0.000106 -0.000002 : -0.000154 -0.000143 -0.000022
905000.000000 0.000038 0.000002 : -0.000156 0.000209 0.000063
910000.000000 -0.000091 -0.000010 : -0.000022 -0.000188 -0.000063
915000.000000 -0.000036 -0.000002 : -0.000171 0.000000 0.000063
920000.000000 0.000000 -0.000015 : -0.000068 0.000051 0.000019
925000.000000 0.000100 -0.000009 : 0.000134 0.000056 0.000110
930000.000000 0.000054 0.000005 : 0.000120 -0.000086 0.000128
935000.000000 0.000030 -0.000000 : 0.000044 0.000043 0.000003
940000.000000 0.000006 -0.000005 : -0.000094 0.000034 0.000078
945000.000000 -0.000023 0.000004 : 0.000103 -0.000045 -0.000128
950000.000000 -0.000001 -0.000002 : 0.000094 0.000001 -0.000098
955000.000000 0.000004 -0.000010 : 0.000033 -0.000084 0.000064
960000.000000 -0.000020 -0.000006 : -0.000069 0.000013 -0.000005
965000.000000 -0.000016 0.000001 : -0.000062 0.000026 -0.000011
970000.000000 0.000009 0.000001 : -0.000035 0.000034 0.000028
975000.000000 -0.000038 0.000001 : -0.000093 0.000064 -0.000087
980000.000000 0.000087 -0.000001 : 0.000041 0.000182 0.000037
985000.000000 -0.000102 0.000003 : -0.000088 -0.000093 -0.000126
990000.000000 -0.000003 -0.000009 : 0.000042 -0.000022 -0.000029
995000.000000 -0.000047 -0.000004 : 0.000001 -0.000067 -0.000074
1000000.000000 0.000049 -0.000002 : 0.000017 0.000039 0.000090
