0.000000 1.000000 1.000000 : 1.000000 1.000000 1.000000
10.000000 0.997480 0.997480 : 0.997481 0.997482 0.997476
20.000000 0.995831 0.995831 : 0.995827 0.995832 0.995834
30.000000 0.993369 0.993369 : 0.993353 0.993377 0.993379
40.000000 0.990454 0.990454 : 0.990423 0.990469 0.990472
50.000000 0.987354 0.987354 : 0.987309 0.987368 0.987384
60.000000 0.984285 0.984285 : 0.984222 0.984305 0.984327
70.000000 0.982079 0.982079 : 0.982000 0.982100 0.982136
80.000000 0.978800 0.978800 : 0.978708 0.978820 0.978872
90.000000 0.976479 0.976479 : 0.976372 0.976500 0.976566
100.000000 0.973829 0.973829 : 0.973712 0.973843 0.973932
110.000000 0.971487 0.971487 : 0.971359 0.971497 0.971605
120.000000 0.969620 0.969620 : 0.969481 0.969625 0.969755
130.000000 0.967612 0.967612 : 0.967465 0.967610 0.967762
140.000000 0.965487 0.965487 : 0.965331 0.965476 0.965654
150.000000 0.963250 0.963250 : 0.963088 0.963228 0.963435
160.000000 0.961114 0.961113 : 0.960945 0.961083 0.961314
170.000000 0.958655 0.958655 : 0.958481 0.958612 0.958873
180.000000 0.956461 0.956460 : 0.956283 0.956405 0.956694
190.000000 0.953927 0.953926 : 0.953746 0.953861 0.954174
200.000000 0.951577 0.951576 : 0.951395 0.951499 0.951835
210.000000 0.949416 0.949415 : 0.949232 0.949328 0.949687
220.000000 0.947011 0.947010 : 0.946828 0.946912 0.947292
230.000000 0.944753 0.944752 : 0.944574 0.944643 0.945042
240.000000 0.942336 0.942335 : 0.942158 0.942216 0.942633
250.000000 0.940278 0.940277 : 0.940103 0.940147 0.940584
260.000000 0.938029 0.938028 : 0.937860 0.937885 0.938343
270.000000 0.936012 0.936011 : 0.935850 0.935857 0.936330
280.000000 0.934065 0.934064 : 0.933909 0.933898 0.934388
290.000000 0.932118 0.932117 : 0.931970 0.931936 0.932446
300.000000 0.930289 0.930288 : 0.930151 0.930095 0.930620
310.000000 0.928255 0.928254 : 0.928129 0.928047 0.928588
320.000000 0.926414 0.926414 : 0.926300 0.926192 0.926750
330.000000 0.924508 0.924508 : 0.924405 0.924272 0.924849
340.000000 0.922712 0.922712 : 0.922620 0.922461 0.923054
350.000000 0.920825 0.920825 : 0.920746 0.920560 0.921167
360.000000 0.919176 0.919176 : 0.919111 0.918898 0.919520
370.000000 0.917460 0.917460 : 0.917408 0.917168 0.917804
380.000000 0.915616 0.915616 : 0.915578 0.915309 0.915961
390.000000 0.914014 0.914014 : 0.913991 0.913693 0.914359
400.000000 0.912326 0.912326 : 0.912317 0.911990 0.912670
410.000000 0.910775 0.910775 : 0.910780 0.910424 0.911120
420.000000 0.909091 0.909091 : 0.909112 0.908727 0.909436
430.000000 0.907636 0.907636 : 0.907672 0.907258 0.907979
440.000000 0.906179 0.906179 : 0.906232 0.905786 0.906520
450.000000 0.904619 0.904619 : 0.904688 0.904212 0.904957
460.000000 0.903190 0.903190 : 0.903273 0.902769 0.903527
470.000000 0.901672 0.901672 : 0.901771 0.901238 0.902007
480.000000 0.900276 0.900277 : 0.900392 0.899829 0.900608
490.000000 0.898803 0.898803 : 0.898934 0.898344 0.899130
500.000000 0.897410 0.897411 : 0.897556 0.896940 0.897734
510.000000 0.895987 0.895988 : 0.896148 0.895505 0.896307
520.000000 0.894577 0.894579 : 0.894756 0.894085 0.894891
530.000000 0.893242 0.893243 : 0.893436 0.892740 0.893549
540.000000 0.891810 0.891812 : 0.892022 0.891298 0.892111
550.000000 0.890460 0.890462 : 0.890688 0.889938 0.890754
560.000000 0.889109 0.889111 : 0.889354 0.888577 0.889395
570.000000 0.887831 0.887833 : 0.888094 0.887289 0.888110
580.000000 0.886478 0.886480 : 0.886758 0.885926 0.886749
590.000000 0.885207 0.885210 : 0.885505 0.884645 0.885472
600.000000 0.883934 0.883936 : 0.884248 0.883363 0.884190
610.000000 0.882618 0.882620 : 0.882950 0.882039 0.882864
620.000000 0.881394 0.881396 : 0.881741 0.880807 0.881633
630.000000 0.880121 0.880123 : 0.880484 0.879528 0.880352
640.000000 0.878895 0.878897 : 0.879274 0.878295 0.879116
650.000000 0.877639 0.877641 : 0.878032 0.877033 0.877852
660.000000 0.876455 0.876457 : 0.876863 0.875843 0.876659
670.000000 0.875228 0.875230 : 0.875651 0.874611 0.875422
680.000000 0.873998 0.874000 : 0.874435 0.873376 0.874184
690.000000 0.872817 0.872819 : 0.873268 0.872190 0.872994
700.000000 0.871615 0.871617 : 0.872079 0.870984 0.871783
710.000000 0.870447 0.870448 : 0.870925 0.869810 0.870606
720.000000 0.869262 0.869264 : 0.869753 0.868621 0.869412
730.000000 0.868114 0.868116 : 0.868619 0.867469 0.868253
740.000000 0.866948 0.866950 : 0.867465 0.866300 0.867078
750.000000 0.865796 0.865798 : 0.866326 0.865145 0.865916
760.000000 0.864667 0.864669 : 0.865209 0.864014 0.864778
770.000000 0.863538 0.863541 : 0.864091 0.862884 0.863639
780.000000 0.862407 0.862410 : 0.862972 0.861752 0.862498
790.000000 0.861281 0.861283 : 0.861858 0.860625 0.861360
800.000000 0.860207 0.860210 : 0.860796 0.859551 0.860276
810.000000 0.859098 0.859101 : 0.859698 0.858441 0.859155
820.000000 0.857984 0.857987 : 0.858596 0.857328 0.858028
830.000000 0.856903 0.856906 : 0.857526 0.856248 0.856935
840.000000 0.855839 0.855842 : 0.856472 0.855185 0.855858
850.000000 0.854766 0.854769 : 0.855411 0.854113 0.854775
860.000000 0.853686 0.853689 : 0.854341 0.853033 0.853683
870.000000 0.852645 0.852648 : 0.853311 0.851992 0.852631
880.000000 0.851595 0.851599 : 0.852274 0.850942 0.851570
890.000000 0.850564 0.850568 : 0.851253 0.849911 0.850528
900.000000 0.849529 0.849533 : 0.850229 0.848874 0.849483
910.000000 0.848495 0.848499 : 0.849205 0.847840 0.848439
920.000000 0.847485 0.847490 : 0.848207 0.846829 0.847420
930.000000 0.846484 0.846489 : 0.847217 0.845826 0.846409
940.000000 0.845488 0.845493 : 0.846232 0.844829 0.845403
950.000000 0.844476 0.844481 : 0.845231 0.843815 0.844380
960.000000 0.843497 0.843503 : 0.844263 0.842836 0.843392
970.000000 0.842524 0.842530 : 0.843302 0.841863 0.842408
980.000000 0.841543 0.841549 : 0.842330 0.840883 0.841417
990.000000 0.840569 0.840575 : 0.841365 0.839909 0.840432
1000.000000 0.839610 0.839617 : 0.840416 0.838951 0.839463
1010.000000 0.838661 0.838668 : 0.839477 0.838004 0.838504
1020.000000 0.837703 0.837709 : 0.838527 0.837047 0.837535
1030.000000 0.836766 0.836773 : 0.837599 0.836112 0.836587
1040.000000 0.835830 0.835837 : 0.836672 0.835178 0.835641
1050.000000 0.834894 0.834901 : 0.835745 0.834245 0.834694
1060.000000 0.833976 0.833983 : 0.834834 0.833329 0.833764
1070.000000 0.833061 0.833068 : 0.833928 0.832417 0.832839
1080.000000 0.832147 0.832154 : 0.833021 0.831506 0.831913
1090.000000 0.831240 0.831248 : 0.832121 0.830602 0.830997
1100.000000 0.830350 0.830358 : 0.831239 0.829714 0.830098
1110.000000 0.829456 0.829464 : 0.830351 0.828821 0.829195
1120.000000 0.828571 0.828580 : 0.829473 0.827939 0.828302
1130.000000 0.827698 0.827707 : 0.828605 0.827066 0.827422
1140.000000 0.826821 0.826830 : 0.827734 0.826190 0.826537
1150.000000 0.825956 0.825965 : 0.826876 0.825327 0.825666
1160.000000 0.825099 0.825108 : 0.826026 0.824471 0.824802
1170.000000 0.824244 0.824253 : 0.825177 0.823615 0.823940
1180.000000 0.823391 0.823399 : 0.824329 0.822762 0.823081
1190.000000 0.822553 0.822562 : 0.823497 0.821925 0.822236
1200.000000 0.821716 0.821724 : 0.822666 0.821088 0.821393
1210.000000 0.820881 0.820890 : 0.821838 0.820254 0.820552
1220.000000 0.820053 0.820062 : 0.821015 0.819428 0.819717
1230.000000 0.819228 0.819236 : 0.820194 0.818604 0.818885
1240.000000 0.818411 0.818419 : 0.819383 0.817789 0.818062
1250.000000 0.817598 0.817606 : 0.818575 0.816978 0.817242
1260.000000 0.816788 0.816795 : 0.817769 0.816170 0.816425
1270.000000 0.815981 0.815989 : 0.816966 0.815366 0.815613
1280.000000 0.815185 0.815193 : 0.816174 0.814573 0.814809
1290.000000 0.814391 0.814398 : 0.815382 0.813781 0.814009
1300.000000 0.813600 0.813607 : 0.814595 0.812993 0.813212
1310.000000 0.812816 0.812823 : 0.813815 0.812211 0.812423
1320.000000 0.812033 0.812039 : 0.813036 0.811428 0.811635
1330.000000 0.811261 0.811267 : 0.812268 0.810656 0.810858
1340.000000 0.810494 0.810500 : 0.811505 0.809889 0.810087
1350.000000 0.809722 0.809728 : 0.810738 0.809116 0.809311
1360.000000 0.808960 0.808966 : 0.809980 0.808353 0.808546
1370.000000 0.808209 0.808215 : 0.809234 0.807601 0.807792
1380.000000 0.807455 0.807461 : 0.808485 0.806847 0.807034
1390.000000 0.806701 0.806707 : 0.807734 0.806091 0.806277
1400.000000 0.805961 0.805966 : 0.806998 0.805351 0.805532
1410.000000 0.805221 0.805227 : 0.806262 0.804611 0.804789
1420.000000 0.804480 0.804486 : 0.805525 0.803870 0.804044
1430.000000 0.803748 0.803755 : 0.804796 0.803140 0.803309
1440.000000 0.803018 0.803025 : 0.804070 0.802410 0.802574
1450.000000 0.802288 0.802296 : 0.803345 0.801679 0.801840
1460.000000 0.801565 0.801573 : 0.802626 0.800956 0.801113
1470.000000 0.800847 0.800855 : 0.801914 0.800237 0.800389
1480.000000 0.800126 0.800135 : 0.801199 0.799516 0.799664
1490.000000 0.799413 0.799422 : 0.800492 0.798801 0.798946
1500.000000 0.798705 0.798714 : 0.799789 0.798091 0.798234
1510.000000 0.797997 0.798007 : 0.799088 0.797382 0.797522
1520.000000 0.797295 0.797304 : 0.798391 0.796677 0.796816
1530.000000 0.796595 0.796604 : 0.797696 0.795976 0.796112
1540.000000 0.795897 0.795907 : 0.797005 0.795276 0.795411
1550.000000 0.795205 0.795215 : 0.796318 0.794583 0.794715
1560.000000 0.794517 0.794528 : 0.795636 0.793894 0.794023
1570.000000 0.793829 0.793840 : 0.794953 0.793204 0.793331
1580.000000 0.793146 0.793157 : 0.794275 0.792520 0.792643
1590.000000 0.792468 0.792479 : 0.793602 0.791841 0.791961
1600.000000 0.791791 0.791803 : 0.792931 0.791164 0.791280
1610.000000 0.791118 0.791130 : 0.792263 0.790489 0.790602
1620.000000 0.790448 0.790460 : 0.791598 0.789819 0.789928
1630.000000 0.789783 0.789795 : 0.790938 0.789153 0.789257
1640.000000 0.789120 0.789133 : 0.790280 0.788489 0.788590
1650.000000 0.788458 0.788472 : 0.789624 0.787826 0.787924
1660.000000 0.787800 0.787813 : 0.788971 0.787166 0.787262
1670.000000 0.787143 0.787157 : 0.788320 0.786508 0.786601
1680.000000 0.786490 0.786504 : 0.787672 0.785853 0.785945
1690.000000 0.785839 0.785854 : 0.787027 0.785200 0.785291
1700.000000 0.785192 0.785207 : 0.786384 0.784551 0.784641
1710.000000 0.784545 0.784559 : 0.785740 0.783902 0.783992
1720.000000 0.783900 0.783915 : 0.785100 0.783256 0.783346
1730.000000 0.783261 0.783275 : 0.784463 0.782614 0.782705
1740.000000 0.782623 0.782637 : 0.783828 0.781975 0.782066
1750.000000 0.781986 0.782001 : 0.783194 0.781336 0.781429
1760.000000 0.781355 0.781369 : 0.782563 0.780704 0.780797
1770.000000 0.780728 0.780742 : 0.781938 0.780075 0.780171
1780.000000 0.780101 0.780115 : 0.781312 0.779447 0.779544
1790.000000 0.779476 0.779490 : 0.780689 0.778821 0.778920
1800.000000 0.778856 0.778870 : 0.780069 0.778199 0.778301
1810.000000 0.778239 0.778252 : 0.779453 0.777581 0.777684
1820.000000 0.777624 0.777637 : 0.778839 0.776964 0.777070
1830.000000 0.777012 0.777024 : 0.778229 0.776351 0.776458
1840.000000 0.776404 0.776416 : 0.777622 0.775741 0.775851
1850.000000 0.775797 0.775808 : 0.777016 0.775131 0.775244
1860.000000 0.775194 0.775204 : 0.776414 0.774525 0.774642
1870.000000 0.774594 0.774604 : 0.775816 0.773923 0.774044
1880.000000 0.773996 0.774006 : 0.775220 0.773322 0.773447
1890.000000 0.773400 0.773409 : 0.774625 0.772723 0.772853
1900.000000 0.772809 0.772817 : 0.774036 0.772128 0.772263
1910.000000 0.772219 0.772226 : 0.773448 0.771535 0.771675
1920.000000 0.771630 0.771636 : 0.772860 0.770944 0.771087
1930.000000 0.771044 0.771049 : 0.772275 0.770355 0.770502
1940.000000 0.770460 0.770465 : 0.771693 0.769768 0.769920
1950.000000 0.769878 0.769883 : 0.771111 0.769184 0.769340
1960.000000 0.769298 0.769301 : 0.770531 0.768601 0.768761
1970.000000 0.768720 0.768723 : 0.769954 0.768021 0.768184
1980.000000 0.768144 0.768147 : 0.769379 0.767442 0.767612
1990.000000 0.767571 0.767573 : 0.768807 0.766867 0.767041
2000.000000 0.767001 0.767003 : 0.768237 0.766292 0.766475
5000.000000 0.656473 0.656454 : 0.656472 0.656409 0.656540
10000.000000 0.555646 0.555611 : 0.555726 0.555229 0.555982
15000.000000 0.487819 0.487785 : 0.487889 0.487310 0.488257
20000.000000 0.435219 0.435182 : 0.435205 0.434757 0.435695
25000.000000 0.391864 0.391825 : 0.391776 0.391474 0.392343
30000.000000 0.355392 0.355377 : 0.355331 0.354968 0.355876
35000.000000 0.324046 0.323972 : 0.324136 0.323668 0.324333
40000.000000 0.296495 0.296433 : 0.296581 0.296051 0.296855
45000.000000 0.272343 0.272310 : 0.272599 0.271602 0.272829
50000.000000 0.250691 0.250674 : 0.251119 0.249793 0.251160
55000.000000 0.231438 0.231393 : 0.231969 0.230650 0.231694
60000.000000 0.213995 0.214024 : 0.214619 0.213067 0.214300
65000.000000 0.198244 0.198236 : 0.199084 0.197196 0.198453
70000.000000 0.183878 0.183887 : 0.184900 0.182975 0.183758
75000.000000 0.170868 0.170907 : 0.172012 0.170005 0.170588
80000.000000 0.159005 0.159084 : 0.160332 0.158223 0.158461
85000.000000 0.148058 0.148278 : 0.149384 0.147351 0.147439
90000.000000 0.138069 0.138374 : 0.139298 0.137323 0.137587
95000.000000 0.128978 0.129277 : 0.130287 0.128241 0.128406
100000.000000 0.120499 0.120837 : 0.121880 0.119646 0.119970
105000.000000 0.112689 0.113039 : 0.114077 0.111970 0.112021
110000.000000 0.105452 0.105835 : 0.106821 0.104848 0.104687
115000.000000 0.098718 0.099116 : 0.100127 0.098052 0.097975
120000.000000 0.092671 0.093074 : 0.093899 0.092187 0.091928
125000.000000 0.087062 0.087469 : 0.088190 0.086743 0.086252
130000.000000 0.081761 0.082150 : 0.082776 0.081633 0.080875
135000.000000 0.076821 0.077239 : 0.077750 0.076829 0.075882
140000.000000 0.072285 0.072693 : 0.073290 0.072211 0.071355
145000.000000 0.068047 0.068456 : 0.068986 0.067994 0.067162
150000.000000 0.064140 0.064537 : 0.065103 0.064041 0.063276
155000.000000 0.060477 0.060836 : 0.061465 0.060320 0.059647
160000.000000 0.057073 0.057414 : 0.057908 0.056897 0.056415
165000.000000 0.053902 0.054151 : 0.054672 0.053692 0.053341
170000.000000 0.050886 0.051106 : 0.051486 0.050701 0.050472
175000.000000 0.048090 0.048326 : 0.048414 0.048025 0.047830
180000.000000 0.045450 0.045647 : 0.045677 0.045498 0.045176
185000.000000 0.042956 0.043133 : 0.043043 0.043251 0.042573
190000.000000 0.040698 0.040771 : 0.040751 0.041152 0.040193
195000.000000 0.038614 0.038596 : 0.038635 0.039136 0.038070
200000.000000 0.036608 0.036551 : 0.036407 0.037074 0.036344
205000.000000 0.034719 0.034579 : 0.034539 0.035168 0.034450
210000.000000 0.032904 0.032752 : 0.032605 0.033468 0.032639
215000.000000 0.031250 0.031049 : 0.030806 0.031908 0.031035
220000.000000 0.029563 0.029399 : 0.029044 0.030216 0.029430
225000.000000 0.028014 0.027893 : 0.027508 0.028721 0.027812
230000.000000 0.026555 0.026451 : 0.026063 0.027303 0.026299
235000.000000 0.025231 0.025148 : 0.024725 0.026112 0.024855
240000.000000 0.024007 0.023894 : 0.023453 0.024949 0.023620
245000.000000 0.022798 0.022700 : 0.022196 0.023705 0.022493
250000.000000 0.021644 0.021573 : 0.020909 0.022597 0.021427
255000.000000 0.020437 0.020526 : 0.019805 0.021242 0.020266
260000.000000 0.019405 0.019496 : 0.018772 0.020258 0.019185
265000.000000 0.018465 0.018545 : 0.017955 0.019154 0.018285
270000.000000 0.017522 0.017622 : 0.016958 0.018275 0.017334
275000.000000 0.016774 0.016847 : 0.016135 0.017606 0.016580
280000.000000 0.015985 0.015992 : 0.015466 0.016787 0.015701
285000.000000 0.015236 0.015215 : 0.014710 0.016074 0.014924
290000.000000 0.014489 0.014458 : 0.014009 0.015393 0.014066
295000.000000 0.013828 0.013746 : 0.013365 0.014742 0.013377
300000.000000 0.013134 0.013056 : 0.012639 0.014077 0.012687
305000.000000 0.012557 0.012440 : 0.012015 0.013580 0.012076
310000.000000 0.011980 0.011837 : 0.011366 0.013042 0.011531
315000.000000 0.011447 0.011216 : 0.010709 0.012545 0.011088
320000.000000 0.010993 0.010660 : 0.010039 0.012241 0.010698
325000.000000 0.010417 0.010124 : 0.009336 0.011786 0.010128
330000.000000 0.009925 0.009614 : 0.008730 0.011325 0.009718
335000.000000 0.009491 0.009190 : 0.008108 0.010933 0.009431
340000.000000 0.009124 0.008766 : 0.007711 0.010576 0.009085
345000.000000 0.008727 0.008364 : 0.007244 0.010201 0.008736
350000.000000 0.008395 0.007991 : 0.006956 0.009843 0.008388
355000.000000 0.008041 0.007649 : 0.006593 0.009494 0.008036
360000.000000 0.007731 0.007297 : 0.006436 0.009107 0.007650
365000.000000 0.007394 0.006989 : 0.006246 0.008722 0.007214
370000.000000 0.007094 0.006709 : 0.006055 0.008393 0.006835
375000.000000 0.006790 0.006397 : 0.005748 0.008022 0.006600
380000.000000 0.006480 0.006122 : 0.005480 0.007751 0.006208
385000.000000 0.006126 0.005836 : 0.005146 0.007415 0.005819
390000.000000 0.005867 0.005631 : 0.004952 0.007069 0.005580
395000.000000 0.005640 0.005426 : 0.004679 0.006934 0.005308
400000.000000 0.005491 0.005214 : 0.004596 0.006766 0.005110
405000.000000 0.005350 0.005084 : 0.004493 0.006703 0.004854
410000.000000 0.005102 0.004929 : 0.004188 0.006514 0.004604
415000.000000 0.004882 0.004763 : 0.003933 0.006210 0.004502
420000.000000 0.004716 0.004610 : 0.003815 0.005970 0.004364
425000.000000 0.004645 0.004457 : 0.003682 0.005937 0.004316
430000.000000 0.004538 0.004318 : 0.003628 0.005737 0.004250
435000.000000 0.004400 0.004140 : 0.003441 0.005615 0.004142
440000.000000 0.004318 0.004018 : 0.003327 0.005421 0.004206
445000.000000 0.004127 0.003878 : 0.003055 0.005137 0.004190
450000.000000 0.003965 0.003748 : 0.002923 0.004863 0.004110
455000.000000 0.003817 0.003603 : 0.002892 0.004489 0.004072
460000.000000 0.003669 0.003416 : 0.002751 0.004222 0.004034
465000.000000 0.003492 0.003273 : 0.002481 0.004086 0.003909
470000.000000 0.003397 0.003153 : 0.002380 0.004055 0.003757
475000.000000 0.003214 0.003055 : 0.002166 0.003962 0.003515
480000.000000 0.003115 0.002951 : 0.001995 0.003858 0.003491
485000.000000 0.002978 0.002840 : 0.001909 0.003619 0.003407
490000.000000 0.002860 0.002750 : 0.001850 0.003381 0.003350
495000.000000 0.002701 0.002668 : 0.001742 0.003164 0.003198
500000.000000 0.002614 0.002597 : 0.001678 0.003084 0.003079
505000.000000 0.002504 0.002512 : 0.001528 0.002910 0.003073
510000.000000 0.002325 0.002406 : 0.001299 0.002744 0.002931
515000.000000 0.002225 0.002320 : 0.001143 0.002557 0.002974
520000.000000 0.002166 0.002274 : 0.001010 0.002524 0.002965
525000.000000 0.002122 0.002215 : 0.001121 0.002384 0.002861
530000.000000 0.002044 0.002127 : 0.001029 0.002246 0.002857
535000.000000 0.001962 0.002034 : 0.001050 0.002206 0.002629
540000.000000 0.001929 0.001964 : 0.000986 0.002182 0.002621
545000.000000 0.001903 0.001890 : 0.001015 0.002220 0.002475
550000.000000 0.001758 0.001814 : 0.000954 0.002090 0.002230
555000.000000 0.001731 0.001780 : 0.000955 0.002035 0.002202
560000.000000 0.001673 0.001687 : 0.000889 0.002098 0.002031
565000.000000 0.001618 0.001611 : 0.000917 0.002095 0.001842
570000.000000 0.001599 0.001575 : 0.000800 0.002145 0.001851
575000.000000 0.001447 0.001509 : 0.000557 0.002087 0.001698
580000.000000 0.001380 0.001443 : 0.000441 0.002029 0.001671
585000.000000 0.001368 0.001397 : 0.000397 0.001976 0.001729
590000.000000 0.001344 0.001319 : 0.000478 0.001948 0.001606
595000.000000 0.001266 0.001297 : 0.000418 0.001888 0.001493
600000.000000 0.001326 0.001255 : 0.000422 0.001855 0.001701
605000.000000 0.001300 0.001221 : 0.000347 0.001684 0.001868
610000.000000 0.001234 0.001155 : 0.000287 0.001571 0.001844
615000.000000 0.001258 0.001133 : 0.000295 0.001689 0.001791
620000.000000 0.001192 0.001089 : 0.000197 0.001642 0.001736
625000.000000 0.001101 0.001056 : 0.000207 0.001393 0.001703
630000.000000 0.001082 0.001014 : 0.000279 0.001265 0.001702
635000.000000 0.000980 0.000955 : 0.000208 0.001021 0.001710
640000.000000 0.000864 0.000885 : 0.000077 0.000834 0.001680
645000.000000 0.000802 0.000860 : 0.000142 0.000604 0.001659
650000.000000 0.000691 0.000816 : 0.000057 0.000447 0.001570
655000.000000 0.000618 0.000811 : -0.000081 0.000340 0.001596
660000.000000 0.000513 0.000795 : -0.000104 0.000087 0.001557
665000.000000 0.000436 0.000808 : -0.000136 0.000035 0.001407
670000.000000 0.000449 0.000781 : 0.000032 -0.000025 0.001341
675000.000000 0.000377 0.000753 : -0.000082 0.000002 0.001211
680000.000000 0.000358 0.000732 : -0.000028 0.000035 0.001066
685000.000000 0.000343 0.000719 : 0.000019 -0.000015 0.001026
690000.000000 0.000281 0.000680 : -0.000075 0.000056 0.000861
695000.000000 0.000315 0.000690 : -0.000042 0.000112 0.000874
700000.000000 0.000310 0.000678 : -0.000005 0.000081 0.000855
705000.000000 0.000345 0.000684 : 0.000134 0.000045 0.000854
710000.000000 0.000340 0.000695 : 0.000210 0.000140 0.000669
715000.000000 0.000272 0.000730 : 0.000261 0.000085 0.000470
720000.000000 0.000246 0.000717 : 0.000235 0.000112 0.000392
725000.000000 0.000235 0.000724 : 0.000296 0.000031 0.000379
730000.000000 0.000288 0.000716 : 0.000331 0.000117 0.000416
735000.000000 0.000303 0.000700 : 0.000492 0.000142 0.000277
740000.000000 0.000235 0.000719 : 0.000426 0.000054 0.000224
745000.000000 0.000278 0.000720 : 0.000584 -0.000064 0.000313
750000.000000 0.000218 0.000695 : 0.000496 -0.000172 0.000330
755000.000000 0.000153 0.000652 : 0.000431 -0.000252 0.000281
760000.000000 0.000108 0.000625 : 0.000466 -0.000289 0.000148
765000.000000 0.000103 0.000609 : 0.000549 -0.000431 0.000190
770000.000000 0.000119 0.000607 : 0.000630 -0.000407 0.000135
775000.000000 0.000126 0.000573 : 0.000755 -0.000367 -0.000009
780000.000000 0.000125 0.000559 : 0.000852 -0.000367 -0.000108
785000.000000 0.000072 0.000514 : 0.000835 -0.000366 -0.000252
790000.000000 0.000099 0.000481 : 0.000857 -0.000273 -0.000286
795000.000000 0.000066 0.000476 : 0.000726 -0.000251 -0.000277
800000.000000 -0.000076 0.000432 : 0.000594 -0.000354 -0.000467
805000.000000 -0.000107 0.000391 : 0.000554 -0.000378 -0.000498
810000.000000 -0.000183 0.000340 : 0.000505 -0.000360 -0.000695
815000.000000 -0.000289 0.000352 : 0.000330 -0.000343 -0.000854
820000.000000 -0.000321 0.000347 : 0.000349 -0.000276 -0.001035
825000.000000 -0.000238 0.000331 : 0.000375 -0.000080 -0.001009
830000.000000 -0.000249 0.000339 : 0.000293 -0.000021 -0.001017
835000.000000 -0.000286 0.000293 : 0.000307 0.000054 -0.001219
840000.000000 -0.000305 0.000284 : 0.000222 0.000095 -0.001232
845000.000000 -0.000238 0.000286 : 0.000228 0.000238 -0.001180
850000.000000 -0.000229 0.000253 : 0.000178 0.000269 -0.001135
855000.000000 -0.000217 0.000217 : 0.000127 0.000393 -0.001172
860000.000000 -0.000209 0.000183 : 0.000298 0.000343 -0.001269
865000.000000 -0.000237 0.000164 : 0.000285 0.000333 -0.001329
870000.000000 -0.000201 0.000175 : 0.000289 0.000382 -0.001276
875000.000000 -0.000112 0.000200 : 0.000307 0.000519 -0.001163
880000.000000 -0.000082 0.000194 : 0.000313 0.000526 -0.001086
885000.000000 -0.000031 0.000201 : 0.000392 0.000496 -0.000980
890000.000000 -0.000018 0.000198 : 0.000283 0.000495 -0.000833
895000.000000 -0.000041 0.000187 : 0.000336 0.000430 -0.000888
900000.000000 -0.000020 0.000173 : 0.000337 0.000472 -0.000869
905000.000000 0.000031 0.000149 : 0.000313 0.000614 -0.000835
910000.000000 -0.000029 0.000136 : 0.000250 0.000627 -0.000963
915000.000000 -0.000011 0.000125 : 0.000341 0.000572 -0.000946
920000.000000 -0.000054 0.000111 : 0.000359 0.000520 -0.001040
925000.000000 0.000027 0.000135 : 0.000364 0.000651 -0.000935
930000.000000 0.000043 0.000133 : 0.000384 0.000508 -0.000763
935000.000000 0.000074 0.000139 : 0.000445 0.000556 -0.000779
940000.000000 0.000195 0.000159 : 0.000507 0.000679 -0.000599
945000.000000 0.000226 0.000146 : 0.000500 0.000647 -0.000470
950000.000000 0.000078 0.000120 : 0.000226 0.000643 -0.000635
955000.000000 0.000008 0.000097 : 0.000078 0.000595 -0.000648
960000.000000 0.000065 0.000122 : 0.000153 0.000654 -0.000611
965000.000000 0.000065 0.000108 : 0.000118 0.000672 -0.000594
970000.000000 0.000021 0.000106 : 0.000013 0.000533 -0.000483
975000.000000 0.000121 0.000118 : 0.000174 0.000478 -0.000288
980000.000000 0.000175 0.000135 : 0.000272 0.000463 -0.000209
985000.000000 0.000199 0.000167 : 0.000339 0.000323 -0.000064
990000.000000 0.000251 0.000199 : 0.000351 0.000417 -0.000014
995000.000000 0.000138 0.000203 : 0.000192 0.000260 -0.000038
1000000.000000 0.000005 0.000173 : 0.000069 0.000058 -0.000114
