0.000000 1.000000 1.000000 : 1.000000 1.000000 1.000000
10.000000 0.987868 0.987868 : 0.987874 0.987878 0.987853
20.000000 0.980023 0.980023 : 0.980005 0.980027 0.980037
30.000000 0.968472 0.968472 : 0.968395 0.968506 0.968514
40.000000 0.955034 0.955034 : 0.954891 0.955097 0.955113
50.000000 0.941047 0.941047 : 0.940851 0.941109 0.941181
60.000000 0.927481 0.927482 : 0.927217 0.927564 0.927664
70.000000 0.918101 0.918101 : 0.917773 0.918182 0.918349
80.000000 0.904107 0.904106 : 0.903738 0.904175 0.904409
90.000000 0.894469 0.894467 : 0.894047 0.894532 0.894827
100.000000 0.883566 0.883563 : 0.883119 0.883594 0.883984
110.000000 0.874008 0.874005 : 0.873529 0.874017 0.874479
120.000000 0.866641 0.866637 : 0.866128 0.866623 0.867173
130.000000 0.858611 0.858606 : 0.858079 0.858557 0.859198
140.000000 0.850059 0.850052 : 0.849503 0.849966 0.850707
150.000000 0.841203 0.841195 : 0.840636 0.841063 0.841911
160.000000 0.832792 0.832783 : 0.832214 0.832614 0.833549
170.000000 0.823221 0.823210 : 0.822633 0.822992 0.824038
180.000000 0.814817 0.814804 : 0.814228 0.814540 0.815682
190.000000 0.805150 0.805136 : 0.804563 0.804831 0.806056
200.000000 0.796392 0.796377 : 0.795818 0.796029 0.797329
210.000000 0.788516 0.788499 : 0.787945 0.788113 0.789491
220.000000 0.779798 0.779780 : 0.779243 0.779354 0.780797
230.000000 0.771723 0.771705 : 0.771192 0.771238 0.772741
240.000000 0.763178 0.763160 : 0.762662 0.762658 0.764215
250.000000 0.756099 0.756081 : 0.755601 0.755539 0.757156
260.000000 0.748337 0.748320 : 0.747865 0.747732 0.749413
270.000000 0.741487 0.741472 : 0.741050 0.740846 0.742566
280.000000 0.734995 0.734981 : 0.734592 0.734315 0.736078
290.000000 0.728577 0.728566 : 0.728211 0.727850 0.729669
300.000000 0.722577 0.722569 : 0.722252 0.721810 0.723667
310.000000 0.715932 0.715927 : 0.715657 0.715126 0.717011
320.000000 0.709991 0.709989 : 0.709764 0.709144 0.711065
330.000000 0.703912 0.703913 : 0.703726 0.703024 0.704987
340.000000 0.698209 0.698211 : 0.698067 0.697283 0.699277
350.000000 0.692229 0.692234 : 0.692139 0.691268 0.693281
360.000000 0.687182 0.687188 : 0.687137 0.686183 0.688226
370.000000 0.681852 0.681859 : 0.681850 0.680818 0.682889
380.000000 0.676149 0.676156 : 0.676189 0.675078 0.677181
390.000000 0.671282 0.671289 : 0.671367 0.670173 0.672306
400.000000 0.666158 0.666165 : 0.666283 0.665017 0.667174
410.000000 0.661522 0.661528 : 0.661685 0.660344 0.662537
420.000000 0.656414 0.656420 : 0.656618 0.655202 0.657422
430.000000 0.652141 0.652147 : 0.652383 0.650899 0.653142
440.000000 0.647871 0.647878 : 0.648158 0.646594 0.648861
450.000000 0.643279 0.643287 : 0.643606 0.641974 0.644256
460.000000 0.639113 0.639123 : 0.639473 0.637782 0.640083
470.000000 0.634689 0.634701 : 0.635086 0.633333 0.635647
480.000000 0.630689 0.630703 : 0.631125 0.629311 0.631629
490.000000 0.626439 0.626457 : 0.626915 0.625045 0.627357
500.000000 0.622464 0.622485 : 0.622971 0.621054 0.623366
510.000000 0.618415 0.618440 : 0.618958 0.616989 0.619297
520.000000 0.614446 0.614475 : 0.615029 0.613008 0.615299
530.000000 0.610707 0.610739 : 0.611325 0.609258 0.611537
540.000000 0.606690 0.606725 : 0.607346 0.605228 0.607495
550.000000 0.602925 0.602962 : 0.603616 0.601451 0.603707
560.000000 0.599197 0.599236 : 0.599928 0.597710 0.599953
570.000000 0.595701 0.595741 : 0.596472 0.594198 0.596432
580.000000 0.591977 0.592018 : 0.592788 0.590457 0.592686
590.000000 0.588551 0.588593 : 0.589401 0.587014 0.589237
600.000000 0.585096 0.585138 : 0.585984 0.583546 0.585758
610.000000 0.581541 0.581584 : 0.582470 0.579979 0.582175
620.000000 0.578279 0.578322 : 0.579240 0.576707 0.578891
630.000000 0.574881 0.574922 : 0.575874 0.573300 0.575468
640.000000 0.571625 0.571666 : 0.572651 0.570039 0.572185
650.000000 0.568302 0.568343 : 0.569353 0.566714 0.568838
660.000000 0.565214 0.565255 : 0.566295 0.563624 0.565724
670.000000 0.561996 0.562037 : 0.563099 0.560410 0.562479
680.000000 0.558790 0.558832 : 0.559915 0.557208 0.559248
690.000000 0.555737 0.555780 : 0.556879 0.554162 0.556171
700.000000 0.552634 0.552678 : 0.553791 0.551068 0.553043
710.000000 0.549639 0.549685 : 0.550815 0.548076 0.550024
720.000000 0.546615 0.546664 : 0.547805 0.545063 0.546977
730.000000 0.543699 0.543751 : 0.544905 0.542156 0.544036
740.000000 0.540742 0.540799 : 0.541962 0.539209 0.541057
750.000000 0.537845 0.537905 : 0.539077 0.536322 0.538137
760.000000 0.535025 0.535086 : 0.536270 0.533511 0.535293
770.000000 0.532216 0.532279 : 0.533471 0.530716 0.532461
780.000000 0.529395 0.529459 : 0.530663 0.527905 0.529616
790.000000 0.526612 0.526678 : 0.527894 0.525138 0.526804
800.000000 0.523998 0.524063 : 0.525293 0.522539 0.524161
810.000000 0.521281 0.521346 : 0.522593 0.519834 0.521415
820.000000 0.518557 0.518624 : 0.519882 0.517132 0.518658
830.000000 0.515941 0.516007 : 0.517277 0.514537 0.516010
840.000000 0.513394 0.513461 : 0.514742 0.512012 0.513427
850.000000 0.510818 0.510885 : 0.512177 0.509455 0.510822
860.000000 0.508228 0.508296 : 0.509597 0.506889 0.508199
870.000000 0.505758 0.505828 : 0.507136 0.504439 0.505700
880.000000 0.503282 0.503352 : 0.504671 0.501979 0.503195
890.000000 0.500863 0.500934 : 0.502260 0.499580 0.500749
900.000000 0.498429 0.498500 : 0.499834 0.497164 0.498289
910.000000 0.496013 0.496084 : 0.497425 0.494769 0.495847
920.000000 0.493677 0.493746 : 0.495098 0.492445 0.493487
930.000000 0.491373 0.491441 : 0.492803 0.490157 0.491159
940.000000 0.489081 0.489147 : 0.490521 0.487879 0.488842
950.000000 0.486754 0.486819 : 0.488207 0.485564 0.486491
960.000000 0.484530 0.484593 : 0.485992 0.483352 0.484245
970.000000 0.482328 0.482389 : 0.483805 0.481160 0.482019
980.000000 0.480108 0.480167 : 0.481598 0.478950 0.479776
990.000000 0.477907 0.477963 : 0.479412 0.476758 0.477552
1000.000000 0.475763 0.475816 : 0.477281 0.474621 0.475386
1010.000000 0.473647 0.473697 : 0.475177 0.472518 0.473247
1020.000000 0.471509 0.471556 : 0.473050 0.470388 0.471088
1030.000000 0.469434 0.469479 : 0.470984 0.468327 0.468992
1040.000000 0.467366 0.467408 : 0.468922 0.466272 0.466903
1050.000000 0.465305 0.465345 : 0.466867 0.464228 0.464820
1060.000000 0.463294 0.463333 : 0.464860 0.462234 0.462788
1070.000000 0.461299 0.461335 : 0.462868 0.460259 0.460770
1080.000000 0.459309 0.459344 : 0.460879 0.458290 0.458758
1090.000000 0.457343 0.457377 : 0.458912 0.456347 0.456771
1100.000000 0.455428 0.455460 : 0.456995 0.454452 0.454836
1110.000000 0.453507 0.453538 : 0.455071 0.452552 0.452897
1120.000000 0.451617 0.451647 : 0.453178 0.450683 0.450989
1130.000000 0.449760 0.449786 : 0.451318 0.448843 0.449119
1140.000000 0.447899 0.447922 : 0.449455 0.446997 0.447246
1150.000000 0.446081 0.446099 : 0.447632 0.445193 0.445417
1160.000000 0.444285 0.444300 : 0.445834 0.443413 0.443609
1170.000000 0.442495 0.442505 : 0.444041 0.441633 0.441812
1180.000000 0.440719 0.440724 : 0.442257 0.439870 0.440030
1190.000000 0.438986 0.438988 : 0.440518 0.438152 0.438287
1200.000000 0.437256 0.437254 : 0.438782 0.436436 0.436551
1210.000000 0.435537 0.435532 : 0.437058 0.434733 0.434820
1220.000000 0.433835 0.433827 : 0.435349 0.433050 0.433106
1230.000000 0.432140 0.432129 : 0.433649 0.431377 0.431394
1240.000000 0.430475 0.430462 : 0.431980 0.429734 0.429712
1250.000000 0.428820 0.428804 : 0.430319 0.428103 0.428039
1260.000000 0.427172 0.427152 : 0.428662 0.426481 0.426371
1270.000000 0.425538 0.425515 : 0.427020 0.424873 0.424722
1280.000000 0.423937 0.423910 : 0.425412 0.423301 0.423099
1290.000000 0.422340 0.422308 : 0.423807 0.421729 0.421485
1300.000000 0.420758 0.420720 : 0.422214 0.420172 0.419888
1310.000000 0.419195 0.419152 : 0.420643 0.418634 0.418308
1320.000000 0.417635 0.417588 : 0.419076 0.417092 0.416738
1330.000000 0.416107 0.416055 : 0.417542 0.415582 0.415197
1340.000000 0.414593 0.414537 : 0.416022 0.414084 0.413674
1350.000000 0.413067 0.413006 : 0.414495 0.412570 0.412137
1360.000000 0.411572 0.411507 : 0.412998 0.411086 0.410633
1370.000000 0.410108 0.410038 : 0.411536 0.409631 0.409157
1380.000000 0.408635 0.408561 : 0.410066 0.408170 0.407670
1390.000000 0.407164 0.407088 : 0.408595 0.406709 0.406189
1400.000000 0.405730 0.405652 : 0.407164 0.405287 0.404740
1410.000000 0.404299 0.404219 : 0.405729 0.403870 0.403297
1420.000000 0.402864 0.402785 : 0.404293 0.402447 0.401851
1430.000000 0.401456 0.401378 : 0.402876 0.401055 0.400438
1440.000000 0.400052 0.399975 : 0.401467 0.399662 0.399026
1450.000000 0.398651 0.398576 : 0.400062 0.398273 0.397617
1460.000000 0.397270 0.397197 : 0.398675 0.396904 0.396230
1470.000000 0.395902 0.395831 : 0.397306 0.395544 0.394855
1480.000000 0.394532 0.394464 : 0.395933 0.394184 0.393477
1490.000000 0.393184 0.393116 : 0.394586 0.392844 0.392121
1500.000000 0.391849 0.391782 : 0.393250 0.391513 0.390784
1510.000000 0.390523 0.390455 : 0.391922 0.390195 0.389451
1520.000000 0.389209 0.389140 : 0.390607 0.388885 0.388134
1530.000000 0.387903 0.387832 : 0.389296 0.387589 0.386823
1540.000000 0.386606 0.386533 : 0.387994 0.386300 0.385524
1550.000000 0.385324 0.385251 : 0.386704 0.385028 0.384240
1560.000000 0.384054 0.383981 : 0.385424 0.383769 0.382967
1570.000000 0.382782 0.382711 : 0.384141 0.382509 0.381697
1580.000000 0.381527 0.381456 : 0.382869 0.381271 0.380442
1590.000000 0.380285 0.380217 : 0.381611 0.380043 0.379201
1600.000000 0.379049 0.378985 : 0.380359 0.378828 0.377962
1610.000000 0.377821 0.377760 : 0.379114 0.377617 0.376731
1620.000000 0.376604 0.376547 : 0.377879 0.376421 0.375511
1630.000000 0.375398 0.375346 : 0.376658 0.375236 0.374301
1640.000000 0.374201 0.374154 : 0.375444 0.374058 0.373101
1650.000000 0.373007 0.372965 : 0.374238 0.372879 0.371904
1660.000000 0.371821 0.371784 : 0.373037 0.371709 0.370719
1670.000000 0.370643 0.370610 : 0.371847 0.370544 0.369538
1680.000000 0.369474 0.369445 : 0.370668 0.369385 0.368367
1690.000000 0.368312 0.368288 : 0.369495 0.368236 0.367205
1700.000000 0.367157 0.367137 : 0.368328 0.367093 0.366052
1710.000000 0.366004 0.365986 : 0.367162 0.365951 0.364900
1720.000000 0.364861 0.364845 : 0.366010 0.364814 0.363758
1730.000000 0.363728 0.363714 : 0.364866 0.363689 0.362630
1740.000000 0.362603 0.362589 : 0.363730 0.362572 0.361506
1750.000000 0.361480 0.361467 : 0.362600 0.361455 0.360387
1760.000000 0.360373 0.360358 : 0.361480 0.360352 0.359287
1770.000000 0.359277 0.359262 : 0.360373 0.359261 0.358196
1780.000000 0.358181 0.358165 : 0.359265 0.358171 0.357109
1790.000000 0.357093 0.357075 : 0.358163 0.357087 0.356029
1800.000000 0.356019 0.355999 : 0.357074 0.356020 0.354963
1810.000000 0.354952 0.354929 : 0.355993 0.354963 0.353901
1820.000000 0.353891 0.353865 : 0.354916 0.353911 0.352845
1830.000000 0.352836 0.352808 : 0.353842 0.352872 0.351794
1840.000000 0.351792 0.351762 : 0.352781 0.351843 0.350752
1850.000000 0.350751 0.350717 : 0.351723 0.350815 0.349713
1860.000000 0.349719 0.349682 : 0.350675 0.349798 0.348684
1870.000000 0.348698 0.348656 : 0.349639 0.348788 0.347666
1880.000000 0.347683 0.347636 : 0.348609 0.347783 0.346655
1890.000000 0.346674 0.346621 : 0.347587 0.346783 0.345651
1900.000000 0.345676 0.345618 : 0.346579 0.345795 0.344655
1910.000000 0.344684 0.344618 : 0.345572 0.344812 0.343668
1920.000000 0.343692 0.343620 : 0.344568 0.343830 0.342679
1930.000000 0.342707 0.342628 : 0.343571 0.342854 0.341696
1940.000000 0.341728 0.341644 : 0.342580 0.341883 0.340722
1950.000000 0.340755 0.340665 : 0.341594 0.340921 0.339752
1960.000000 0.339786 0.339691 : 0.340607 0.339966 0.338785
1970.000000 0.338824 0.338724 : 0.339630 0.339016 0.337827
1980.000000 0.337870 0.337764 : 0.338658 0.338073 0.336880
1990.000000 0.336922 0.336810 : 0.337694 0.337139 0.335933
2000.000000 0.335978 0.335862 : 0.336732 0.336203 0.334999
5000.000000 0.189878 0.189808 : 0.189792 0.189871 0.189971
10000.000000 0.106655 0.106598 : 0.106696 0.106213 0.107057
15000.000000 0.068569 0.068505 : 0.068421 0.068270 0.069017
20000.000000 0.046740 0.046735 : 0.046926 0.046438 0.046856
25000.000000 0.032874 0.032959 : 0.032988 0.032689 0.032947
30000.000000 0.023771 0.023831 : 0.023674 0.023743 0.023895
35000.000000 0.017766 0.017639 : 0.017762 0.017434 0.018103
40000.000000 0.013261 0.013159 : 0.013237 0.013037 0.013509
45000.000000 0.010063 0.009987 : 0.010032 0.009728 0.010429
50000.000000 0.007666 0.007628 : 0.007741 0.007392 0.007864
55000.000000 0.006037 0.005919 : 0.006302 0.005765 0.006044
60000.000000 0.004620 0.004606 : 0.004778 0.004376 0.004705
65000.000000 0.003566 0.003569 : 0.003674 0.003311 0.003713
70000.000000 0.002750 0.002795 : 0.002960 0.002509 0.002781
75000.000000 0.002277 0.002262 : 0.002447 0.001953 0.002429
80000.000000 0.001778 0.001819 : 0.002007 0.001672 0.001656
85000.000000 0.001418 0.001421 : 0.001487 0.001472 0.001294
90000.000000 0.001045 0.001200 : 0.001056 0.000889 0.001189
95000.000000 0.000818 0.000950 : 0.000932 0.000669 0.000853
100000.000000 0.000684 0.000771 : 0.000663 0.000396 0.000993
105000.000000 0.000578 0.000640 : 0.000629 0.000482 0.000624
110000.000000 0.000524 0.000536 : 0.000559 0.000570 0.000444
115000.000000 0.000315 0.000387 : 0.000446 0.000197 0.000301
120000.000000 0.000335 0.000367 : 0.000257 0.000438 0.000310
125000.000000 0.000360 0.000305 : 0.000348 0.000542 0.000191
130000.000000 0.000300 0.000246 : 0.000298 0.000315 0.000288
135000.000000 0.000175 0.000168 : 0.000120 0.000385 0.000018
140000.000000 0.000147 0.000159 : 0.000174 0.000161 0.000106
145000.000000 0.000099 0.000142 : 0.000064 0.000029 0.000203
150000.000000 0.000103 0.000133 : 0.000068 0.000090 0.000149
155000.000000 0.000158 0.000151 : 0.000177 0.000130 0.000168
160000.000000 0.000087 0.000125 : 0.000013 0.000178 0.000070
165000.000000 -0.000004 0.000071 : -0.000065 0.000016 0.000035
170000.000000 0.000108 0.000076 : 0.000007 0.000113 0.000202
175000.000000 0.000068 0.000052 : -0.000025 0.000175 0.000055
180000.000000 0.000061 0.000047 : -0.000014 0.000081 0.000117
185000.000000 0.000002 0.000023 : -0.000005 0.000187 -0.000177
190000.000000 0.000013 0.000037 : 0.000025 0.000030 -0.000015
195000.000000 -0.000019 0.000031 : -0.000187 0.000053 0.000077
200000.000000 0.000067 0.000034 : 0.000145 0.000032 0.000024
205000.000000 0.000023 -0.000012 : -0.000035 0.000068 0.000037
210000.000000 -0.000079 0.000003 : 0.000006 -0.000169 -0.000073
215000.000000 -0.000128 0.000001 : -0.000261 -0.000129 0.000005
220000.000000 -0.000073 0.000009 : -0.000196 0.000071 -0.000094
225000.000000 -0.000132 -0.000007 : -0.000264 0.000031 -0.000163
230000.000000 -0.000126 0.000011 : -0.000210 -0.000104 -0.000065
235000.000000 -0.000005 -0.000001 : 0.000049 -0.000088 0.000024
240000.000000 -0.000063 -0.000001 : 0.000027 -0.000172 -0.000045
245000.000000 0.000033 0.000023 : 0.000237 -0.000142 0.000004
250000.000000 -0.000010 -0.000001 : 0.000182 -0.000241 0.000029
255000.000000 -0.000063 0.000007 : 0.000008 -0.000301 0.000102
260000.000000 -0.000008 0.000007 : -0.000012 -0.000145 0.000133
265000.000000 -0.000047 0.000015 : -0.000012 -0.000129 0.000001
270000.000000 -0.000037 0.000006 : 0.000025 -0.000007 -0.000129
275000.000000 0.000021 0.000015 : -0.000047 -0.000010 0.000120
280000.000000 -0.000043 0.000011 : -0.000102 -0.000049 0.000023
285000.000000 0.000013 0.000019 : -0.000053 -0.000089 0.000181
290000.000000 0.000005 0.000012 : -0.000053 0.000030 0.000038
295000.000000 0.000002 0.000008 : -0.000122 0.000177 -0.000048
300000.000000 0.000019 0.000013 : -0.000014 0.000077 -0.000006
305000.000000 -0.000119 -0.000012 : -0.000092 -0.000216 -0.000049
310000.000000 -0.000077 0.000001 : -0.000063 -0.000188 0.000019
315000.000000 -0.000004 -0.000007 : 0.000079 -0.000152 0.000062
320000.000000 0.000085 -0.000006 : 0.000202 -0.000209 0.000261
325000.000000 0.000013 -0.000009 : 0.000273 -0.000322 0.000087
330000.000000 -0.000038 0.000006 : 0.000151 -0.000228 -0.000037
335000.000000 0.000022 0.000049 : 0.000061 -0.000130 0.000134
340000.000000 -0.000048 0.000025 : 0.000028 -0.000121 -0.000052
345000.000000 0.000089 -0.000014 : 0.000087 0.000116 0.000064
350000.000000 0.000037 0.000010 : 0.000054 0.000117 -0.000062
355000.000000 0.000095 0.000013 : 0.000137 0.000175 -0.000027
360000.000000 0.000007 0.000006 : 0.000012 0.000100 -0.000090
365000.000000 0.000105 0.000009 : 0.000085 0.000197 0.000032
370000.000000 0.000016 0.000013 : -0.000078 -0.000012 0.000137
375000.000000 0.000004 0.000013 : -0.000109 0.000083 0.000037
380000.000000 0.000014 0.000001 : -0.000097 0.000098 0.000042
385000.000000 -0.000076 -0.000023 : -0.000156 -0.000076 0.000005
390000.000000 -0.000106 -0.000007 : -0.000176 -0.000078 -0.000065
395000.000000 -0.000131 -0.000003 : -0.000038 -0.000155 -0.000199
400000.000000 -0.000036 0.000003 : 0.000068 -0.000154 -0.000022
405000.000000 -0.000074 0.000015 : -0.000015 -0.000287 0.000079
410000.000000 -0.000043 0.000006 : -0.000047 -0.000193 0.000111
415000.000000 -0.000143 -0.000023 : -0.000266 -0.000212 0.000049
420000.000000 -0.000049 -0.000021 : -0.000082 -0.000004 -0.000060
425000.000000 -0.000089 -0.000001 : -0.000054 -0.000185 -0.000029
430000.000000 0.000067 -0.000013 : 0.000104 0.000081 0.000015
435000.000000 0.000000 0.000021 : -0.000070 -0.000114 0.000185
440000.000000 0.000054 -0.000018 : 0.000132 0.000048 -0.000018
445000.000000 -0.000030 0.000002 : -0.000060 -0.000041 0.000010
450000.000000 -0.000031 -0.000027 : -0.000282 0.000076 0.000113
455000.000000 0.000048 -0.000017 : -0.000079 0.000059 0.000164
460000.000000 0.000033 -0.000016 : 0.000030 -0.000062 0.000131
465000.000000 0.000038 -0.000009 : -0.000071 0.000014 0.000170
470000.000000 0.000069 0.000007 : 0.000035 0.000161 0.000011
475000.000000 0.000114 0.000010 : 0.000227 0.000011 0.000103
480000.000000 0.000061 0.000012 : 0.000047 0.000132 0.000004
485000.000000 0.000033 0.000016 : 0.000061 -0.000005 0.000043
490000.000000 0.000075 0.000008 : 0.000108 0.000061 0.000055
495000.000000 -0.000001 -0.000009 : 0.000079 -0.000079 -0.000003
500000.000000 0.000053 -0.000012 : 0.000037 0.000056 0.000066
505000.000000 -0.000012 -0.000004 : -0.000058 0.000116 -0.000094
510000.000000 0.000058 0.000007 : -0.000131 0.000256 0.000050
515000.000000 0.000001 0.000006 : 0.000028 0.000092 -0.000115
520000.000000 -0.000001 0.000030 : 0.000056 -0.000011 -0.000048
525000.000000 0.000060 0.000012 : -0.000004 0.000156 0.000026
530000.000000 0.000104 0.000017 : 0.000153 0.000095 0.000063
535000.000000 0.000022 0.000003 : 0.000186 -0.000145 0.000025
540000.000000 0.000017 0.000013 : 0.000081 -0.000033 0.000002
545000.000000 0.000001 -0.000021 : -0.000013 -0.000040 0.000056
550000.000000 0.000004 -0.000007 : 0.000020 0.000004 -0.000013
555000.000000 0.000049 0.000002 : 0.000113 -0.000030 0.000062
560000.000000 0.000098 0.000004 : 0.000023 0.000092 0.000179
565000.000000 -0.000072 0.000017 : -0.000078 -0.000109 -0.000030
570000.000000 -0.000058 0.000025 : -0.000257 -0.000039 0.000121
575000.000000 -0.000047 0.000021 : -0.000025 -0.000117 0.000002
580000.000000 -0.000063 -0.000004 : -0.000163 -0.000035 0.000009
585000.000000 -0.000049 -0.000006 : -0.000109 -0.000071 0.000033
590000.000000 -0.000011 -0.000007 : -0.000065 0.000036 -0.000004
595000.000000 -0.000018 -0.000026 : -0.000053 -0.000028 0.000028
600000.000000 -0.000044 -0.000016 : -0.000223 -0.000059 0.000151
605000.000000 -0.000040 -0.000003 : -0.000234 -0.000047 0.000160
610000.000000 -0.000028 -0.000001 : -0.000113 -0.000080 0.000109
615000.000000 0.000030 0.000003 : -0.000193 -0.000006 0.000288
620000.000000 -0.000001 0.000019 : -0.000140 -0.000001 0.000139
625000.000000 -0.000011 0.000031 : -0.000151 -0.000032 0.000150
630000.000000 0.000062 -0.000005 : 0.000085 -0.000111 0.000211
635000.000000 0.000051 -0.000002 : 0.000025 -0.000125 0.000251
640000.000000 0.000034 0.000016 : 0.000079 0.000031 -0.000007
645000.000000 0.000085 0.000018 : 0.000144 -0.000039 0.000149
650000.000000 0.000048 0.000013 : 0.000068 0.000114 -0.000037
655000.000000 -0.000007 -0.000008 : -0.000041 -0.000018 0.000039
660000.000000 0.000014 -0.000016 : 0.000057 0.000013 -0.000026
665000.000000 -0.000001 0.000004 : 0.000002 0.000039 -0.000045
670000.000000 0.000003 0.000011 : -0.000141 0.000168 -0.000017
675000.000000 0.000109 0.000008 : 0.000085 0.000142 0.000100
680000.000000 0.000005 0.000012 : -0.000083 -0.000003 0.000101
685000.000000 -0.000014 0.000010 : -0.000049 -0.000032 0.000041
690000.000000 -0.000079 0.000004 : 0.000015 -0.000234 -0.000019
695000.000000 -0.000052 0.000014 : -0.000072 -0.000118 0.000035
700000.000000 -0.000105 0.000000 : -0.000074 -0.000235 -0.000005
705000.000000 -0.000036 0.000017 : 0.000117 -0.000240 0.000015
710000.000000 0.000055 0.000017 : 0.000019 -0.000121 0.000266
715000.000000 -0.000035 0.000022 : 0.000025 -0.000130 -0.000002
720000.000000 -0.000029 0.000013 : -0.000087 0.000019 -0.000018
725000.000000 0.000067 0.000022 : -0.000003 0.000123 0.000082
730000.000000 0.000004 0.000011 : -0.000004 -0.000025 0.000043
735000.000000 0.000035 -0.000014 : -0.000011 0.000074 0.000041
740000.000000 -0.000009 0.000007 : -0.000096 -0.000096 0.000166
745000.000000 0.000013 0.000007 : 0.000002 0.000027 0.000010
750000.000000 -0.000021 0.000002 : 0.000076 -0.000088 -0.000051
755000.000000 0.000008 0.000011 : 0.000086 -0.000065 0.000004
760000.000000 -0.000035 -0.000006 : -0.000006 -0.000131 0.000033
765000.000000 -0.000080 0.000004 : -0.000108 -0.000176 0.000044
770000.000000 -0.000037 0.000014 : 0.000016 -0.000128 -0.000000
775000.000000 -0.000101 0.000003 : -0.000080 -0.000166 -0.000057
780000.000000 -0.000121 -0.000003 : -0.000041 -0.000176 -0.000146
785000.000000 0.000029 0.000004 : 0.000131 -0.000125 0.000080
790000.000000 0.000049 0.000008 : 0.000071 0.000048 0.000028
795000.000000 0.000030 0.000007 : 0.000068 0.000063 -0.000040
800000.000000 -0.000006 -0.000003 : -0.000055 0.000115 -0.000079
805000.000000 0.000013 -0.000001 : 0.000035 0.000064 -0.000060
810000.000000 -0.000026 0.000008 : 0.000054 0.000010 -0.000142
815000.000000 -0.000026 0.000014 : -0.000015 0.000072 -0.000135
820000.000000 -0.000010 0.000013 : 0.000035 -0.000012 -0.000054
825000.000000 -0.000099 0.000010 : -0.000032 -0.000090 -0.000176
830000.000000 -0.000104 0.000016 : -0.000050 -0.000008 -0.000256
835000.000000 -0.000063 0.000006 : -0.000073 -0.000052 -0.000064
840000.000000 -0.000048 0.000015 : -0.000117 0.000027 -0.000053
845000.000000 -0.000086 0.000021 : -0.000249 -0.000008 -0.000002
850000.000000 -0.000024 0.000012 : -0.000109 0.000086 -0.000049
855000.000000 0.000003 0.000029 : 0.000089 -0.000048 -0.000033
860000.000000 0.000066 0.000016 : -0.000008 0.000082 0.000125
865000.000000 0.000048 0.000022 : 0.000006 0.000077 0.000061
870000.000000 0.000069 0.000018 : 0.000069 0.000237 -0.000098
875000.000000 0.000107 0.000008 : 0.000096 0.000157 0.000068
880000.000000 0.000145 0.000011 : 0.000183 0.000218 0.000033
885000.000000 0.000107 0.000017 : 0.000215 0.000010 0.000095
890000.000000 0.000175 0.000003 : 0.000081 0.000171 0.000273
895000.000000 0.000075 0.000016 : 0.000035 0.000046 0.000143
900000.000000 -0.000009 0.000011 : -0.000080 -0.000067 0.000121
905000.000000 0.000077 0.000015 : 0.000116 -0.000015 0.000130
910000.000000 0.000007 0.000011 : -0.000111 -0.000002 0.000133
915000.000000 0.000036 -0.000001 : 0.000043 -0.000083 0.000148
920000.000000 0.000079 -0.000005 : 0.000019 0.000020 0.000197
925000.000000 0.000016 -0.000007 : -0.000047 -0.000113 0.000208
930000.000000 0.000040 -0.000005 : -0.000046 -0.000126 0.000291
935000.000000 -0.000026 -0.000011 : -0.000118 -0.000174 0.000213
940000.000000 -0.000002 -0.000000 : -0.000120 -0.000064 0.000178
945000.000000 0.000091 -0.000000 : 0.000072 0.000012 0.000189
950000.000000 0.000020 0.000001 : -0.000051 0.000090 0.000023
955000.000000 0.000058 0.000008 : -0.000057 0.000118 0.000114
960000.000000 0.000041 -0.000008 : 0.000083 -0.000064 0.000105
965000.000000 0.000007 -0.000004 : 0.000007 -0.000041 0.000055
970000.000000 0.000074 0.000010 : 0.000089 -0.000035 0.000168
975000.000000 0.000115 0.000008 : 0.000066 -0.000040 0.000319
980000.000000 -0.000021 0.000012 : -0.000167 -0.000015 0.000120
985000.000000 -0.000029 0.000004 : -0.000048 -0.000099 0.000059
990000.000000 0.000042 0.000019 : -0.000104 0.000063 0.000168
995000.000000 0.000014 -0.000001 : -0.000117 0.000038 0.000122
1000000.000000 0.000072 0.000012 : -0.000020 0.000081 0.000155
