0.000000 1.000000 1.000000 : 1.000000 1.000000 1.000000
10.000000 0.985581 0.985581 : 0.985588 0.985593 0.985563
20.000000 0.976282 0.976282 : 0.976261 0.976287 0.976299
30.000000 0.962636 0.962636 : 0.962546 0.962676 0.962687
40.000000 0.946829 0.946829 : 0.946662 0.946902 0.946921
50.000000 0.930459 0.930459 : 0.930231 0.930530 0.930616
60.000000 0.914657 0.914657 : 0.914352 0.914751 0.914868
70.000000 0.903831 0.903830 : 0.903454 0.903921 0.904117
80.000000 0.887658 0.887657 : 0.887238 0.887732 0.888005
90.000000 0.876589 0.876587 : 0.876110 0.876656 0.877000
100.000000 0.864094 0.864091 : 0.863591 0.864119 0.864572
110.000000 0.853157 0.853152 : 0.852620 0.853158 0.853693
120.000000 0.844794 0.844788 : 0.844221 0.844762 0.845398
130.000000 0.835645 0.835638 : 0.835054 0.835571 0.836310
140.000000 0.825884 0.825875 : 0.825269 0.825767 0.826617
150.000000 0.815819 0.815808 : 0.815194 0.815646 0.816617
160.000000 0.806270 0.806257 : 0.805635 0.806054 0.807121
170.000000 0.795433 0.795419 : 0.794790 0.795159 0.796350
180.000000 0.785953 0.785936 : 0.785312 0.785625 0.786921
190.000000 0.775058 0.775039 : 0.774422 0.774682 0.776069
200.000000 0.765240 0.765220 : 0.764622 0.764815 0.766282
210.000000 0.756454 0.756432 : 0.755842 0.755984 0.757536
220.000000 0.746739 0.746717 : 0.746148 0.746224 0.747845
230.000000 0.737767 0.737744 : 0.737205 0.737206 0.738891
240.000000 0.728296 0.728273 : 0.727753 0.727697 0.729438
250.000000 0.720497 0.720474 : 0.719976 0.719855 0.721660
260.000000 0.711936 0.711914 : 0.711446 0.711244 0.713117
270.000000 0.704405 0.704385 : 0.703955 0.703674 0.705585
280.000000 0.697298 0.697281 : 0.696887 0.696525 0.698480
290.000000 0.690289 0.690275 : 0.689922 0.689466 0.691478
300.000000 0.683738 0.683728 : 0.683419 0.682873 0.684922
310.000000 0.676491 0.676486 : 0.676229 0.675586 0.677659
320.000000 0.670026 0.670025 : 0.669819 0.669077 0.671183
330.000000 0.663431 0.663433 : 0.663269 0.662439 0.664584
340.000000 0.657244 0.657248 : 0.657132 0.656214 0.658387
350.000000 0.650760 0.650767 : 0.650706 0.649693 0.651881
360.000000 0.645328 0.645337 : 0.645324 0.644223 0.646437
370.000000 0.639569 0.639579 : 0.639611 0.638429 0.640668
380.000000 0.633416 0.633426 : 0.633503 0.632239 0.634507
390.000000 0.628180 0.628190 : 0.628314 0.626965 0.629260
400.000000 0.622669 0.622680 : 0.622845 0.621422 0.623739
410.000000 0.617698 0.617708 : 0.617913 0.616415 0.618766
420.000000 0.612200 0.612210 : 0.612458 0.610884 0.613259
430.000000 0.607633 0.607643 : 0.607928 0.606288 0.608683
440.000000 0.603070 0.603081 : 0.603412 0.601692 0.604106
450.000000 0.598159 0.598172 : 0.598542 0.596755 0.599181
460.000000 0.593710 0.593725 : 0.594125 0.592282 0.594723
470.000000 0.588986 0.589004 : 0.589437 0.587537 0.589984
480.000000 0.584729 0.584750 : 0.585220 0.583261 0.585706
490.000000 0.580200 0.580225 : 0.580731 0.578719 0.581151
500.000000 0.575971 0.576000 : 0.576533 0.574479 0.576902
510.000000 0.571667 0.571701 : 0.572265 0.570162 0.572575
520.000000 0.567457 0.567496 : 0.568095 0.565945 0.568332
530.000000 0.563494 0.563537 : 0.564166 0.561974 0.564343
540.000000 0.559236 0.559282 : 0.559945 0.557706 0.560056
550.000000 0.555247 0.555296 : 0.555991 0.553709 0.556041
560.000000 0.551307 0.551358 : 0.552090 0.549758 0.552072
570.000000 0.547616 0.547668 : 0.548440 0.546054 0.548353
580.000000 0.543681 0.543735 : 0.544545 0.542103 0.544395
590.000000 0.540074 0.540130 : 0.540978 0.538482 0.540763
600.000000 0.536432 0.536488 : 0.537374 0.534828 0.537095
610.000000 0.532689 0.532746 : 0.533672 0.531075 0.533321
620.000000 0.529262 0.529319 : 0.530277 0.527639 0.529871
630.000000 0.525690 0.525746 : 0.526738 0.524060 0.526273
640.000000 0.522272 0.522327 : 0.523351 0.520639 0.522826
650.000000 0.518785 0.518840 : 0.519889 0.517152 0.519314
660.000000 0.515555 0.515610 : 0.516687 0.513923 0.516056
670.000000 0.512184 0.512239 : 0.513336 0.510559 0.512656
680.000000 0.508831 0.508887 : 0.510001 0.507215 0.509276
690.000000 0.505642 0.505700 : 0.506826 0.504037 0.506063
700.000000 0.502401 0.502461 : 0.503596 0.500811 0.502795
710.000000 0.499277 0.499339 : 0.500489 0.497694 0.499648
720.000000 0.496127 0.496193 : 0.497348 0.494559 0.496474
730.000000 0.493091 0.493160 : 0.494324 0.491535 0.493414
740.000000 0.490014 0.490088 : 0.491257 0.488470 0.490314
750.000000 0.487004 0.487082 : 0.488256 0.485473 0.487282
760.000000 0.484077 0.484157 : 0.485340 0.482559 0.484332
770.000000 0.481164 0.481247 : 0.482434 0.479662 0.481397
780.000000 0.478237 0.478319 : 0.479518 0.476746 0.478446
790.000000 0.475356 0.475439 : 0.476648 0.473883 0.475536
800.000000 0.472657 0.472739 : 0.473961 0.471201 0.472808
810.000000 0.469848 0.469930 : 0.471167 0.468406 0.469970
820.000000 0.467033 0.467115 : 0.468363 0.465615 0.467121
830.000000 0.464335 0.464416 : 0.465673 0.462940 0.464391
840.000000 0.461714 0.461795 : 0.463063 0.460344 0.461734
850.000000 0.459061 0.459142 : 0.460420 0.457711 0.459052
860.000000 0.456394 0.456476 : 0.457760 0.455071 0.456352
870.000000 0.453856 0.453939 : 0.455229 0.452555 0.453784
880.000000 0.451314 0.451398 : 0.452697 0.450033 0.451213
890.000000 0.448835 0.448917 : 0.450222 0.447575 0.448706
900.000000 0.446337 0.446420 : 0.447731 0.445097 0.446183
910.000000 0.443863 0.443944 : 0.445261 0.442646 0.443681
920.000000 0.441473 0.441552 : 0.442879 0.440272 0.441268
930.000000 0.439120 0.439195 : 0.440533 0.437937 0.438891
940.000000 0.436779 0.436850 : 0.438199 0.435611 0.436525
950.000000 0.434403 0.434472 : 0.435835 0.433249 0.434127
960.000000 0.432137 0.432201 : 0.433576 0.430995 0.431840
970.000000 0.429895 0.429956 : 0.431348 0.428762 0.429574
980.000000 0.427634 0.427691 : 0.429099 0.426512 0.427292
990.000000 0.425394 0.425447 : 0.426874 0.424279 0.425030
1000.000000 0.423215 0.423263 : 0.424708 0.422107 0.422831
1010.000000 0.421067 0.421109 : 0.422570 0.419970 0.420661
1020.000000 0.418895 0.418932 : 0.420409 0.417805 0.418470
1030.000000 0.416790 0.416824 : 0.418311 0.415714 0.416346
1040.000000 0.414692 0.414723 : 0.416218 0.413630 0.414228
1050.000000 0.412603 0.412631 : 0.414133 0.411559 0.412119
1060.000000 0.410567 0.410592 : 0.412099 0.409539 0.410062
1070.000000 0.408548 0.408569 : 0.410080 0.407542 0.408021
1080.000000 0.406535 0.406555 : 0.408066 0.405553 0.405987
1090.000000 0.404549 0.404566 : 0.406075 0.403592 0.403979
1100.000000 0.402615 0.402629 : 0.404137 0.401682 0.402026
1110.000000 0.400676 0.400689 : 0.402192 0.399767 0.400070
1120.000000 0.398772 0.398781 : 0.400281 0.397887 0.398147
1130.000000 0.396901 0.396906 : 0.398404 0.396036 0.396264
1140.000000 0.395028 0.395027 : 0.396526 0.394179 0.394379
1150.000000 0.393200 0.393194 : 0.394691 0.392368 0.392541
1160.000000 0.391397 0.391386 : 0.392883 0.390583 0.390727
1170.000000 0.389600 0.389582 : 0.391079 0.388798 0.388924
1180.000000 0.387818 0.387795 : 0.389286 0.387031 0.387137
1190.000000 0.386081 0.386054 : 0.387540 0.385312 0.385392
1200.000000 0.384348 0.384316 : 0.385797 0.383595 0.383653
1210.000000 0.382627 0.382592 : 0.384068 0.381892 0.381920
1220.000000 0.380923 0.380883 : 0.382354 0.380210 0.380203
1230.000000 0.379226 0.379184 : 0.380652 0.378538 0.378489
1240.000000 0.377562 0.377517 : 0.378981 0.376900 0.376805
1250.000000 0.375907 0.375860 : 0.377319 0.375272 0.375131
1260.000000 0.374260 0.374208 : 0.375662 0.373656 0.373462
1270.000000 0.372629 0.372573 : 0.374021 0.372053 0.371812
1280.000000 0.371032 0.370971 : 0.372415 0.370490 0.370191
1290.000000 0.369439 0.369373 : 0.370813 0.368925 0.368580
1300.000000 0.367862 0.367790 : 0.369224 0.367377 0.366986
1310.000000 0.366306 0.366228 : 0.367658 0.365850 0.365411
1320.000000 0.364753 0.364669 : 0.366096 0.364317 0.363846
1330.000000 0.363233 0.363144 : 0.364569 0.362819 0.362312
1340.000000 0.361728 0.361634 : 0.363057 0.361331 0.360796
1350.000000 0.360210 0.360111 : 0.361538 0.359827 0.359265
1360.000000 0.358726 0.358621 : 0.360052 0.358356 0.357770
1370.000000 0.357273 0.357163 : 0.358604 0.356913 0.356303
1380.000000 0.355812 0.355697 : 0.357147 0.355465 0.354825
1390.000000 0.354353 0.354235 : 0.355691 0.354016 0.353353
1400.000000 0.352933 0.352813 : 0.354275 0.352609 0.351916
1410.000000 0.351515 0.351393 : 0.352855 0.351206 0.350485
1420.000000 0.350094 0.349974 : 0.351434 0.349797 0.349051
1430.000000 0.348702 0.348582 : 0.350032 0.348420 0.347653
1440.000000 0.347312 0.347193 : 0.348638 0.347042 0.346256
1450.000000 0.345926 0.345811 : 0.347249 0.345668 0.344862
1460.000000 0.344561 0.344449 : 0.345877 0.344316 0.343491
1470.000000 0.343210 0.343100 : 0.344525 0.342973 0.342132
1480.000000 0.341857 0.341750 : 0.343169 0.341630 0.340772
1490.000000 0.340528 0.340422 : 0.341840 0.340309 0.339434
1500.000000 0.339212 0.339107 : 0.340524 0.338997 0.338117
1510.000000 0.337907 0.337800 : 0.339216 0.337700 0.336805
1520.000000 0.336614 0.336506 : 0.337923 0.336410 0.335509
1530.000000 0.335329 0.335218 : 0.336632 0.335136 0.334220
1540.000000 0.334054 0.333942 : 0.335350 0.333868 0.332944
1550.000000 0.332795 0.332682 : 0.334081 0.332620 0.331684
1560.000000 0.331547 0.331435 : 0.332821 0.331386 0.330435
1570.000000 0.330299 0.330189 : 0.331557 0.330150 0.329189
1580.000000 0.329068 0.328959 : 0.330305 0.328938 0.327960
1590.000000 0.327850 0.327746 : 0.329067 0.327737 0.326745
1600.000000 0.326638 0.326539 : 0.327835 0.326548 0.325531
1610.000000 0.325434 0.325340 : 0.326611 0.325365 0.324326
1620.000000 0.324243 0.324154 : 0.325398 0.324198 0.323132
1630.000000 0.323063 0.322981 : 0.324200 0.323041 0.321948
1640.000000 0.321892 0.321816 : 0.323009 0.321891 0.320775
1650.000000 0.320724 0.320654 : 0.321826 0.320740 0.319605
1660.000000 0.319564 0.319501 : 0.320649 0.319598 0.318446
1670.000000 0.318412 0.318356 : 0.319484 0.318461 0.317292
1680.000000 0.317270 0.317219 : 0.318331 0.317330 0.316148
1690.000000 0.316135 0.316090 : 0.317183 0.316209 0.315014
1700.000000 0.315007 0.314968 : 0.316041 0.315093 0.313887
1710.000000 0.313881 0.313845 : 0.314900 0.313980 0.312763
1720.000000 0.312765 0.312732 : 0.313775 0.312870 0.311648
1730.000000 0.311660 0.311630 : 0.312658 0.311774 0.310548
1740.000000 0.310562 0.310534 : 0.311550 0.310685 0.309452
1750.000000 0.309469 0.309441 : 0.310448 0.309595 0.308362
1760.000000 0.308390 0.308363 : 0.309358 0.308521 0.307291
1770.000000 0.307323 0.307296 : 0.308281 0.307457 0.306231
1780.000000 0.306258 0.306229 : 0.307203 0.306395 0.305174
1790.000000 0.305199 0.305169 : 0.306132 0.305341 0.304126
1800.000000 0.304156 0.304123 : 0.305073 0.304303 0.303092
1810.000000 0.303120 0.303085 : 0.304022 0.303277 0.302061
1820.000000 0.302089 0.302052 : 0.302975 0.302257 0.301037
1830.000000 0.301066 0.301025 : 0.301930 0.301250 0.300016
1840.000000 0.300052 0.300009 : 0.300898 0.300254 0.299004
1850.000000 0.299042 0.298996 : 0.299870 0.299259 0.297997
1860.000000 0.298041 0.297991 : 0.298851 0.298274 0.296998
1870.000000 0.297052 0.296997 : 0.297845 0.297299 0.296011
1880.000000 0.296069 0.296008 : 0.296846 0.296327 0.295033
1890.000000 0.295092 0.295026 : 0.295855 0.295360 0.294062
1900.000000 0.294128 0.294054 : 0.294879 0.294406 0.293099
1910.000000 0.293169 0.293086 : 0.293903 0.293458 0.292147
1920.000000 0.292211 0.292120 : 0.292932 0.292510 0.291192
1930.000000 0.291259 0.291161 : 0.291967 0.291568 0.290243
1940.000000 0.290315 0.290209 : 0.291008 0.290632 0.289305
1950.000000 0.289377 0.289264 : 0.290055 0.289705 0.288370
1960.000000 0.288443 0.288324 : 0.289102 0.288786 0.287439
1970.000000 0.287516 0.287391 : 0.288158 0.287873 0.286517
1980.000000 0.286598 0.286465 : 0.287221 0.286967 0.285607
1990.000000 0.285685 0.285546 : 0.286291 0.286070 0.284695
2000.000000 0.284777 0.284634 : 0.285364 0.285171 0.283796
5000.000000 0.149238 0.149165 : 0.149128 0.149265 0.149320
10000.000000 0.077845 0.077811 : 0.077850 0.077469 0.078215
15000.000000 0.047254 0.047203 : 0.047093 0.047010 0.047658
20000.000000 0.030631 0.030636 : 0.030802 0.030397 0.030692
25000.000000 0.020549 0.020641 : 0.020629 0.020459 0.020558
30000.000000 0.014227 0.014289 : 0.014150 0.014240 0.014291
35000.000000 0.010295 0.010192 : 0.010294 0.010038 0.010553
40000.000000 0.007400 0.007304 : 0.007367 0.007265 0.007568
45000.000000 0.005437 0.005343 : 0.005345 0.005237 0.005728
50000.000000 0.004004 0.003946 : 0.004011 0.003820 0.004182
55000.000000 0.003086 0.002956 : 0.003278 0.002889 0.003092
60000.000000 0.002259 0.002218 : 0.002351 0.002065 0.002361
65000.000000 0.001650 0.001648 : 0.001713 0.001418 0.001819
70000.000000 0.001233 0.001249 : 0.001350 0.001016 0.001333
75000.000000 0.001038 0.001003 : 0.001142 0.000763 0.001207
80000.000000 0.000779 0.000793 : 0.000886 0.000710 0.000740
85000.000000 0.000620 0.000596 : 0.000666 0.000675 0.000519
90000.000000 0.000387 0.000489 : 0.000384 0.000210 0.000567
95000.000000 0.000316 0.000372 : 0.000415 0.000255 0.000277
100000.000000 0.000270 0.000297 : 0.000214 0.000111 0.000484
105000.000000 0.000247 0.000248 : 0.000258 0.000266 0.000217
110000.000000 0.000226 0.000197 : 0.000217 0.000282 0.000180
115000.000000 0.000109 0.000123 : 0.000215 0.000035 0.000078
120000.000000 0.000146 0.000142 : 0.000165 0.000154 0.000118
125000.000000 0.000210 0.000113 : 0.000230 0.000272 0.000130
130000.000000 0.000154 0.000108 : 0.000199 0.000057 0.000205
135000.000000 0.000041 0.000054 : 0.000027 0.000138 -0.000043
140000.000000 0.000052 0.000052 : 0.000106 -0.000005 0.000057
145000.000000 -0.000011 0.000048 : -0.000050 -0.000114 0.000129
150000.000000 0.000029 0.000049 : -0.000007 0.000012 0.000081
155000.000000 0.000094 0.000078 : 0.000166 0.000031 0.000086
160000.000000 0.000054 0.000055 : -0.000025 0.000115 0.000070
165000.000000 -0.000022 0.000017 : -0.000073 -0.000019 0.000027
170000.000000 0.000074 0.000028 : 0.000075 0.000033 0.000115
175000.000000 0.000029 0.000016 : -0.000046 0.000111 0.000021
180000.000000 0.000051 0.000019 : 0.000019 0.000035 0.000098
185000.000000 0.000011 -0.000004 : 0.000098 0.000109 -0.000174
190000.000000 -0.000036 0.000014 : 0.000019 -0.000038 -0.000089
195000.000000 -0.000029 0.000007 : -0.000097 -0.000032 0.000043
200000.000000 0.000042 0.000018 : 0.000159 -0.000028 -0.000004
205000.000000 0.000062 -0.000017 : 0.000068 0.000035 0.000082
210000.000000 -0.000027 -0.000008 : 0.000078 -0.000185 0.000026
215000.000000 -0.000086 -0.000000 : -0.000123 -0.000116 -0.000020
220000.000000 -0.000068 0.000008 : -0.000154 0.000068 -0.000117
225000.000000 -0.000130 -0.000006 : -0.000224 0.000001 -0.000166
230000.000000 -0.000170 0.000011 : -0.000211 -0.000089 -0.000212
235000.000000 -0.000025 -0.000002 : 0.000011 -0.000071 -0.000016
240000.000000 -0.000050 0.000007 : 0.000042 -0.000150 -0.000040
245000.000000 0.000024 0.000011 : 0.000221 -0.000126 -0.000024
250000.000000 -0.000002 -0.000017 : 0.000191 -0.000214 0.000018
255000.000000 -0.000080 -0.000009 : 0.000008 -0.000246 -0.000002
260000.000000 -0.000011 -0.000019 : 0.000003 -0.000134 0.000098
265000.000000 -0.000068 -0.000008 : -0.000056 -0.000123 -0.000026
270000.000000 -0.000086 -0.000007 : -0.000048 -0.000052 -0.000158
275000.000000 -0.000046 -0.000000 : -0.000067 -0.000114 0.000045
280000.000000 -0.000037 -0.000005 : -0.000111 -0.000051 0.000052
285000.000000 -0.000020 -0.000000 : -0.000071 -0.000056 0.000067
290000.000000 -0.000029 0.000009 : -0.000023 0.000051 -0.000116
295000.000000 -0.000030 -0.000002 : -0.000047 0.000119 -0.000163
300000.000000 -0.000043 -0.000003 : -0.000019 0.000003 -0.000113
305000.000000 -0.000130 -0.000014 : -0.000073 -0.000202 -0.000114
310000.000000 -0.000078 -0.000006 : -0.000038 -0.000187 -0.000008
315000.000000 -0.000028 -0.000007 : 0.000129 -0.000198 -0.000015
320000.000000 0.000105 -0.000007 : 0.000232 -0.000111 0.000194
325000.000000 0.000004 -0.000008 : 0.000240 -0.000249 0.000021
330000.000000 -0.000008 0.000003 : 0.000091 -0.000110 -0.000006
335000.000000 0.000039 0.000041 : 0.000023 -0.000028 0.000121
340000.000000 -0.000087 0.000022 : -0.000037 -0.000139 -0.000084
345000.000000 0.000032 -0.000000 : 0.000026 0.000096 -0.000025
350000.000000 -0.000013 0.000014 : -0.000002 -0.000009 -0.000027
355000.000000 0.000076 0.000015 : 0.000104 0.000092 0.000032
360000.000000 -0.000014 0.000009 : -0.000010 0.000067 -0.000100
365000.000000 0.000071 0.000016 : 0.000111 0.000032 0.000070
370000.000000 0.000030 -0.000002 : -0.000089 -0.000092 0.000270
375000.000000 -0.000064 0.000006 : -0.000212 -0.000057 0.000076
380000.000000 -0.000015 -0.000008 : -0.000118 0.000076 -0.000003
385000.000000 -0.000031 -0.000026 : -0.000063 -0.000109 0.000080
390000.000000 -0.000085 -0.000007 : -0.000243 -0.000046 0.000035
395000.000000 -0.000130 -0.000004 : -0.000163 -0.000127 -0.000101
400000.000000 -0.000024 0.000007 : -0.000005 -0.000032 -0.000036
405000.000000 -0.000050 0.000009 : -0.000083 -0.000202 0.000136
410000.000000 0.000005 0.000002 : -0.000045 -0.000088 0.000150
415000.000000 -0.000104 -0.000018 : -0.000217 -0.000170 0.000074
420000.000000 -0.000026 -0.000016 : -0.000052 -0.000036 0.000011
425000.000000 -0.000007 0.000014 : 0.000036 -0.000044 -0.000014
430000.000000 0.000063 -0.000007 : 0.000082 0.000107 -0.000000
435000.000000 -0.000025 0.000017 : 0.000001 -0.000158 0.000081
440000.000000 0.000020 -0.000011 : 0.000013 0.000054 -0.000008
445000.000000 -0.000040 0.000001 : -0.000042 -0.000070 -0.000009
450000.000000 -0.000088 -0.000014 : -0.000259 -0.000043 0.000039
455000.000000 0.000022 -0.000009 : 0.000013 -0.000009 0.000061
460000.000000 0.000052 -0.000003 : 0.000106 -0.000057 0.000107
465000.000000 0.000041 0.000007 : -0.000027 0.000052 0.000099
470000.000000 0.000091 0.000009 : 0.000110 0.000136 0.000026
475000.000000 0.000138 0.000009 : 0.000267 0.000118 0.000027
480000.000000 0.000060 0.000008 : 0.000102 0.000123 -0.000045
485000.000000 0.000016 0.000007 : 0.000109 -0.000157 0.000096
490000.000000 0.000063 -0.000000 : 0.000101 0.000045 0.000045
495000.000000 0.000060 -0.000008 : 0.000119 0.000028 0.000031
500000.000000 0.000038 0.000007 : 0.000065 0.000000 0.000048
505000.000000 -0.000005 -0.000004 : -0.000014 0.000096 -0.000098
510000.000000 -0.000007 0.000009 : -0.000185 0.000214 -0.000048
515000.000000 0.000049 0.000003 : 0.000033 0.000161 -0.000047
520000.000000 0.000057 0.000021 : 0.000122 0.000005 0.000044
525000.000000 0.000076 0.000013 : 0.000025 0.000227 -0.000024
530000.000000 0.000096 0.000026 : 0.000154 0.000096 0.000037
535000.000000 0.000089 0.000014 : 0.000254 -0.000027 0.000039
540000.000000 0.000018 0.000016 : 0.000113 -0.000030 -0.000028
545000.000000 -0.000007 -0.000001 : -0.000016 -0.000003 -0.000001
550000.000000 -0.000019 0.000002 : 0.000009 -0.000043 -0.000024
555000.000000 0.000076 0.000009 : 0.000160 -0.000066 0.000133
560000.000000 0.000027 0.000008 : -0.000021 -0.000016 0.000117
565000.000000 -0.000037 0.000027 : -0.000020 0.000025 -0.000118
570000.000000 -0.000089 0.000014 : -0.000225 -0.000046 0.000005
575000.000000 -0.000070 0.000008 : -0.000115 -0.000066 -0.000030
580000.000000 -0.000056 -0.000002 : -0.000106 -0.000008 -0.000056
585000.000000 -0.000066 -0.000005 : -0.000071 -0.000109 -0.000016
590000.000000 0.000020 -0.000008 : -0.000003 0.000116 -0.000054
595000.000000 -0.000082 -0.000017 : -0.000104 0.000039 -0.000181
600000.000000 -0.000069 -0.000015 : -0.000278 -0.000030 0.000102
605000.000000 -0.000086 -0.000009 : -0.000275 -0.000032 0.000050
610000.000000 -0.000057 0.000001 : -0.000064 -0.000061 -0.000046
615000.000000 0.000007 0.000008 : -0.000149 -0.000026 0.000197
620000.000000 0.000050 0.000015 : -0.000049 0.000057 0.000143
625000.000000 -0.000043 0.000017 : -0.000101 -0.000083 0.000054
630000.000000 0.000043 0.000001 : 0.000074 -0.000093 0.000148
635000.000000 0.000049 -0.000004 : 0.000005 -0.000034 0.000177
640000.000000 0.000062 0.000017 : 0.000080 0.000136 -0.000030
645000.000000 0.000030 0.000019 : 0.000020 -0.000066 0.000136
650000.000000 0.000055 0.000007 : 0.000053 0.000031 0.000080
655000.000000 0.000011 -0.000007 : -0.000076 -0.000020 0.000129
660000.000000 0.000054 -0.000002 : 0.000031 0.000068 0.000063
665000.000000 0.000055 0.000006 : -0.000003 0.000038 0.000129
670000.000000 0.000033 0.000008 : -0.000057 0.000172 -0.000018
675000.000000 0.000037 0.000003 : 0.000067 -0.000042 0.000085
680000.000000 -0.000017 0.000004 : -0.000122 -0.000079 0.000150
685000.000000 0.000011 0.000020 : 0.000067 -0.000029 -0.000006
690000.000000 -0.000019 0.000012 : 0.000077 -0.000143 0.000008
695000.000000 -0.000015 0.000012 : 0.000049 -0.000132 0.000039
700000.000000 -0.000055 -0.000003 : 0.000024 -0.000129 -0.000061
705000.000000 0.000004 0.000024 : 0.000102 -0.000147 0.000058
710000.000000 0.000020 0.000010 : 0.000013 -0.000051 0.000098
715000.000000 -0.000035 0.000014 : 0.000042 -0.000084 -0.000063
720000.000000 -0.000044 0.000007 : -0.000161 0.000033 -0.000006
725000.000000 0.000064 0.000023 : -0.000007 0.000152 0.000047
730000.000000 0.000119 0.000020 : 0.000130 0.000124 0.000105
735000.000000 0.000094 0.000001 : 0.000063 0.000123 0.000095
740000.000000 -0.000006 0.000007 : -0.000054 -0.000066 0.000101
745000.000000 0.000013 -0.000009 : 0.000011 0.000117 -0.000090
750000.000000 -0.000040 -0.000008 : 0.000013 0.000031 -0.000163
755000.000000 -0.000034 -0.000009 : 0.000030 -0.000013 -0.000118
760000.000000 -0.000012 -0.000009 : -0.000014 0.000015 -0.000037
765000.000000 -0.000067 0.000004 : -0.000062 -0.000051 -0.000088
770000.000000 -0.000070 0.000010 : -0.000038 -0.000006 -0.000165
775000.000000 -0.000098 -0.000006 : -0.000240 -0.000021 -0.000034
780000.000000 -0.000020 -0.000016 : -0.000019 0.000007 -0.000048
785000.000000 0.000051 -0.000004 : 0.000213 -0.000067 0.000008
790000.000000 -0.000001 0.000003 : 0.000005 0.000077 -0.000084
795000.000000 -0.000067 -0.000005 : -0.000017 0.000034 -0.000218
800000.000000 -0.000087 -0.000014 : -0.000118 0.000102 -0.000244
805000.000000 -0.000033 -0.000002 : -0.000059 0.000051 -0.000092
810000.000000 -0.000023 -0.000007 : 0.000037 0.000011 -0.000117
815000.000000 -0.000025 -0.000002 : -0.000056 0.000112 -0.000132
820000.000000 -0.000068 -0.000004 : -0.000144 0.000060 -0.000119
825000.000000 -0.000108 -0.000014 : 0.000015 -0.000106 -0.000231
830000.000000 -0.000017 0.000004 : -0.000002 0.000088 -0.000137
835000.000000 0.000008 -0.000010 : -0.000002 0.000085 -0.000059
840000.000000 -0.000044 0.000002 : -0.000058 0.000034 -0.000108
845000.000000 -0.000069 0.000017 : -0.000142 0.000007 -0.000072
850000.000000 0.000014 0.000012 : -0.000015 0.000131 -0.000073
855000.000000 0.000003 0.000022 : 0.000066 0.000016 -0.000073
860000.000000 -0.000056 0.000015 : -0.000148 -0.000006 -0.000015
865000.000000 -0.000010 0.000022 : -0.000046 0.000010 0.000005
870000.000000 0.000086 0.000037 : 0.000131 0.000239 -0.000112
875000.000000 0.000124 0.000011 : 0.000167 0.000162 0.000044
880000.000000 0.000118 0.000011 : 0.000194 0.000110 0.000051
885000.000000 0.000097 0.000018 : 0.000198 -0.000007 0.000098
890000.000000 0.000116 -0.000003 : 0.000029 0.000128 0.000191
895000.000000 0.000085 0.000003 : 0.000024 0.000045 0.000186
900000.000000 -0.000018 -0.000004 : -0.000064 0.000036 -0.000027
905000.000000 0.000144 -0.000005 : 0.000200 0.000075 0.000157
910000.000000 0.000002 -0.000010 : -0.000066 0.000051 0.000021
915000.000000 0.000018 -0.000003 : 0.000070 -0.000036 0.000020
920000.000000 0.000096 -0.000017 : 0.000031 0.000150 0.000107
925000.000000 0.000014 -0.000022 : -0.000046 -0.000006 0.000093
930000.000000 0.000104 -0.000007 : 0.000118 -0.000045 0.000238
935000.000000 0.000073 -0.000006 : 0.000069 -0.000057 0.000207
940000.000000 -0.000064 -0.000003 : -0.000199 -0.000057 0.000066
945000.000000 0.000075 0.000002 : 0.000071 -0.000021 0.000173
950000.000000 -0.000033 0.000013 : -0.000021 -0.000057 -0.000021
955000.000000 0.000081 0.000013 : 0.000067 0.000124 0.000051
960000.000000 0.000009 0.000006 : 0.000048 -0.000068 0.000046
965000.000000 -0.000000 0.000003 : -0.000015 -0.000040 0.000054
970000.000000 0.000141 0.000002 : 0.000136 0.000039 0.000248
975000.000000 0.000047 0.000005 : 0.000124 -0.000061 0.000080
980000.000000 -0.000015 0.000013 : -0.000025 -0.000006 -0.000015
985000.000000 -0.000006 -0.000002 : 0.000054 -0.000076 0.000003
990000.000000 0.000071 0.000008 : 0.000066 -0.000002 0.000149
995000.000000 0.000053 -0.000007 : 0.000119 0.000002 0.000037
1000000.000000 0.000006 0.000001 : -0.000036 0.000073 -0.000020
