0.000000 1.000000 1.000000 : 1.000000 1.000000 1.000000
10.000000 0.989962 0.989962 : 0.989966 0.989970 0.989949
20.000000 0.983454 0.983454 : 0.983439 0.983458 0.983466
30.000000 0.973843 0.973843 : 0.973779 0.973871 0.973878
40.000000 0.962619 0.962619 : 0.962499 0.962672 0.962685
50.000000 0.950881 0.950881 : 0.950715 0.950934 0.950994
60.000000 0.939447 0.939447 : 0.939222 0.939518 0.939601
70.000000 0.931474 0.931474 : 0.931193 0.931544 0.931684
80.000000 0.919591 0.919591 : 0.919274 0.919652 0.919849
90.000000 0.911359 0.911358 : 0.910995 0.911417 0.911666
100.000000 0.902029 0.902027 : 0.901640 0.902058 0.902388
110.000000 0.893838 0.893836 : 0.893419 0.893851 0.894244
120.000000 0.887478 0.887475 : 0.887028 0.887469 0.887937
130.000000 0.880567 0.880563 : 0.880098 0.880528 0.881075
140.000000 0.873217 0.873212 : 0.872726 0.873147 0.873779
150.000000 0.865580 0.865574 : 0.865076 0.865468 0.866195
160.000000 0.858317 0.858310 : 0.857802 0.858173 0.858976
170.000000 0.850032 0.850024 : 0.849507 0.849845 0.850745
180.000000 0.842733 0.842723 : 0.842204 0.842504 0.843489
190.000000 0.834329 0.834319 : 0.833800 0.834064 0.835124
200.000000 0.826678 0.826667 : 0.826158 0.826374 0.827502
210.000000 0.819765 0.819753 : 0.819246 0.819426 0.820624
220.000000 0.812105 0.812092 : 0.811597 0.811730 0.812987
230.000000 0.804991 0.804978 : 0.804502 0.804580 0.805892
240.000000 0.797445 0.797431 : 0.796968 0.797002 0.798364
250.000000 0.791157 0.791143 : 0.790695 0.790679 0.792097
260.000000 0.784270 0.784257 : 0.783829 0.783752 0.785228
270.000000 0.778172 0.778161 : 0.777761 0.777622 0.779135
280.000000 0.772370 0.772360 : 0.771987 0.771785 0.773340
290.000000 0.766621 0.766613 : 0.766270 0.765993 0.767601
300.000000 0.761244 0.761238 : 0.760927 0.760580 0.762224
310.000000 0.755282 0.755278 : 0.755008 0.754582 0.756257
320.000000 0.749941 0.749939 : 0.749708 0.749202 0.750913
330.000000 0.744462 0.744462 : 0.744264 0.743684 0.745437
340.000000 0.739318 0.739319 : 0.739158 0.738504 0.740290
350.000000 0.733922 0.733925 : 0.733808 0.733075 0.734884
360.000000 0.729336 0.729339 : 0.729262 0.728453 0.730292
370.000000 0.724509 0.724513 : 0.724474 0.723593 0.725461
380.000000 0.719339 0.719343 : 0.719343 0.718387 0.720288
390.000000 0.714913 0.714917 : 0.714957 0.713924 0.715856
400.000000 0.710252 0.710256 : 0.710334 0.709232 0.711189
410.000000 0.706022 0.706026 : 0.706140 0.704966 0.706959
420.000000 0.701377 0.701381 : 0.701534 0.700288 0.702309
430.000000 0.697466 0.697470 : 0.697659 0.696346 0.698393
440.000000 0.693556 0.693560 : 0.693792 0.692403 0.694474
450.000000 0.689355 0.689360 : 0.689630 0.688173 0.690263
460.000000 0.685538 0.685544 : 0.685845 0.684329 0.686441
470.000000 0.681484 0.681492 : 0.681826 0.680249 0.682377
480.000000 0.677806 0.677816 : 0.678187 0.676547 0.678685
490.000000 0.673905 0.673917 : 0.674322 0.672627 0.674765
500.000000 0.670248 0.670263 : 0.670697 0.668952 0.671095
510.000000 0.666521 0.666539 : 0.667005 0.665206 0.667352
520.000000 0.662860 0.662881 : 0.663382 0.661531 0.663666
530.000000 0.659408 0.659432 : 0.659965 0.658065 0.660195
540.000000 0.655701 0.655727 : 0.656295 0.654343 0.656466
550.000000 0.652223 0.652250 : 0.652852 0.650850 0.652968
560.000000 0.648772 0.648801 : 0.649439 0.647383 0.649494
570.000000 0.645531 0.645561 : 0.646237 0.644126 0.646230
580.000000 0.642083 0.642113 : 0.642828 0.640658 0.642763
590.000000 0.638898 0.638928 : 0.639680 0.637455 0.639557
600.000000 0.635691 0.635721 : 0.636510 0.634234 0.636328
610.000000 0.632387 0.632418 : 0.633246 0.630918 0.632998
620.000000 0.629349 0.629379 : 0.630239 0.627868 0.629940
630.000000 0.626184 0.626214 : 0.627107 0.624693 0.626753
640.000000 0.623150 0.623179 : 0.624105 0.621652 0.623693
650.000000 0.620050 0.620079 : 0.621031 0.618548 0.620572
660.000000 0.617163 0.617191 : 0.618173 0.615656 0.617659
670.000000 0.614156 0.614184 : 0.615190 0.612650 0.614628
680.000000 0.611158 0.611186 : 0.612215 0.609652 0.611607
690.000000 0.608298 0.608327 : 0.609375 0.606794 0.608724
700.000000 0.605390 0.605421 : 0.606486 0.603892 0.605793
710.000000 0.602580 0.602612 : 0.603697 0.601081 0.602961
720.000000 0.599740 0.599775 : 0.600874 0.598247 0.600098
730.000000 0.596999 0.597036 : 0.598152 0.595512 0.597334
740.000000 0.594220 0.594260 : 0.595389 0.592739 0.594533
750.000000 0.591492 0.591535 : 0.592676 0.590018 0.591782
760.000000 0.588833 0.588877 : 0.590032 0.587367 0.589100
770.000000 0.586183 0.586229 : 0.587394 0.584727 0.586427
780.000000 0.583523 0.583569 : 0.584749 0.582075 0.583744
790.000000 0.580894 0.580941 : 0.582136 0.579458 0.581087
800.000000 0.578417 0.578465 : 0.579674 0.576994 0.578582
810.000000 0.575846 0.575894 : 0.577120 0.574433 0.575983
820.000000 0.573267 0.573317 : 0.574557 0.571873 0.573372
830.000000 0.570786 0.570836 : 0.572088 0.569410 0.570860
840.000000 0.568365 0.568415 : 0.569681 0.567008 0.568405
850.000000 0.565918 0.565970 : 0.567248 0.564576 0.565930
860.000000 0.563458 0.563510 : 0.564799 0.562136 0.563438
870.000000 0.561107 0.561160 : 0.562459 0.559802 0.561059
880.000000 0.558746 0.558801 : 0.560112 0.557455 0.558671
890.000000 0.556439 0.556494 : 0.557814 0.555164 0.556338
900.000000 0.554118 0.554174 : 0.555503 0.552857 0.553992
910.000000 0.551811 0.551868 : 0.553206 0.550568 0.551660
920.000000 0.549576 0.549633 : 0.550983 0.548344 0.549403
930.000000 0.547370 0.547426 : 0.548787 0.546150 0.547173
940.000000 0.545176 0.545231 : 0.546605 0.543967 0.544954
950.000000 0.542947 0.543002 : 0.544391 0.541748 0.542703
960.000000 0.540812 0.540867 : 0.542267 0.539624 0.540545
970.000000 0.538697 0.538752 : 0.540168 0.537518 0.538406
980.000000 0.536565 0.536618 : 0.538049 0.535395 0.536250
990.000000 0.534450 0.534502 : 0.535949 0.533289 0.534112
1000.000000 0.532386 0.532437 : 0.533899 0.531233 0.532026
1010.000000 0.530349 0.530398 : 0.531874 0.529207 0.529966
1020.000000 0.528290 0.528337 : 0.529828 0.527157 0.527885
1030.000000 0.526290 0.526336 : 0.527837 0.525170 0.525863
1040.000000 0.524295 0.524339 : 0.525851 0.523188 0.523847
1050.000000 0.522306 0.522350 : 0.523869 0.521214 0.521836
1060.000000 0.520364 0.520406 : 0.521933 0.519287 0.519871
1070.000000 0.518435 0.518476 : 0.520009 0.517376 0.517920
1080.000000 0.516510 0.516551 : 0.518088 0.515470 0.515973
1090.000000 0.514608 0.514648 : 0.516187 0.513587 0.514050
1100.000000 0.512752 0.512792 : 0.514333 0.511748 0.512174
1110.000000 0.510890 0.510929 : 0.512470 0.509903 0.510295
1120.000000 0.509056 0.509095 : 0.510637 0.508087 0.508443
1130.000000 0.507252 0.507289 : 0.508833 0.506297 0.506627
1140.000000 0.505444 0.505479 : 0.507025 0.504502 0.504806
1150.000000 0.503675 0.503706 : 0.505255 0.502744 0.503024
1160.000000 0.501926 0.501955 : 0.503506 0.501009 0.501263
1170.000000 0.500182 0.500208 : 0.501763 0.499274 0.499511
1180.000000 0.498450 0.498473 : 0.500027 0.497552 0.497772
1190.000000 0.496759 0.496778 : 0.498332 0.495874 0.496069
1200.000000 0.495070 0.495087 : 0.496640 0.494196 0.494373
1210.000000 0.493390 0.493405 : 0.494959 0.492531 0.492682
1220.000000 0.491727 0.491739 : 0.493291 0.490884 0.491007
1230.000000 0.490071 0.490080 : 0.491632 0.489245 0.489335
1240.000000 0.488442 0.488449 : 0.490001 0.487635 0.487690
1250.000000 0.486822 0.486827 : 0.488377 0.486035 0.486054
1260.000000 0.485208 0.485211 : 0.486758 0.484444 0.484423
1270.000000 0.483608 0.483608 : 0.485151 0.482866 0.482808
1280.000000 0.482038 0.482034 : 0.483575 0.481320 0.481219
1290.000000 0.480471 0.480464 : 0.482002 0.479774 0.479637
1300.000000 0.478918 0.478906 : 0.480441 0.478242 0.478069
1310.000000 0.477383 0.477367 : 0.478900 0.476728 0.476519
1320.000000 0.475849 0.475831 : 0.477362 0.475210 0.474977
1330.000000 0.474346 0.474324 : 0.475855 0.473722 0.473462
1340.000000 0.472856 0.472831 : 0.474360 0.472245 0.471964
1350.000000 0.471355 0.471326 : 0.472859 0.470754 0.470453
1360.000000 0.469882 0.469849 : 0.471383 0.469290 0.468973
1370.000000 0.468438 0.468402 : 0.469941 0.467854 0.467519
1380.000000 0.466986 0.466947 : 0.468491 0.466412 0.466055
1390.000000 0.465535 0.465494 : 0.467039 0.464969 0.464596
1400.000000 0.464119 0.464076 : 0.465624 0.463564 0.463167
1410.000000 0.462704 0.462661 : 0.464206 0.462163 0.461744
1420.000000 0.461287 0.461245 : 0.462788 0.460757 0.460316
1430.000000 0.459895 0.459854 : 0.461388 0.459379 0.458919
1440.000000 0.458507 0.458466 : 0.459996 0.458001 0.457523
1450.000000 0.457121 0.457082 : 0.458607 0.456626 0.456129
1460.000000 0.455754 0.455717 : 0.457236 0.455271 0.454755
1470.000000 0.454399 0.454363 : 0.455880 0.453923 0.453393
1480.000000 0.453041 0.453008 : 0.454521 0.452575 0.452028
1490.000000 0.451704 0.451671 : 0.453185 0.451244 0.450683
1500.000000 0.450379 0.450347 : 0.451860 0.449923 0.449355
1510.000000 0.449062 0.449028 : 0.450541 0.448613 0.448030
1520.000000 0.447755 0.447721 : 0.449235 0.447311 0.446720
1530.000000 0.446457 0.446421 : 0.447933 0.446021 0.445416
1540.000000 0.445166 0.445129 : 0.446639 0.444737 0.444123
1550.000000 0.443889 0.443852 : 0.445357 0.443469 0.442842
1560.000000 0.442624 0.442587 : 0.444085 0.442213 0.441573
1570.000000 0.441358 0.441321 : 0.442811 0.440956 0.440306
1580.000000 0.440106 0.440070 : 0.441548 0.439718 0.439052
1590.000000 0.438867 0.438833 : 0.440297 0.438491 0.437812
1600.000000 0.437633 0.437601 : 0.439051 0.437274 0.436573
1610.000000 0.436406 0.436377 : 0.437813 0.436062 0.435343
1620.000000 0.435190 0.435164 : 0.436584 0.434864 0.434123
1630.000000 0.433985 0.433963 : 0.435368 0.433676 0.432913
1640.000000 0.432788 0.432769 : 0.434157 0.432494 0.431712
1650.000000 0.431594 0.431579 : 0.432954 0.431313 0.430514
1660.000000 0.430407 0.430396 : 0.431756 0.430140 0.429327
1670.000000 0.429228 0.429220 : 0.430568 0.428972 0.428144
1680.000000 0.428057 0.428051 : 0.429390 0.427809 0.426971
1690.000000 0.426893 0.426891 : 0.428217 0.426656 0.425806
1700.000000 0.425736 0.425737 : 0.427051 0.425509 0.424649
1710.000000 0.424581 0.424582 : 0.425885 0.424364 0.423494
1720.000000 0.423434 0.423437 : 0.424730 0.423223 0.422349
1730.000000 0.422298 0.422302 : 0.423585 0.422094 0.421216
1740.000000 0.421169 0.421171 : 0.422447 0.420972 0.420087
1750.000000 0.420042 0.420045 : 0.421312 0.419849 0.418964
1760.000000 0.418929 0.418931 : 0.420188 0.418742 0.417857
1770.000000 0.417827 0.417828 : 0.419076 0.417645 0.416760
1780.000000 0.416725 0.416725 : 0.417962 0.416549 0.415665
1790.000000 0.415630 0.415628 : 0.416855 0.415459 0.414577
1800.000000 0.414548 0.414544 : 0.415759 0.414383 0.413502
1810.000000 0.413474 0.413467 : 0.414672 0.413318 0.412431
1820.000000 0.412403 0.412395 : 0.413588 0.412256 0.411367
1830.000000 0.411341 0.411330 : 0.412509 0.411207 0.410307
1840.000000 0.410288 0.410274 : 0.411441 0.410166 0.409257
1850.000000 0.409237 0.409221 : 0.410377 0.409126 0.408210
1860.000000 0.408196 0.408177 : 0.409321 0.408096 0.407171
1870.000000 0.407165 0.407142 : 0.408277 0.407074 0.406143
1880.000000 0.406139 0.406111 : 0.407239 0.406057 0.405121
1890.000000 0.405119 0.405086 : 0.406207 0.405043 0.404106
1900.000000 0.404110 0.404071 : 0.405189 0.404041 0.403098
1910.000000 0.403105 0.403061 : 0.404172 0.403044 0.402098
1920.000000 0.402101 0.402051 : 0.403158 0.402048 0.401096
1930.000000 0.401103 0.401048 : 0.402149 0.401058 0.400101
1940.000000 0.400111 0.400052 : 0.401147 0.400073 0.399113
1950.000000 0.399125 0.399061 : 0.400149 0.399096 0.398129
1960.000000 0.398141 0.398074 : 0.399150 0.398125 0.397149
1970.000000 0.397165 0.397093 : 0.398161 0.397158 0.396176
1980.000000 0.396196 0.396119 : 0.397176 0.396198 0.395214
1990.000000 0.395232 0.395151 : 0.396198 0.395245 0.394252
2000.000000 0.394273 0.394189 : 0.395223 0.394292 0.393303
5000.000000 0.240113 0.240049 : 0.240049 0.240074 0.240217
10000.000000 0.145063 0.144987 : 0.145132 0.144568 0.145487
15000.000000 0.098630 0.098556 : 0.098514 0.098254 0.099122
20000.000000 0.070598 0.070573 : 0.070783 0.070225 0.070787
25000.000000 0.051962 0.052022 : 0.052077 0.051685 0.052123
30000.000000 0.039163 0.039219 : 0.039048 0.039068 0.039371
35000.000000 0.030277 0.030130 : 0.030263 0.029889 0.030680
40000.000000 0.023453 0.023339 : 0.023437 0.023125 0.023798
45000.000000 0.018402 0.018349 : 0.018420 0.017945 0.018839
50000.000000 0.014524 0.014501 : 0.014669 0.014155 0.014747
55000.000000 0.011715 0.011608 : 0.012021 0.011376 0.011748
60000.000000 0.009321 0.009327 : 0.009524 0.009026 0.009413
65000.000000 0.007488 0.007494 : 0.007681 0.007185 0.007600
70000.000000 0.006006 0.006060 : 0.006330 0.005734 0.005953
75000.000000 0.004975 0.004981 : 0.005249 0.004608 0.005067
80000.000000 0.004037 0.004088 : 0.004392 0.003900 0.003818
85000.000000 0.003275 0.003314 : 0.003425 0.003293 0.003107
90000.000000 0.002622 0.002827 : 0.002700 0.002439 0.002726
95000.000000 0.002115 0.002330 : 0.002286 0.001844 0.002214
100000.000000 0.001766 0.001929 : 0.001837 0.001338 0.002122
105000.000000 0.001480 0.001616 : 0.001629 0.001227 0.001584
110000.000000 0.001311 0.001386 : 0.001438 0.001314 0.001182
115000.000000 0.000956 0.001092 : 0.001123 0.000805 0.000938
120000.000000 0.000880 0.000973 : 0.000760 0.001013 0.000866
125000.000000 0.000823 0.000833 : 0.000805 0.001089 0.000575
130000.000000 0.000693 0.000657 : 0.000631 0.000854 0.000596
135000.000000 0.000526 0.000523 : 0.000380 0.000850 0.000347
140000.000000 0.000433 0.000471 : 0.000431 0.000540 0.000327
145000.000000 0.000377 0.000417 : 0.000354 0.000386 0.000391
150000.000000 0.000333 0.000376 : 0.000300 0.000384 0.000315
155000.000000 0.000298 0.000342 : 0.000243 0.000349 0.000303
160000.000000 0.000214 0.000308 : 0.000084 0.000309 0.000249
165000.000000 0.000092 0.000224 : -0.000051 0.000170 0.000156
170000.000000 0.000198 0.000206 : -0.000033 0.000321 0.000306
175000.000000 0.000160 0.000164 : -0.000025 0.000333 0.000174
180000.000000 0.000129 0.000133 : 0.000002 0.000201 0.000182
185000.000000 0.000048 0.000098 : -0.000080 0.000298 -0.000073
190000.000000 0.000070 0.000089 : 0.000001 0.000161 0.000046
195000.000000 0.000036 0.000092 : -0.000202 0.000164 0.000147
200000.000000 0.000110 0.000084 : 0.000076 0.000157 0.000095
205000.000000 0.000007 0.000028 : -0.000119 0.000102 0.000037
210000.000000 -0.000091 0.000047 : -0.000129 -0.000090 -0.000055
215000.000000 -0.000138 0.000027 : -0.000369 -0.000111 0.000068
220000.000000 -0.000108 0.000031 : -0.000320 0.000063 -0.000067
225000.000000 -0.000143 0.000008 : -0.000295 -0.000023 -0.000112
230000.000000 -0.000069 0.000033 : -0.000157 -0.000107 0.000057
235000.000000 -0.000000 0.000019 : 0.000030 -0.000055 0.000025
240000.000000 -0.000041 0.000012 : 0.000011 -0.000095 -0.000038
245000.000000 0.000035 0.000051 : 0.000193 -0.000143 0.000056
250000.000000 -0.000008 0.000033 : 0.000073 -0.000157 0.000061
255000.000000 -0.000055 0.000049 : -0.000072 -0.000270 0.000178
260000.000000 -0.000007 0.000051 : -0.000034 -0.000073 0.000086
265000.000000 -0.000015 0.000047 : 0.000028 -0.000070 -0.000002
270000.000000 0.000011 0.000036 : 0.000045 0.000014 -0.000028
275000.000000 0.000095 0.000030 : -0.000023 0.000101 0.000208
280000.000000 0.000007 0.000036 : -0.000089 0.000049 0.000060
285000.000000 0.000072 0.000048 : -0.000002 -0.000080 0.000297
290000.000000 0.000053 0.000022 : -0.000074 0.000009 0.000223
295000.000000 0.000059 0.000028 : -0.000160 0.000168 0.000170
300000.000000 0.000083 0.000030 : 0.000022 0.000084 0.000142
305000.000000 -0.000084 -0.000003 : -0.000046 -0.000233 0.000027
310000.000000 -0.000024 0.000011 : -0.000058 -0.000151 0.000136
315000.000000 0.000004 0.000004 : -0.000065 -0.000061 0.000137
320000.000000 0.000029 -0.000002 : 0.000073 -0.000204 0.000217
325000.000000 0.000025 -0.000006 : 0.000213 -0.000233 0.000095
330000.000000 -0.000066 0.000004 : 0.000053 -0.000229 -0.000023
335000.000000 0.000041 0.000049 : 0.000034 -0.000031 0.000120
340000.000000 0.000002 0.000032 : 0.000067 -0.000012 -0.000049
345000.000000 0.000137 -0.000005 : 0.000087 0.000142 0.000183
350000.000000 0.000088 0.000005 : 0.000125 0.000255 -0.000117
355000.000000 0.000159 0.000019 : 0.000179 0.000288 0.000011
360000.000000 0.000048 0.000010 : -0.000019 0.000120 0.000044
365000.000000 0.000122 0.000006 : 0.000051 0.000269 0.000047
370000.000000 0.000026 0.000033 : 0.000040 0.000020 0.000018
375000.000000 0.000078 0.000030 : 0.000066 0.000232 -0.000064
380000.000000 0.000038 0.000014 : -0.000027 0.000092 0.000049
385000.000000 -0.000111 -0.000009 : -0.000186 -0.000117 -0.000031
390000.000000 -0.000092 0.000002 : -0.000036 -0.000162 -0.000078
395000.000000 -0.000103 0.000005 : 0.000037 -0.000208 -0.000139
400000.000000 -0.000063 0.000003 : 0.000134 -0.000273 -0.000050
405000.000000 -0.000075 0.000011 : 0.000097 -0.000339 0.000016
410000.000000 -0.000056 0.000004 : -0.000020 -0.000291 0.000144
415000.000000 -0.000124 -0.000022 : -0.000196 -0.000263 0.000089
420000.000000 -0.000088 -0.000024 : -0.000088 -0.000050 -0.000127
425000.000000 -0.000171 -0.000018 : -0.000096 -0.000303 -0.000113
430000.000000 0.000024 -0.000018 : 0.000065 -0.000026 0.000033
435000.000000 0.000016 0.000005 : -0.000008 -0.000085 0.000141
440000.000000 0.000059 -0.000032 : 0.000259 -0.000030 -0.000053
445000.000000 0.000008 -0.000007 : 0.000020 -0.000019 0.000022
450000.000000 0.000010 -0.000040 : -0.000176 0.000117 0.000089
455000.000000 0.000063 -0.000020 : -0.000061 0.000087 0.000165
460000.000000 0.000007 -0.000017 : -0.000053 -0.000049 0.000123
465000.000000 0.000015 -0.000023 : -0.000137 0.000018 0.000165
470000.000000 0.000010 0.000007 : -0.000127 0.000082 0.000075
475000.000000 0.000055 0.000026 : 0.000057 -0.000014 0.000121
480000.000000 0.000038 0.000027 : -0.000026 0.000081 0.000059
485000.000000 0.000030 0.000030 : 0.000011 0.000024 0.000054
490000.000000 0.000083 0.000016 : 0.000071 0.000024 0.000154
495000.000000 -0.000046 -0.000011 : -0.000042 -0.000123 0.000028
500000.000000 -0.000020 -0.000021 : 0.000021 -0.000083 0.000003
505000.000000 -0.000043 -0.000001 : -0.000111 0.000023 -0.000040
510000.000000 -0.000004 -0.000000 : -0.000151 0.000002 0.000137
515000.000000 -0.000066 0.000002 : -0.000131 -0.000041 -0.000026
520000.000000 -0.000056 0.000032 : -0.000034 -0.000095 -0.000040
525000.000000 0.000039 0.000018 : -0.000009 0.000075 0.000051
530000.000000 0.000044 0.000000 : 0.000116 0.000037 -0.000020
535000.000000 -0.000021 -0.000009 : 0.000105 -0.000121 -0.000045
540000.000000 -0.000052 -0.000001 : -0.000037 -0.000076 -0.000043
545000.000000 0.000046 -0.000028 : 0.000051 0.000033 0.000054
550000.000000 0.000072 -0.000026 : 0.000124 0.000130 -0.000037
555000.000000 0.000028 -0.000017 : 0.000080 0.000064 -0.000060
560000.000000 0.000143 -0.000020 : 0.000141 0.000165 0.000123
565000.000000 -0.000023 -0.000021 : -0.000085 -0.000083 0.000099
570000.000000 -0.000007 0.000014 : -0.000124 0.000002 0.000101
575000.000000 -0.000025 0.000014 : 0.000082 -0.000087 -0.000069
580000.000000 -0.000040 -0.000006 : -0.000051 -0.000051 -0.000019
585000.000000 0.000024 -0.000016 : 0.000021 -0.000032 0.000082
590000.000000 0.000035 0.000005 : -0.000073 0.000023 0.000153
595000.000000 0.000097 -0.000015 : 0.000093 0.000039 0.000159
600000.000000 0.000027 -0.000006 : -0.000047 -0.000035 0.000162
605000.000000 0.000024 0.000017 : -0.000081 -0.000047 0.000200
610000.000000 0.000054 0.000014 : -0.000069 0.000070 0.000159
615000.000000 0.000053 0.000016 : -0.000095 0.000069 0.000184
620000.000000 -0.000029 0.000033 : -0.000202 0.000069 0.000046
625000.000000 -0.000015 0.000041 : -0.000163 -0.000018 0.000135
630000.000000 -0.000009 0.000012 : -0.000033 -0.000111 0.000117
635000.000000 0.000025 0.000002 : 0.000008 -0.000106 0.000172
640000.000000 -0.000000 0.000024 : 0.000111 -0.000076 -0.000036
645000.000000 0.000110 0.000013 : 0.000289 0.000077 -0.000037
650000.000000 0.000058 0.000015 : 0.000226 0.000102 -0.000154
655000.000000 0.000047 0.000004 : 0.000072 0.000023 0.000046
660000.000000 0.000030 -0.000011 : 0.000173 -0.000085 0.000000
665000.000000 -0.000004 -0.000015 : 0.000106 0.000054 -0.000173
670000.000000 0.000045 0.000000 : -0.000056 0.000220 -0.000028
675000.000000 0.000148 -0.000002 : 0.000113 0.000260 0.000070
680000.000000 0.000026 0.000001 : 0.000031 0.000049 -0.000001
685000.000000 0.000008 -0.000001 : 0.000038 -0.000021 0.000006
690000.000000 -0.000026 -0.000011 : 0.000161 -0.000149 -0.000090
695000.000000 -0.000005 -0.000002 : -0.000051 0.000073 -0.000037
700000.000000 -0.000042 0.000002 : -0.000036 -0.000125 0.000036
705000.000000 -0.000030 -0.000001 : 0.000138 -0.000238 0.000011
710000.000000 0.000050 0.000020 : 0.000066 -0.000124 0.000208
715000.000000 0.000020 0.000027 : 0.000072 -0.000094 0.000082
720000.000000 -0.000001 0.000025 : -0.000022 -0.000037 0.000058
725000.000000 0.000041 0.000029 : -0.000092 0.000052 0.000163
730000.000000 -0.000066 0.000009 : -0.000032 -0.000094 -0.000072
735000.000000 0.000021 -0.000013 : -0.000031 0.000051 0.000043
740000.000000 -0.000023 0.000005 : -0.000045 -0.000145 0.000122
745000.000000 0.000061 0.000020 : 0.000071 -0.000084 0.000195
750000.000000 -0.000013 -0.000004 : 0.000103 -0.000145 0.000002
755000.000000 0.000011 0.000027 : 0.000068 -0.000144 0.000108
760000.000000 0.000003 0.000001 : 0.000118 -0.000208 0.000100
765000.000000 -0.000043 0.000013 : 0.000053 -0.000264 0.000081
770000.000000 -0.000022 0.000011 : -0.000001 -0.000228 0.000164
775000.000000 0.000016 0.000012 : 0.000156 -0.000154 0.000045
780000.000000 -0.000112 0.000010 : -0.000044 -0.000219 -0.000072
785000.000000 0.000051 0.000024 : 0.000170 -0.000081 0.000066
790000.000000 0.000115 0.000017 : 0.000196 0.000007 0.000143
795000.000000 0.000119 0.000020 : 0.000292 -0.000009 0.000073
800000.000000 0.000058 0.000003 : 0.000103 0.000008 0.000064
805000.000000 0.000096 0.000009 : 0.000211 0.000095 -0.000020
810000.000000 0.000012 0.000017 : 0.000088 -0.000026 -0.000026
815000.000000 0.000029 0.000036 : 0.000057 0.000127 -0.000096
820000.000000 0.000034 0.000039 : 0.000134 0.000067 -0.000099
825000.000000 -0.000037 0.000032 : 0.000004 0.000008 -0.000123
830000.000000 -0.000099 0.000030 : -0.000036 0.000005 -0.000267
835000.000000 -0.000126 0.000009 : -0.000150 -0.000155 -0.000073
840000.000000 -0.000008 0.000015 : -0.000121 0.000118 -0.000019
845000.000000 -0.000025 0.000015 : -0.000157 0.000117 -0.000035
850000.000000 0.000001 0.000013 : -0.000092 0.000215 -0.000120
855000.000000 0.000063 0.000029 : 0.000159 0.000105 -0.000076
860000.000000 0.000169 0.000003 : 0.000159 0.000364 -0.000016
865000.000000 0.000155 0.000015 : 0.000145 0.000269 0.000049
870000.000000 0.000062 -0.000004 : 0.000126 0.000228 -0.000169
875000.000000 0.000071 -0.000004 : 0.000086 0.000144 -0.000017
880000.000000 0.000086 -0.000002 : 0.000124 0.000162 -0.000027
885000.000000 0.000073 -0.000006 : 0.000086 0.000072 0.000062
890000.000000 0.000127 -0.000003 : -0.000003 0.000099 0.000286
895000.000000 0.000049 0.000006 : -0.000007 0.000022 0.000133
900000.000000 -0.000016 0.000014 : -0.000012 -0.000128 0.000091
905000.000000 0.000074 0.000016 : 0.000121 0.000065 0.000037
910000.000000 0.000042 0.000025 : 0.000039 0.000033 0.000053
915000.000000 0.000071 0.000005 : 0.000183 0.000014 0.000016
920000.000000 0.000120 0.000013 : 0.000164 0.000060 0.000136
925000.000000 0.000126 0.000020 : 0.000097 0.000026 0.000256
930000.000000 0.000111 0.000018 : -0.000003 -0.000048 0.000384
935000.000000 -0.000002 0.000012 : -0.000151 -0.000051 0.000194
940000.000000 0.000097 0.000027 : -0.000017 0.000017 0.000291
945000.000000 0.000062 0.000014 : -0.000019 -0.000001 0.000204
950000.000000 0.000053 0.000016 : -0.000115 0.000179 0.000095
955000.000000 0.000046 0.000017 : -0.000149 0.000123 0.000164
960000.000000 0.000107 0.000006 : 0.000058 0.000117 0.000146
965000.000000 0.000077 0.000004 : 0.000095 0.000011 0.000123
970000.000000 0.000102 0.000017 : 0.000131 0.000006 0.000169
975000.000000 0.000135 0.000017 : 0.000072 0.000004 0.000329
980000.000000 0.000006 0.000001 : -0.000179 -0.000012 0.000208
985000.000000 -0.000053 0.000012 : -0.000166 -0.000064 0.000071
990000.000000 0.000001 0.000028 : -0.000217 0.000073 0.000148
995000.000000 0.000064 0.000019 : -0.000150 0.000113 0.000228
1000000.000000 0.000138 0.000023 : 0.000077 0.000075 0.000262
