0.000000 1.000000 1.000000 : 1.000000 1.000000 1.000000
10.000000 0.995067 0.995067 : 0.995069 0.995071 0.995060
20.000000 0.991850 0.991850 : 0.991842 0.991852 0.991856
30.000000 0.987062 0.987062 : 0.987030 0.987076 0.987080
40.000000 0.981418 0.981418 : 0.981357 0.981445 0.981452
50.000000 0.975447 0.975447 : 0.975361 0.975475 0.975505
60.000000 0.969568 0.969568 : 0.969450 0.969606 0.969648
70.000000 0.965383 0.965383 : 0.965234 0.965422 0.965493
80.000000 0.959159 0.959159 : 0.958987 0.959195 0.959295
90.000000 0.954784 0.954783 : 0.954584 0.954819 0.954947
100.000000 0.949799 0.949799 : 0.949584 0.949822 0.949993
110.000000 0.945406 0.945405 : 0.945171 0.945421 0.945626
120.000000 0.941933 0.941932 : 0.941678 0.941937 0.942183
130.000000 0.938186 0.938184 : 0.937917 0.938175 0.938464
140.000000 0.934214 0.934212 : 0.933930 0.934187 0.934524
150.000000 0.930050 0.930048 : 0.929757 0.930002 0.930391
160.000000 0.926080 0.926077 : 0.925777 0.926015 0.926447
170.000000 0.921523 0.921520 : 0.921211 0.921435 0.921923
180.000000 0.917473 0.917470 : 0.917156 0.917362 0.917900
190.000000 0.912801 0.912798 : 0.912480 0.912671 0.913252
200.000000 0.908494 0.908490 : 0.908175 0.908342 0.908965
210.000000 0.904557 0.904553 : 0.904235 0.904386 0.905049
220.000000 0.900181 0.900177 : 0.899863 0.899990 0.900690
230.000000 0.896088 0.896084 : 0.895778 0.895876 0.896611
240.000000 0.891720 0.891716 : 0.891413 0.891490 0.892256
250.000000 0.888027 0.888023 : 0.887727 0.887776 0.888577
260.000000 0.883990 0.883986 : 0.883700 0.883716 0.884553
270.000000 0.880384 0.880381 : 0.880109 0.880090 0.880954
280.000000 0.876920 0.876917 : 0.876658 0.876605 0.877497
290.000000 0.873466 0.873463 : 0.873220 0.873125 0.874052
300.000000 0.870227 0.870225 : 0.870001 0.869864 0.870818
310.000000 0.866629 0.866628 : 0.866425 0.866243 0.867220
320.000000 0.863385 0.863384 : 0.863202 0.862974 0.863979
330.000000 0.860036 0.860035 : 0.859872 0.859599 0.860636
340.000000 0.856884 0.856884 : 0.856742 0.856423 0.857486
350.000000 0.853574 0.853575 : 0.853458 0.853091 0.854174
360.000000 0.850710 0.850710 : 0.850617 0.850202 0.851310
370.000000 0.847717 0.847718 : 0.847648 0.847187 0.848318
380.000000 0.844505 0.844506 : 0.844460 0.843950 0.845106
390.000000 0.841730 0.841730 : 0.841711 0.841149 0.842329
400.000000 0.838805 0.838805 : 0.838810 0.838202 0.839402
410.000000 0.836129 0.836130 : 0.836159 0.835501 0.836728
420.000000 0.833215 0.833215 : 0.833270 0.832562 0.833812
430.000000 0.830718 0.830718 : 0.830798 0.830043 0.831313
440.000000 0.828219 0.828219 : 0.828328 0.827519 0.828809
450.000000 0.825540 0.825541 : 0.825676 0.824818 0.826126
460.000000 0.823093 0.823094 : 0.823253 0.822350 0.823677
470.000000 0.820495 0.820496 : 0.820680 0.819730 0.821074
480.000000 0.818117 0.818119 : 0.818329 0.817332 0.818690
490.000000 0.815602 0.815604 : 0.815841 0.814799 0.816166
500.000000 0.813232 0.813236 : 0.813495 0.812412 0.813791
510.000000 0.810813 0.810817 : 0.811101 0.809975 0.811363
520.000000 0.808423 0.808429 : 0.808739 0.807570 0.808961
530.000000 0.806164 0.806170 : 0.806505 0.805296 0.806690
540.000000 0.803740 0.803747 : 0.804108 0.802857 0.804254
550.000000 0.801458 0.801465 : 0.801853 0.800560 0.801961
560.000000 0.799181 0.799189 : 0.799604 0.798269 0.799671
570.000000 0.797034 0.797042 : 0.797485 0.796107 0.797511
580.000000 0.794756 0.794764 : 0.795235 0.793813 0.795220
590.000000 0.792630 0.792638 : 0.793136 0.791671 0.793082
600.000000 0.790495 0.790503 : 0.791030 0.789523 0.790933
610.000000 0.788292 0.788300 : 0.788854 0.787307 0.788713
620.000000 0.786251 0.786258 : 0.786837 0.785255 0.786659
630.000000 0.784127 0.784135 : 0.784739 0.783122 0.784521
640.000000 0.782085 0.782092 : 0.782721 0.781071 0.782463
650.000000 0.779995 0.780002 : 0.780653 0.778973 0.780359
660.000000 0.778032 0.778039 : 0.778714 0.777003 0.778380
670.000000 0.775996 0.776002 : 0.776700 0.774960 0.776328
680.000000 0.773958 0.773964 : 0.774683 0.772917 0.774275
690.000000 0.772006 0.772012 : 0.772750 0.770959 0.772308
700.000000 0.770020 0.770027 : 0.770784 0.768970 0.770307
710.000000 0.768093 0.768100 : 0.768877 0.767037 0.768365
720.000000 0.766142 0.766150 : 0.766944 0.765083 0.766398
730.000000 0.764254 0.764262 : 0.765076 0.763193 0.764493
740.000000 0.762338 0.762347 : 0.763177 0.761275 0.762561
750.000000 0.760448 0.760458 : 0.761305 0.759384 0.760656
760.000000 0.758601 0.758611 : 0.759474 0.757537 0.758791
770.000000 0.756755 0.756766 : 0.757644 0.755693 0.756930
780.000000 0.754906 0.754917 : 0.755810 0.753844 0.755063
790.000000 0.753068 0.753079 : 0.753989 0.752009 0.753206
800.000000 0.751324 0.751335 : 0.752260 0.750268 0.751443
810.000000 0.749518 0.749530 : 0.750472 0.748465 0.749618
820.000000 0.747707 0.747719 : 0.748676 0.746660 0.747784
830.000000 0.745954 0.745966 : 0.746937 0.744913 0.746010
840.000000 0.744232 0.744245 : 0.745231 0.743199 0.744267
850.000000 0.742497 0.742510 : 0.743511 0.741468 0.742512
860.000000 0.740750 0.740764 : 0.741778 0.739728 0.740744
870.000000 0.739071 0.739086 : 0.740113 0.738054 0.739046
880.000000 0.737381 0.737396 : 0.738439 0.736368 0.737338
890.000000 0.735724 0.735739 : 0.736795 0.734715 0.735662
900.000000 0.734059 0.734075 : 0.735143 0.733053 0.733980
910.000000 0.732399 0.732416 : 0.733496 0.731398 0.732302
920.000000 0.730783 0.730800 : 0.731895 0.729783 0.730670
930.000000 0.729182 0.729200 : 0.730308 0.728185 0.729053
940.000000 0.727590 0.727608 : 0.728731 0.726596 0.727444
950.000000 0.725972 0.725991 : 0.727128 0.724980 0.725809
960.000000 0.724414 0.724433 : 0.725583 0.723424 0.724233
970.000000 0.722866 0.722886 : 0.724051 0.721879 0.722668
980.000000 0.721305 0.721326 : 0.722503 0.720323 0.721090
990.000000 0.719756 0.719777 : 0.720968 0.718778 0.719523
1000.000000 0.718237 0.718258 : 0.719461 0.717263 0.717987
1010.000000 0.716735 0.716756 : 0.717971 0.715766 0.716467
1020.000000 0.715216 0.715237 : 0.716465 0.714252 0.714931
1030.000000 0.713736 0.713757 : 0.714996 0.712778 0.713434
1040.000000 0.712258 0.712279 : 0.713529 0.711306 0.711939
1050.000000 0.710782 0.710803 : 0.712063 0.709838 0.710444
1060.000000 0.709336 0.709357 : 0.710627 0.708400 0.708981
1070.000000 0.707897 0.707919 : 0.709197 0.706970 0.707524
1080.000000 0.706459 0.706481 : 0.707769 0.705540 0.706069
1090.000000 0.705036 0.705058 : 0.706352 0.704125 0.704630
1100.000000 0.703642 0.703665 : 0.704966 0.702738 0.703221
1110.000000 0.702241 0.702265 : 0.703572 0.701345 0.701807
1120.000000 0.700858 0.700883 : 0.702196 0.699969 0.700411
1130.000000 0.699495 0.699519 : 0.700838 0.698611 0.699036
1140.000000 0.698126 0.698151 : 0.699476 0.697247 0.697656
1150.000000 0.696781 0.696805 : 0.698136 0.695907 0.696300
1160.000000 0.695449 0.695473 : 0.696810 0.694580 0.694957
1170.000000 0.694119 0.694143 : 0.695487 0.693253 0.693618
1180.000000 0.692796 0.692818 : 0.694168 0.691933 0.692286
1190.000000 0.691498 0.691520 : 0.692876 0.690641 0.690978
1200.000000 0.690202 0.690223 : 0.691584 0.689349 0.689674
1210.000000 0.688912 0.688932 : 0.690299 0.688063 0.688372
1220.000000 0.687632 0.687652 : 0.689023 0.686790 0.687083
1230.000000 0.686356 0.686375 : 0.687751 0.685522 0.685796
1240.000000 0.685098 0.685116 : 0.686497 0.684270 0.684526
1250.000000 0.683845 0.683863 : 0.685247 0.683026 0.683263
1260.000000 0.682597 0.682614 : 0.684001 0.681787 0.682002
1270.000000 0.681356 0.681373 : 0.682762 0.680555 0.680752
1280.000000 0.680134 0.680150 : 0.681541 0.679344 0.679518
1290.000000 0.678914 0.678929 : 0.680322 0.678133 0.678288
1300.000000 0.677702 0.677716 : 0.679110 0.676930 0.677066
1310.000000 0.676502 0.676515 : 0.677912 0.675738 0.675856
1320.000000 0.675303 0.675315 : 0.676715 0.674544 0.674650
1330.000000 0.674123 0.674134 : 0.675538 0.673369 0.673462
1340.000000 0.672952 0.672963 : 0.674369 0.672202 0.672285
1350.000000 0.671773 0.671783 : 0.673194 0.671027 0.671099
1360.000000 0.670612 0.670621 : 0.672035 0.669868 0.669933
1370.000000 0.669470 0.669478 : 0.670897 0.668728 0.668785
1380.000000 0.668323 0.668330 : 0.669753 0.667584 0.667631
1390.000000 0.667175 0.667182 : 0.668607 0.666439 0.666479
1400.000000 0.666051 0.666058 : 0.667487 0.665319 0.665348
1410.000000 0.664929 0.664936 : 0.666365 0.664201 0.664219
1420.000000 0.663803 0.663811 : 0.665243 0.663081 0.663087
1430.000000 0.662695 0.662704 : 0.664134 0.661978 0.661973
1440.000000 0.661589 0.661598 : 0.663031 0.660877 0.660860
1450.000000 0.660484 0.660494 : 0.661928 0.659776 0.659748
1460.000000 0.659391 0.659402 : 0.660837 0.658687 0.658649
1470.000000 0.658306 0.658318 : 0.659757 0.657605 0.657557
1480.000000 0.657219 0.657232 : 0.658673 0.656520 0.656462
1490.000000 0.656144 0.656157 : 0.657604 0.655447 0.655380
1500.000000 0.655077 0.655091 : 0.656541 0.654381 0.654309
1510.000000 0.654013 0.654027 : 0.655482 0.653320 0.653239
1520.000000 0.652957 0.652971 : 0.654431 0.652263 0.652178
1530.000000 0.651906 0.651920 : 0.653384 0.651215 0.651120
1540.000000 0.650860 0.650874 : 0.652341 0.650169 0.650069
1550.000000 0.649823 0.649836 : 0.651307 0.649134 0.649026
1560.000000 0.648793 0.648807 : 0.650281 0.648107 0.647991
1570.000000 0.647763 0.647777 : 0.649253 0.647079 0.646956
1580.000000 0.646741 0.646756 : 0.648234 0.646062 0.645928
1590.000000 0.645729 0.645744 : 0.647222 0.645052 0.644911
1600.000000 0.644719 0.644736 : 0.646214 0.644048 0.643894
1610.000000 0.643714 0.643732 : 0.645212 0.643047 0.642884
1620.000000 0.642716 0.642735 : 0.644215 0.642054 0.641880
1630.000000 0.641726 0.641746 : 0.643226 0.641070 0.640883
1640.000000 0.640740 0.640762 : 0.642241 0.640088 0.639891
1650.000000 0.639757 0.639779 : 0.641261 0.639108 0.638902
1660.000000 0.638779 0.638802 : 0.640283 0.638133 0.637920
1670.000000 0.637804 0.637829 : 0.639311 0.637162 0.636940
1680.000000 0.636836 0.636861 : 0.638346 0.636195 0.635968
1690.000000 0.635873 0.635898 : 0.637384 0.635234 0.635000
1700.000000 0.634914 0.634941 : 0.636426 0.634278 0.634039
1710.000000 0.633956 0.633983 : 0.635468 0.633323 0.633078
1720.000000 0.633004 0.633030 : 0.634516 0.632371 0.632124
1730.000000 0.632059 0.632085 : 0.633570 0.631428 0.631179
1740.000000 0.631118 0.631144 : 0.632628 0.630489 0.630237
1750.000000 0.630179 0.630204 : 0.631688 0.629550 0.629298
1760.000000 0.629248 0.629273 : 0.630754 0.628622 0.628369
1770.000000 0.628326 0.628351 : 0.629829 0.627701 0.627449
1780.000000 0.627404 0.627427 : 0.628902 0.626780 0.626528
1790.000000 0.626485 0.626508 : 0.627980 0.625864 0.625613
1800.000000 0.625575 0.625597 : 0.627065 0.624955 0.624706
1810.000000 0.624670 0.624691 : 0.626156 0.624053 0.623802
1820.000000 0.623769 0.623789 : 0.625251 0.623152 0.622903
1830.000000 0.622873 0.622891 : 0.624349 0.622260 0.622009
1840.000000 0.621983 0.622000 : 0.623456 0.621372 0.621121
1850.000000 0.621095 0.621111 : 0.622564 0.620486 0.620235
1860.000000 0.620213 0.620228 : 0.621679 0.619605 0.619356
1870.000000 0.619338 0.619351 : 0.620800 0.618730 0.618484
1880.000000 0.618466 0.618477 : 0.619925 0.617859 0.617615
1890.000000 0.617598 0.617606 : 0.619053 0.616990 0.616750
1900.000000 0.616737 0.616743 : 0.618191 0.616129 0.615891
1910.000000 0.615879 0.615883 : 0.617330 0.615271 0.615037
1920.000000 0.615022 0.615024 : 0.616470 0.614415 0.614182
1930.000000 0.614170 0.614170 : 0.615614 0.613563 0.613332
1940.000000 0.613321 0.613319 : 0.614763 0.612714 0.612487
1950.000000 0.612476 0.612472 : 0.613913 0.611870 0.611645
1960.000000 0.611633 0.611628 : 0.613065 0.611030 0.610804
1970.000000 0.610795 0.610788 : 0.612223 0.610193 0.609968
1980.000000 0.609961 0.609952 : 0.611384 0.609359 0.609140
1990.000000 0.609131 0.609120 : 0.610549 0.608530 0.608314
2000.000000 0.608305 0.608293 : 0.609717 0.607702 0.607495
5000.000000 0.459290 0.459251 : 0.459273 0.459200 0.459396
10000.000000 0.342383 0.342309 : 0.342483 0.341850 0.342816
15000.000000 0.272950 0.272880 : 0.272971 0.272378 0.273503
20000.000000 0.224128 0.224056 : 0.224207 0.223612 0.224566
25000.000000 0.187072 0.187036 : 0.187062 0.186623 0.187532
30000.000000 0.158236 0.158252 : 0.158115 0.157862 0.158730
35000.000000 0.135314 0.135178 : 0.135332 0.134894 0.135717
40000.000000 0.116282 0.116169 : 0.116284 0.115790 0.116773
45000.000000 0.100669 0.100622 : 0.100824 0.099931 0.101252
50000.000000 0.087456 0.087439 : 0.087802 0.086690 0.087875
55000.000000 0.076500 0.076407 : 0.076938 0.075858 0.076703
60000.000000 0.066942 0.066972 : 0.067412 0.066202 0.067211
65000.000000 0.058873 0.058858 : 0.059514 0.058080 0.059026
70000.000000 0.051856 0.051857 : 0.052648 0.051214 0.051706
75000.000000 0.045819 0.045862 : 0.046647 0.045166 0.045645
80000.000000 0.040536 0.040610 : 0.041470 0.040061 0.040077
85000.000000 0.035884 0.036059 : 0.036667 0.035533 0.035453
90000.000000 0.031852 0.032187 : 0.032504 0.031324 0.031729
95000.000000 0.028386 0.028727 : 0.029098 0.027720 0.028340
100000.000000 0.025256 0.025615 : 0.026036 0.024405 0.025326
105000.000000 0.022573 0.022919 : 0.023349 0.022009 0.022360
110000.000000 0.020204 0.020572 : 0.021024 0.019842 0.019747
115000.000000 0.018030 0.018358 : 0.018770 0.017585 0.017735
120000.000000 0.016280 0.016576 : 0.016871 0.015972 0.015998
125000.000000 0.014710 0.014980 : 0.015237 0.014615 0.014279
130000.000000 0.013239 0.013441 : 0.013610 0.013246 0.012862
135000.000000 0.011902 0.012094 : 0.012068 0.012074 0.011564
140000.000000 0.010727 0.010963 : 0.011042 0.010763 0.010375
145000.000000 0.009708 0.009930 : 0.009979 0.009805 0.009339
150000.000000 0.008796 0.009004 : 0.009022 0.008864 0.008501
155000.000000 0.007856 0.008112 : 0.007995 0.007869 0.007705
160000.000000 0.007158 0.007407 : 0.007197 0.007156 0.007120
165000.000000 0.006488 0.006665 : 0.006384 0.006559 0.006521
170000.000000 0.005930 0.006041 : 0.005631 0.006116 0.006042
175000.000000 0.005428 0.005539 : 0.004899 0.005723 0.005662
180000.000000 0.004898 0.004988 : 0.004393 0.005231 0.005071
185000.000000 0.004460 0.004522 : 0.003869 0.004981 0.004530
190000.000000 0.004079 0.004074 : 0.003499 0.004720 0.004017
195000.000000 0.003739 0.003732 : 0.003197 0.004321 0.003698
200000.000000 0.003494 0.003441 : 0.002781 0.004041 0.003660
205000.000000 0.003156 0.003102 : 0.002572 0.003571 0.003327
210000.000000 0.002892 0.002867 : 0.002267 0.003341 0.003069
215000.000000 0.002614 0.002648 : 0.001930 0.003087 0.002826
220000.000000 0.002343 0.002439 : 0.001638 0.002841 0.002551
225000.000000 0.002104 0.002257 : 0.001473 0.002534 0.002305
230000.000000 0.001907 0.002055 : 0.001306 0.002302 0.002113
235000.000000 0.001748 0.001898 : 0.001247 0.002191 0.001805
240000.000000 0.001697 0.001776 : 0.001256 0.002091 0.001743
245000.000000 0.001534 0.001664 : 0.001110 0.001941 0.001550
250000.000000 0.001361 0.001543 : 0.000937 0.001762 0.001385
255000.000000 0.001087 0.001408 : 0.000729 0.001417 0.001116
260000.000000 0.001012 0.001278 : 0.000775 0.001432 0.000829
265000.000000 0.000920 0.001147 : 0.000830 0.001105 0.000827
270000.000000 0.000905 0.001072 : 0.000594 0.001165 0.000957
275000.000000 0.000967 0.001049 : 0.000526 0.001367 0.001008
280000.000000 0.000855 0.000956 : 0.000471 0.001394 0.000698
285000.000000 0.000748 0.000873 : 0.000449 0.001120 0.000675
290000.000000 0.000603 0.000755 : 0.000371 0.000906 0.000533
295000.000000 0.000645 0.000687 : 0.000408 0.000943 0.000583
300000.000000 0.000535 0.000605 : 0.000413 0.000731 0.000461
305000.000000 0.000498 0.000547 : 0.000324 0.000679 0.000490
310000.000000 0.000472 0.000485 : 0.000315 0.000712 0.000388
315000.000000 0.000395 0.000419 : 0.000123 0.000598 0.000465
320000.000000 0.000439 0.000359 : 0.000052 0.000751 0.000514
325000.000000 0.000325 0.000289 : -0.000021 0.000743 0.000252
330000.000000 0.000223 0.000229 : -0.000151 0.000541 0.000278
335000.000000 0.000282 0.000271 : -0.000014 0.000599 0.000263
340000.000000 0.000245 0.000246 : -0.000076 0.000588 0.000224
345000.000000 0.000251 0.000245 : -0.000172 0.000639 0.000285
350000.000000 0.000271 0.000223 : -0.000042 0.000571 0.000283
355000.000000 0.000292 0.000235 : -0.000029 0.000528 0.000376
360000.000000 0.000246 0.000233 : -0.000025 0.000303 0.000462
365000.000000 0.000282 0.000233 : 0.000044 0.000305 0.000496
370000.000000 0.000279 0.000262 : 0.000262 0.000181 0.000395
375000.000000 0.000232 0.000242 : 0.000165 0.000255 0.000275
380000.000000 0.000227 0.000250 : 0.000300 0.000151 0.000229
385000.000000 0.000164 0.000249 : 0.000161 0.000070 0.000260
390000.000000 0.000062 0.000228 : 0.000084 -0.000011 0.000112
395000.000000 0.000094 0.000211 : 0.000094 0.000111 0.000079
400000.000000 0.000136 0.000188 : 0.000208 0.000125 0.000076
405000.000000 0.000158 0.000210 : 0.000243 0.000194 0.000037
410000.000000 0.000118 0.000198 : 0.000240 0.000100 0.000015
415000.000000 0.000098 0.000183 : 0.000212 0.000011 0.000070
420000.000000 -0.000002 0.000169 : 0.000138 -0.000102 -0.000042
425000.000000 -0.000005 0.000133 : 0.000066 -0.000039 -0.000043
430000.000000 0.000043 0.000127 : 0.000126 -0.000050 0.000052
435000.000000 0.000073 0.000090 : 0.000145 0.000109 -0.000035
440000.000000 0.000101 0.000092 : 0.000118 0.000119 0.000065
445000.000000 0.000023 0.000078 : 0.000047 -0.000009 0.000032
450000.000000 0.000010 0.000075 : 0.000067 -0.000093 0.000054
455000.000000 -0.000018 0.000091 : 0.000215 -0.000290 0.000020
460000.000000 -0.000069 0.000046 : 0.000148 -0.000414 0.000059
465000.000000 -0.000116 0.000022 : 0.000079 -0.000496 0.000067
470000.000000 0.000002 0.000034 : 0.000201 -0.000317 0.000122
475000.000000 -0.000126 0.000030 : 0.000262 -0.000373 -0.000267
480000.000000 -0.000110 0.000020 : 0.000219 -0.000395 -0.000154
485000.000000 -0.000097 0.000036 : 0.000207 -0.000351 -0.000148
490000.000000 -0.000100 0.000035 : -0.000007 -0.000255 -0.000039
495000.000000 -0.000144 0.000028 : -0.000015 -0.000358 -0.000060
500000.000000 -0.000174 0.000034 : 0.000065 -0.000446 -0.000141
505000.000000 -0.000154 0.000054 : -0.000027 -0.000433 -0.000003
510000.000000 -0.000217 0.000052 : -0.000019 -0.000530 -0.000101
515000.000000 -0.000126 0.000068 : 0.000083 -0.000507 0.000046
520000.000000 -0.000219 0.000093 : -0.000112 -0.000598 0.000054
525000.000000 -0.000136 0.000115 : 0.000037 -0.000564 0.000120
530000.000000 -0.000114 0.000106 : 0.000027 -0.000585 0.000217
535000.000000 -0.000083 0.000106 : 0.000039 -0.000473 0.000185
540000.000000 0.000015 0.000120 : 0.000176 -0.000310 0.000178
545000.000000 0.000102 0.000112 : 0.000315 -0.000184 0.000174
550000.000000 -0.000023 0.000086 : 0.000231 -0.000353 0.000052
555000.000000 -0.000073 0.000088 : 0.000241 -0.000326 -0.000134
560000.000000 0.000016 0.000078 : 0.000251 -0.000224 0.000022
565000.000000 -0.000047 0.000067 : 0.000148 -0.000231 -0.000059
570000.000000 0.000046 0.000054 : 0.000334 -0.000195 0.000000
575000.000000 -0.000045 0.000020 : 0.000255 -0.000193 -0.000198
580000.000000 0.000025 0.000043 : 0.000281 -0.000118 -0.000089
585000.000000 0.000029 0.000057 : 0.000111 -0.000069 0.000045
590000.000000 0.000156 0.000060 : 0.000212 0.000054 0.000202
595000.000000 0.000244 0.000072 : 0.000224 0.000122 0.000386
600000.000000 0.000327 0.000063 : 0.000236 0.000151 0.000594
605000.000000 0.000186 0.000066 : 0.000202 -0.000070 0.000425
610000.000000 0.000186 0.000062 : 0.000190 -0.000053 0.000420
615000.000000 0.000217 0.000067 : 0.000332 -0.000015 0.000334
620000.000000 0.000224 0.000052 : 0.000126 0.000141 0.000407
625000.000000 0.000185 0.000030 : 0.000241 0.000102 0.000211
630000.000000 0.000249 0.000046 : 0.000321 0.000142 0.000284
635000.000000 0.000332 0.000062 : 0.000423 0.000191 0.000381
640000.000000 0.000366 0.000043 : 0.000414 0.000253 0.000431
645000.000000 0.000345 0.000052 : 0.000420 0.000210 0.000406
650000.000000 0.000396 0.000052 : 0.000453 0.000299 0.000435
655000.000000 0.000318 0.000051 : 0.000453 0.000052 0.000450
660000.000000 0.000257 0.000055 : 0.000481 -0.000133 0.000424
665000.000000 0.000207 0.000045 : 0.000407 -0.000024 0.000240
670000.000000 0.000151 0.000038 : 0.000455 -0.000226 0.000224
675000.000000 0.000135 0.000019 : 0.000329 -0.000058 0.000136
680000.000000 0.000198 0.000017 : 0.000356 0.000040 0.000199
685000.000000 0.000043 -0.000016 : 0.000255 -0.000144 0.000019
690000.000000 -0.000018 0.000001 : 0.000174 -0.000092 -0.000135
695000.000000 -0.000086 0.000001 : 0.000070 -0.000211 -0.000118
700000.000000 -0.000112 0.000007 : 0.000117 -0.000298 -0.000153
705000.000000 -0.000130 -0.000006 : 0.000051 -0.000272 -0.000167
710000.000000 -0.000161 -0.000013 : -0.000073 -0.000112 -0.000297
715000.000000 -0.000232 0.000012 : -0.000007 -0.000276 -0.000412
720000.000000 -0.000236 0.000006 : -0.000061 -0.000264 -0.000384
725000.000000 -0.000210 0.000017 : -0.000139 -0.000196 -0.000294
730000.000000 -0.000277 -0.000005 : -0.000267 -0.000250 -0.000314
735000.000000 -0.000271 -0.000010 : -0.000155 -0.000225 -0.000432
740000.000000 -0.000310 0.000002 : -0.000211 -0.000317 -0.000404
745000.000000 -0.000316 0.000018 : -0.000283 -0.000208 -0.000457
750000.000000 -0.000351 -0.000003 : -0.000255 -0.000347 -0.000452
755000.000000 -0.000350 -0.000005 : -0.000401 -0.000275 -0.000375
760000.000000 -0.000352 -0.000039 : -0.000330 -0.000204 -0.000521
765000.000000 -0.000324 -0.000020 : -0.000265 -0.000291 -0.000417
770000.000000 -0.000267 0.000001 : -0.000252 -0.000128 -0.000421
775000.000000 -0.000151 -0.000009 : 0.000051 0.000063 -0.000567
780000.000000 -0.000107 -0.000024 : 0.000180 0.000006 -0.000507
785000.000000 -0.000085 -0.000032 : 0.000223 -0.000060 -0.000418
790000.000000 0.000028 -0.000019 : 0.000437 0.000125 -0.000478
795000.000000 -0.000001 -0.000043 : 0.000325 0.000190 -0.000519
800000.000000 -0.000067 -0.000060 : 0.000315 0.000173 -0.000689
805000.000000 -0.000016 -0.000072 : 0.000208 0.000193 -0.000451
810000.000000 0.000114 -0.000060 : 0.000299 0.000382 -0.000338
815000.000000 0.000146 -0.000062 : 0.000326 0.000493 -0.000382
820000.000000 0.000141 -0.000054 : 0.000393 0.000356 -0.000326
825000.000000 0.000123 -0.000065 : 0.000550 0.000295 -0.000477
830000.000000 0.000074 -0.000090 : 0.000516 0.000176 -0.000471
835000.000000 0.000001 -0.000100 : 0.000412 0.000130 -0.000538
840000.000000 0.000054 -0.000103 : 0.000366 0.000279 -0.000484
845000.000000 0.000042 -0.000088 : 0.000361 0.000322 -0.000557
850000.000000 -0.000041 -0.000091 : 0.000290 0.000337 -0.000750
855000.000000 -0.000048 -0.000074 : 0.000285 0.000307 -0.000735
860000.000000 -0.000056 -0.000095 : 0.000273 0.000291 -0.000733
865000.000000 0.000017 -0.000065 : 0.000258 0.000429 -0.000635
870000.000000 0.000056 -0.000088 : 0.000320 0.000343 -0.000494
875000.000000 0.000041 -0.000088 : 0.000178 0.000308 -0.000365
880000.000000 0.000023 -0.000064 : 0.000039 0.000344 -0.000314
885000.000000 0.000074 -0.000072 : 0.000103 0.000389 -0.000271
890000.000000 0.000101 -0.000053 : 0.000090 0.000357 -0.000145
895000.000000 0.000116 -0.000036 : 0.000156 0.000351 -0.000157
900000.000000 0.000109 -0.000033 : 0.000365 0.000246 -0.000284
905000.000000 0.000119 -0.000030 : 0.000201 0.000254 -0.000099
910000.000000 0.000151 -0.000024 : 0.000396 0.000198 -0.000140
915000.000000 0.000189 -0.000021 : 0.000376 0.000270 -0.000078
920000.000000 0.000155 -0.000054 : 0.000393 0.000130 -0.000058
925000.000000 0.000174 -0.000066 : 0.000434 0.000172 -0.000082
930000.000000 0.000244 -0.000070 : 0.000485 0.000307 -0.000061
935000.000000 0.000263 -0.000098 : 0.000482 0.000317 -0.000009
940000.000000 0.000255 -0.000096 : 0.000535 0.000268 -0.000038
945000.000000 0.000288 -0.000126 : 0.000509 0.000353 0.000003
950000.000000 0.000227 -0.000111 : 0.000385 0.000389 -0.000093
955000.000000 0.000255 -0.000099 : 0.000449 0.000451 -0.000135
960000.000000 0.000347 -0.000083 : 0.000518 0.000639 -0.000115
965000.000000 0.000234 -0.000079 : 0.000299 0.000502 -0.000100
970000.000000 0.000196 -0.000052 : 0.000294 0.000279 0.000016
975000.000000 0.000214 -0.000034 : 0.000368 0.000260 0.000012
980000.000000 0.000083 -0.000047 : 0.000226 -0.000033 0.000056
985000.000000 0.000085 -0.000037 : 0.000201 0.000080 -0.000026
990000.000000 0.000077 -0.000013 : 0.000144 0.000157 -0.000069
995000.000000 0.000091 -0.000015 : 0.000137 -0.000019 0.000156
1000000.000000 0.000100 -0.000035 : 0.000089 0.000008 0.000204
